0.00	3.48
1.00	3.48
2.00	3.48
3.00	-2.11
4.00	1.62
5.00	-2.39
6.00	-4.26
7.00	-2.58
8.00	-9.11
9.00	-4.44
10.00	-1.94
11.00	4.32
12.00	-5.24
13.00	-0.22
14.00	-1.02
15.00	-11.14
16.00	-0.08
17.00	7.70
18.00	3.69
19.00	-7.76
20.00	0.84
21.00	6.43
22.00	-3.74
23.00	-0.30
24.00	-13.41
25.00	-8.84
26.00	1.19
27.00	-3.50
28.00	-9.29
29.00	-6.84
30.00	8.34
31.00	4.51
32.00	1.15
33.00	-3.85
34.00	2.11
35.00	-0.88
36.00	5.45
37.00	1.52
38.00	-11.22
39.00	-0.41
40.00	-4.79
41.00	5.49
42.00	-0.37
43.00	13.60
44.00	-0.30
45.00	-10.34
46.00	0.74
47.00	-1.00
48.00	-3.11
49.00	-1.43
50.00	-2.97
51.00	4.32
52.00	2.79
53.00	4.61
54.00	3.94
55.00	2.40
56.00	0.35
57.00	6.31
58.00	-7.47
59.00	-3.36
60.00	-0.59
61.00	1.60
62.00	3.81
63.00	-6.61
64.00	-6.02
65.00	8.65
66.00	-4.28
67.00	-4.15
68.00	-2.97
69.00	-1.78
70.00	3.79
71.00	1.09
72.00	3.48
73.00	6.15
74.00	-1.59
75.00	5.33
76.00	1.60
77.00	-9.38
78.00	-3.68
79.00	0.25
80.00	-15.36
81.00	-0.63
82.00	-3.17
83.00	-5.73
84.00	3.48
85.00	-6.76
86.00	4.63
87.00	3.42
88.00	6.19
89.00	-1.10
90.00	-4.58
91.00	-2.15
92.00	7.74
93.00	-0.14
94.00	2.97
95.00	-1.27
96.00	6.23
97.00	-0.86
98.00	9.06
99.00	10.49
100.00	14.15
101.00	34.70
102.00	50.55
103.00	127.63
104.00	167.63
105.00	299.25
106.00	341.67
107.00	531.23
108.00	538.19
109.00	746.20
110.00	770.51
111.00	982.35
112.00	924.13
113.00	1185.41
114.00	1151.99
115.00	1324.81
116.00	1210.45
117.00	1443.02
118.00	1368.52
119.00	1481.30
120.00	1300.46
121.00	1508.35
122.00	1280.97
123.00	1469.58
124.00	1226.35
125.00	1290.18
126.00	1068.47
127.00	1152.60
128.00	854.29
129.00	702.64
130.00	384.06
131.00	209.20
132.00	69.49
133.00	33.14
134.00	16.49
135.00	14.24
136.00	3.32
137.00	11.74
138.00	5.08
139.00	1.25
140.00	3.94
141.00	4.67
142.00	5.08
143.00	4.26
144.00	1.38
145.00	9.98
146.00	-0.08
147.00	2.64
148.00	3.30
149.00	-0.20
150.00	-2.25
151.00	5.29
152.00	-12.08
153.00	7.29
154.00	5.59
155.00	-3.27
156.00	0.04
157.00	-2.21
158.00	-4.20
159.00	2.73
160.00	4.00
161.00	-1.41
162.00	8.01
163.00	-2.48
164.00	1.76
165.00	-0.82
166.00	2.73
167.00	-0.82
168.00	-4.69
169.00	-2.84
170.00	-1.66
171.00	4.73
172.00	-10.48
173.00	2.69
174.00	3.61
175.00	1.66
176.00	-1.82
177.00	10.65
178.00	0.19
179.00	-2.70
180.00	10.18
181.00	3.67
182.00	0.82
183.00	0.88
184.00	2.17
185.00	-8.58
186.00	0.21
187.00	-5.40
188.00	-10.15
189.00	1.29
190.00	7.38
191.00	1.72
192.00	3.63
193.00	-5.30
194.00	-4.24
195.00	1.87
196.00	-1.21
197.00	-1.37
198.00	-2.68
199.00	0.13
200.00	1.62
201.00	-0.30
202.00	0.97
203.00	2.83
204.00	2.60
205.00	1.50
206.00	-8.21
207.00	-0.47
208.00	-1.10
209.00	1.13
210.00	-2.04
211.00	-1.00
212.00	-4.48
213.00	8.54
214.00	1.35
215.00	-3.83
216.00	-4.28
217.00	-5.75
218.00	2.38
219.00	13.07
220.00	0.27
221.00	3.55
222.00	-4.54
223.00	-2.50
224.00	9.49
225.00	-7.08
226.00	4.32
227.00	-2.72
228.00	-4.11
229.00	4.37
230.00	3.57
231.00	5.88
232.00	5.90
233.00	-1.35
234.00	-1.16
235.00	6.84
236.00	-8.64
237.00	9.34
238.00	2.54
239.00	-5.01
240.00	-4.50
241.00	3.07
242.00	-9.13
243.00	5.31
244.00	-1.37
245.00	-5.44
246.00	0.78
247.00	8.48
248.00	-0.22
249.00	0.80
250.00	2.64
251.00	-2.37
252.00	6.70
253.00	1.87
254.00	-0.02
255.00	7.50
256.00	7.54
257.00	0.92
258.00	-6.22
259.00	5.61
260.00	5.82
261.00	-6.12
262.00	8.54
263.00	-5.14
264.00	-0.02
265.00	7.11
266.00	3.75
267.00	7.36
268.00	-4.63
269.00	10.37
270.00	-4.44
271.00	6.82
272.00	1.13
273.00	-2.95
274.00	14.56
275.00	3.40
276.00	5.47
277.00	3.77
278.00	6.33
279.00	11.49
280.00	15.67
281.00	20.75
282.00	45.78
283.00	96.26
284.00	182.97
285.00	428.58
286.00	564.79
287.00	900.45
288.00	1012.78
289.00	1658.35
290.00	1550.68
291.00	1656.93
292.00	1734.12
293.00	1917.78
294.00	2108.41
295.00	2371.33
296.00	2190.22
297.00	2596.19
298.00	2351.40
299.00	2798.78
300.00	2616.49
301.00	3050.04
302.00	2800.93
303.00	2928.41
304.00	2965.03
305.00	3061.76
306.00	2638.97
307.00	2745.92
308.00	2373.84
309.00	2527.73
310.00	2286.62
311.00	2036.36
312.00	1494.47
313.00	1115.06
314.00	391.33
315.00	118.83
316.00	36.07
317.00	16.00
318.00	12.37
319.00	14.17
320.00	20.81
321.00	10.65
322.00	11.39
323.00	12.52
324.00	16.51
325.00	9.98
326.00	19.50
327.00	6.99
328.00	-2.39
329.00	3.40
330.00	2.24
331.00	4.02
332.00	-7.41
333.00	3.53
334.00	-0.67
335.00	1.03
336.00	2.01
337.00	5.86
338.00	10.80
339.00	-4.54
340.00	-0.94
341.00	2.91
342.00	2.24
343.00	3.26
344.00	7.64
345.00	-2.80
346.00	4.00
347.00	0.80
348.00	4.30
349.00	2.54
350.00	0.58
351.00	-5.28
352.00	14.93
353.00	-1.00
354.00	-2.11
355.00	1.97
356.00	-0.20
357.00	-6.06
358.00	2.24
359.00	10.16
360.00	3.98
361.00	-1.76
362.00	1.66
363.00	-4.15
364.00	2.32
365.00	2.73
366.00	-3.64
367.00	0.74
368.00	2.50
369.00	-1.06
370.00	5.78
371.00	0.78
372.00	1.56
373.00	5.68
374.00	0.54
375.00	-3.99
376.00	10.71
377.00	3.89
378.00	6.13
379.00	0.74
380.00	2.99
381.00	-2.27
382.00	-1.33
383.00	7.58
384.00	11.29
385.00	5.02
386.00	-1.25
387.00	0.62
388.00	4.49
389.00	6.37
390.00	-0.26
391.00	-0.41
392.00	-0.26
393.00	-0.92
394.00	6.25
395.00	5.02
396.00	-4.20
397.00	6.37
398.00	-1.08
399.00	-3.21
400.00	-10.20
401.00	-7.39
402.00	-0.51
403.00	1.97
404.00	2.71
405.00	-3.36
406.00	4.16
407.00	-5.28
408.00	-5.06
409.00	10.49
410.00	5.63
411.00	4.80
412.00	5.43
413.00	1.62
414.00	5.84
415.00	9.98
416.00	4.16
417.00	6.41
418.00	-6.30
419.00	8.89
420.00	1.35
421.00	1.35
422.00	15.73
423.00	9.44
424.00	22.76
425.00	65.80
426.00	190.98
427.00	704.20
428.00	1887.84
429.00	3369.53
430.00	4093.18
431.00	5839.17
432.00	6635.73
433.00	8652.36
434.00	8113.71
435.00	9623.59
436.00	9251.78
437.00	10841.11
438.00	10251.01
439.00	10784.42
440.00	11263.97
441.00	11796.92
442.00	12411.14
443.00	12079.33
444.00	11989.10
445.00	13389.03
446.00	12791.31
447.00	12834.56
448.00	12283.21
449.00	12506.62
450.00	11520.54
451.00	11804.15
452.00	10884.75
453.00	12093.32
454.00	11247.86
455.00	10967.47
456.00	10035.21
457.00	10073.63
458.00	7509.31
459.00	4966.29
460.00	1971.03
461.00	741.80
462.00	81.27
463.00	26.75
464.00	3.26
465.00	11.76
466.00	2.28
467.00	-0.39
468.00	9.24
469.00	9.71
470.00	20.52
471.00	4.92
472.00	5.94
473.00	2.93
474.00	12.09
475.00	-0.39
476.00	1.83
477.00	-2.60
478.00	6.19
479.00	-2.19
480.00	5.29
481.00	0.15
482.00	12.39
483.00	-5.85
484.00	-0.82
485.00	-2.41
486.00	6.47
487.00	0.90
488.00	4.96
489.00	4.08
490.00	3.07
491.00	-3.77
492.00	8.75
493.00	6.86
494.00	12.19
495.00	-1.39
496.00	2.40
497.00	-9.17
498.00	4.24
499.00	-2.23
500.00	2.19
501.00	-1.27
502.00	5.49
503.00	-5.18
504.00	-7.35
505.00	0.97
506.00	7.48
507.00	1.21
508.00	0.06
509.00	2.46
510.00	4.37
511.00	-0.08
512.00	-0.65
513.00	6.56
514.00	4.67
515.00	5.27
516.00	-1.25
517.00	1.11
518.00	3.36
519.00	5.47
520.00	4.10
521.00	5.88
522.00	7.21
523.00	-1.31
524.00	-2.33
525.00	3.36
526.00	-0.73
527.00	-0.84
528.00	8.15
529.00	12.88
530.00	-1.45
531.00	-0.08
532.00	-7.88
533.00	0.80
534.00	11.82
535.00	4.14
536.00	-1.90
537.00	3.65
538.00	0.92
539.00	-2.41
540.00	6.72
541.00	2.89
542.00	5.18
543.00	11.02
544.00	-0.30
545.00	2.09
546.00	1.19
547.00	0.06
548.00	2.73
549.00	2.95
550.00	-4.50
551.00	15.79
552.00	8.09
553.00	1.85
554.00	6.33
555.00	-7.62
556.00	4.75
557.00	3.75
558.00	-5.04
559.00	-1.31
560.00	4.45
561.00	-8.21
562.00	1.15
563.00	2.03
564.00	5.88
565.00	2.46
566.00	7.54
567.00	9.14
568.00	-1.51
569.00	2.69
570.00	5.45
571.00	0.11
572.00	-1.00
573.00	-1.16
574.00	9.87
575.00	7.17
576.00	14.50
577.00	6.41
578.00	6.72
579.00	6.15
580.00	3.01
581.00	-9.87
582.00	4.41
583.00	-1.04
584.00	2.69
585.00	-6.41
586.00	0.17
587.00	5.27
588.00	2.93
589.00	2.38
590.00	-0.02
591.00	1.15
592.00	4.43
593.00	-0.41
594.00	5.06
595.00	-4.20
596.00	-3.72
597.00	3.91
598.00	10.08
599.00	-11.30
600.00	-3.99
601.00	6.33
602.00	-1.74
603.00	4.14
604.00	-0.26
605.00	-0.16
606.00	-13.17
607.00	7.23
608.00	8.79
609.00	-3.91
610.00	3.28
611.00	0.58
612.00	3.48
613.00	3.65
614.00	1.66
615.00	-2.66
616.00	-1.12
617.00	1.33
618.00	-1.33
619.00	-2.39
620.00	3.24
621.00	1.01
622.00	6.04
623.00	1.78
624.00	2.24
625.00	5.45
626.00	2.40
627.00	1.91
628.00	-1.66
629.00	1.09
630.00	4.04
631.00	-1.74
632.00	0.47
633.00	-0.12
634.00	3.30
635.00	1.09
636.00	1.27
637.00	5.92
638.00	0.06
639.00	-0.08
640.00	-0.28
641.00	1.95
642.00	-4.56
643.00	0.58
644.00	-0.96
645.00	-3.25
646.00	0.23
647.00	-1.92
648.00	-1.23
649.00	-8.86
650.00	-2.15
651.00	6.72
652.00	-1.00
653.00	-2.50
654.00	4.04
655.00	0.47
656.00	3.53
657.00	-5.67
658.00	1.25
659.00	7.74
660.00	4.77
661.00	-4.15
662.00	6.99
663.00	-9.99
664.00	-2.21
665.00	3.26
666.00	1.48
667.00	-1.49
668.00	2.73
669.00	0.76
670.00	5.04
671.00	7.91
672.00	10.26
673.00	4.43
674.00	10.04
675.00	3.75
676.00	0.97
677.00	-0.90
678.00	-0.88
679.00	6.76
680.00	5.25
681.00	5.72
682.00	-1.27
683.00	-6.90
684.00	0.95
685.00	10.18
686.00	-2.82
687.00	1.21
688.00	-1.43
689.00	2.64
690.00	-6.76
691.00	-7.23
692.00	10.16
693.00	-1.76
694.00	6.21
695.00	11.45
696.00	5.57
697.00	-7.31
698.00	5.20
699.00	4.73
700.00	13.87
701.00	10.39
702.00	2.71
703.00	3.14
704.00	-0.30
705.00	2.17
706.00	10.55
707.00	1.56
708.00	5.10
709.00	9.96
710.00	11.57
711.00	13.36
712.00	0.02
713.00	-2.60
714.00	8.38
715.00	3.71
716.00	-0.02
717.00	7.40
718.00	-0.84
719.00	4.88
720.00	4.92
721.00	4.32
722.00	-1.66
723.00	-2.84
724.00	5.29
725.00	4.02
726.00	-1.78
727.00	-2.43
728.00	4.86
729.00	6.02
730.00	2.03
731.00	-2.41
732.00	1.78
733.00	-1.47
734.00	4.04
735.00	-1.21
736.00	-7.21
737.00	6.68
738.00	-0.71
739.00	-6.41
740.00	-2.29
741.00	-0.65
742.00	-5.47
743.00	0.62
744.00	1.68
745.00	-3.93
746.00	-8.15
747.00	-1.16
748.00	7.15
749.00	-1.29
750.00	5.55
751.00	3.20
752.00	-5.63
753.00	-3.79
754.00	3.85
755.00	2.60
756.00	-0.88
757.00	-1.08
758.00	3.94
759.00	2.58
760.00	10.55
761.00	3.57
762.00	-2.74
763.00	-5.69
764.00	4.32
765.00	1.05
766.00	-5.12
767.00	1.93
768.00	5.57
769.00	3.44
770.00	1.35
771.00	8.87
772.00	12.37
773.00	2.85
774.00	-8.48
775.00	8.67
776.00	4.06
777.00	6.25
778.00	2.89
779.00	-4.11
780.00	4.37
781.00	5.35
782.00	-7.90
783.00	1.66
784.00	6.50
785.00	12.29
786.00	-1.80
787.00	6.52
788.00	1.11
789.00	1.58
790.00	-1.33
791.00	2.93
792.00	-1.80
793.00	1.72
794.00	4.00
795.00	-4.36
796.00	8.09
797.00	-2.04
798.00	-1.16
799.00	-1.59
800.00	3.65
801.00	-0.37
802.00	1.11
803.00	-3.87
804.00	-9.85
805.00	3.55
806.00	1.54
807.00	0.31
808.00	-8.39
809.00	-5.26
810.00	-1.29
811.00	-1.61
812.00	4.37
813.00	4.63
814.00	4.32
815.00	10.45
816.00	-0.47
817.00	3.38
818.00	2.83
819.00	5.92
820.00	4.92
821.00	6.04
822.00	7.03
823.00	2.50
824.00	-3.29
825.00	6.19
826.00	-5.69
827.00	9.89
828.00	-2.07
829.00	-4.46
830.00	3.01
831.00	1.89
832.00	-0.98
833.00	-1.25
834.00	-1.84
835.00	6.72
836.00	-4.46
837.00	2.62
838.00	2.05
839.00	3.67
840.00	0.56
841.00	11.02
842.00	1.23
843.00	-0.43
844.00	-6.53
845.00	9.32
846.00	6.43
847.00	-3.42
848.00	-0.14
849.00	-7.82
850.00	6.78
851.00	2.42
852.00	-11.73
853.00	7.70
854.00	-4.38
855.00	-5.24
856.00	4.34
857.00	3.10
858.00	9.40
859.00	2.46
860.00	1.48
861.00	7.46
862.00	-2.72
863.00	-2.78
864.00	2.17
865.00	-1.66
866.00	6.04
867.00	0.78
868.00	-4.99
869.00	2.11
870.00	7.46
871.00	3.12
872.00	9.61
873.00	3.40
874.00	-8.21
875.00	15.18
876.00	6.86
877.00	11.51
878.00	3.79
879.00	5.27
880.00	7.58
881.00	10.10
882.00	-1.12
883.00	-3.66
884.00	0.11
885.00	-4.93
886.00	2.01
887.00	-1.53
888.00	-0.49
889.00	1.21
890.00	6.72
891.00	5.02
892.00	-0.98
893.00	0.13
894.00	5.86
895.00	0.66
896.00	-4.44
897.00	9.32
898.00	-0.02
899.00	4.20
900.00	6.15
901.00	-3.42
902.00	-4.26
903.00	-3.09
904.00	2.73
905.00	-1.64
906.00	-0.26
907.00	8.99
908.00	-5.94
909.00	4.71
910.00	4.82
911.00	8.40
912.00	-0.08
913.00	-4.34
914.00	8.46
915.00	3.71
916.00	-3.64
917.00	-3.54
918.00	-0.14
919.00	3.63
920.00	0.13
921.00	11.04
922.00	-1.57
923.00	7.01
924.00	1.72
925.00	-2.31
926.00	9.40
927.00	1.13
928.00	-2.13
929.00	-4.67
930.00	7.68
931.00	2.17
932.00	0.35
933.00	1.46
934.00	4.84
935.00	9.26
936.00	-1.70
937.00	7.54
938.00	0.97
939.00	9.98
940.00	-0.92
941.00	2.67
942.00	8.52
943.00	14.65
944.00	-0.12
945.00	3.81
946.00	0.49
947.00	7.25
948.00	23.49
949.00	12.88
950.00	80.90
951.00	889.05
952.00	2647.29
953.00	6000.02
954.00	9378.41
955.00	13993.43
956.00	18122.68
957.00	22329.70
958.00	25829.54
959.00	29230.89
960.00	32126.35
961.00	34780.78
962.00	36967.03
963.00	38563.13
964.00	39694.12
965.00	41291.82
966.00	42408.34
967.00	43927.44
968.00	44550.18
969.00	45135.04
970.00	45289.32
971.00	45980.61
972.00	45552.26
973.00	45528.79
974.00	45294.11
975.00	44755.74
976.00	43781.19
977.00	42874.97
978.00	41622.26
979.00	40659.78
980.00	39304.29
981.00	39057.72
982.00	38085.55
983.00	36525.28
984.00	34060.67
985.00	29590.45
986.00	22465.75
987.00	15882.43
988.00	10659.19
989.00	6824.90
990.00	3399.41
991.00	1484.49
992.00	285.02
993.00	92.47
994.00	41.39
995.00	37.09
996.00	38.73
997.00	21.61
998.00	20.73
999.00	14.17
1000.00	17.64
1001.00	16.73
1002.00	21.83
1003.00	11.49
1004.00	12.25
1005.00	13.40
1006.00	6.09
1007.00	9.57
1008.00	10.88
1009.00	9.79
1010.00	11.29
1011.00	8.50
1012.00	12.07
1013.00	4.28
1014.00	3.44
1015.00	17.06
1016.00	2.99
1017.00	7.85
1018.00	2.81
1019.00	-4.81
1020.00	1.03
1021.00	-2.09
1022.00	4.08
1023.00	4.67
1024.00	9.44
1025.00	-4.81
1026.00	10.80
1027.00	0.08
1028.00	13.34
1029.00	4.88
1030.00	-2.48
1031.00	7.09
1032.00	4.08
1033.00	6.09
1034.00	6.93
1035.00	11.33
1036.00	1.17
1037.00	3.30
1038.00	10.63
1039.00	5.02
1040.00	-0.08
1041.00	12.09
1042.00	9.98
1043.00	0.11
1044.00	2.28
1045.00	3.12
1046.00	-9.03
1047.00	1.15
1048.00	12.13
1049.00	15.30
1050.00	0.88
1051.00	14.40
1052.00	-3.11
1053.00	-6.12
1054.00	2.64
1055.00	6.70
1056.00	-1.00
1057.00	15.32
1058.00	5.96
1059.00	2.30
1060.00	11.02
1061.00	3.89
1062.00	-4.40
1063.00	3.30
1064.00	-6.18
1065.00	5.63
1066.00	6.37
1067.00	6.58
1068.00	0.90
1069.00	3.79
1070.00	16.35
1071.00	4.98
1072.00	-3.83
1073.00	4.08
1074.00	6.50
1075.00	11.66
1076.00	4.61
1077.00	3.83
1078.00	0.27
1079.00	-3.60
1080.00	2.95
1081.00	7.62
1082.00	-1.02
1083.00	6.99
1084.00	-1.08
1085.00	3.69
1086.00	11.94
1087.00	-4.69
1088.00	-2.31
1089.00	2.85
1090.00	2.34
1091.00	-3.15
1092.00	-1.68
1093.00	-2.88
1094.00	12.43
1095.00	6.68
1096.00	11.33
1097.00	7.17
1098.00	12.45
1099.00	9.08
1100.00	1.05
1101.00	-0.16
1102.00	23.94
1103.00	60.05
1104.00	134.70
1105.00	493.83
1106.00	922.80
1107.00	1931.24
1108.00	2407.82
1109.00	3402.48
1110.00	3823.79
1111.00	4779.27
1112.00	5204.16
1113.00	6284.97
1114.00	6831.68
1115.00	8148.87
1116.00	8915.61
1117.00	10175.01
1118.00	11164.30
1119.00	12106.55
1120.00	12600.97
1121.00	13498.45
1122.00	13919.23
1123.00	14614.55
1124.00	14564.34
1125.00	14967.44
1126.00	14986.42
1127.00	15167.46
1128.00	14855.97
1129.00	15073.48
1130.00	14638.35
1131.00	14943.13
1132.00	14397.90
1133.00	14576.07
1134.00	14013.19
1135.00	13646.29
1136.00	12445.90
1137.00	11484.21
1138.00	9732.52
1139.00	8713.88
1140.00	7481.64
1141.00	7177.11
1142.00	6329.27
1143.00	6147.17
1144.00	5445.70
1145.00	5249.15
1146.00	4158.98
1147.00	3223.87
1148.00	1604.14
1149.00	872.48
1150.00	282.79
1151.00	141.23
1152.00	50.01
1153.00	27.92
1154.00	24.50
1155.00	21.34
1156.00	2.09
1157.00	15.59
1158.00	12.15
1159.00	9.22
1160.00	10.88
1161.00	8.91
1162.00	4.12
1163.00	3.75
1164.00	-2.09
1165.00	9.51
1166.00	9.26
1167.00	10.53
1168.00	10.57
1169.00	14.89
1170.00	3.07
1171.00	0.56
1172.00	0.23
1173.00	4.16
1174.00	10.80
1175.00	21.73
1176.00	9.30
1177.00	7.68
1178.00	8.09
1179.00	1.23
1180.00	0.06
1181.00	12.95
1182.00	20.40
1183.00	4.82
1184.00	-0.88
1185.00	9.89
1186.00	9.01
1187.00	3.77
1188.00	3.34
1189.00	6.47
1190.00	0.54
1191.00	2.42
1192.00	7.87
1193.00	-6.65
1194.00	0.84
1195.00	-1.00
1196.00	7.19
1197.00	-2.78
1198.00	18.33
1199.00	3.16
1200.00	10.47
1201.00	3.53
1202.00	6.80
1203.00	11.70
1204.00	-6.59
1205.00	4.32
1206.00	10.45
1207.00	-5.06
1208.00	14.44
1209.00	3.53
1210.00	4.77
1211.00	-0.57
1212.00	10.06
1213.00	-5.61
1214.00	-1.59
1215.00	9.71
1216.00	3.89
1217.00	4.59
1218.00	-5.55
1219.00	7.15
1220.00	-0.32
1221.00	14.32
1222.00	6.78
1223.00	-5.85
1224.00	4.98
1225.00	-0.04
1226.00	9.94
1227.00	-3.62
1228.00	2.13
1229.00	-5.10
1230.00	-1.06
1231.00	2.52
1232.00	-8.07
1233.00	5.39
1234.00	-3.66
1235.00	2.44
1236.00	1.95
1237.00	4.88
1238.00	5.47
1239.00	-3.62
1240.00	-0.37
1241.00	8.19
1242.00	-2.13
1243.00	-7.45
1244.00	6.41
1245.00	-5.36
1246.00	1.13
1247.00	-3.42
1248.00	2.99
1249.00	9.32
1250.00	0.76
1251.00	3.81
1252.00	-3.48
1253.00	-1.27
1254.00	3.36
1255.00	-8.31
1256.00	5.98
1257.00	0.15
1258.00	0.64
1259.00	3.44
1260.00	6.62
1261.00	-4.58
1262.00	-2.15
1263.00	5.23
1264.00	5.66
1265.00	-3.01
1266.00	13.62
1267.00	-2.70
1268.00	-0.78
1269.00	-5.65
1270.00	-0.35
1271.00	-2.07
1272.00	1.03
1273.00	4.47
1274.00	-5.73
1275.00	0.99
1276.00	0.06
1277.00	3.44
1278.00	9.40
1279.00	0.80
1280.00	2.40
1281.00	3.48
1282.00	7.56
1283.00	4.30
1284.00	-0.49
1285.00	1.66
1286.00	2.81
1287.00	3.01
1288.00	-2.21
1289.00	10.55
1290.00	8.30
1291.00	-6.59
1292.00	-5.61
1293.00	8.75
1294.00	-1.90
1295.00	-3.21
1296.00	-2.88
1297.00	-2.29
1298.00	-4.71
1299.00	-1.68
1300.00	3.34
1301.00	2.21
1302.00	-2.13
1303.00	5.06
1304.00	5.53
1305.00	-1.80
1306.00	6.62
1307.00	7.70
1308.00	8.99
1309.00	-4.24
1310.00	4.82
1311.00	2.28
1312.00	7.56
1313.00	-2.78
1314.00	-0.63
1315.00	2.44
1316.00	3.36
1317.00	3.38
1318.00	7.81
1319.00	-0.47
1320.00	12.82
1321.00	4.41
1322.00	3.63
1323.00	4.98
1324.00	-0.59
1325.00	4.18
1326.00	-2.66
1327.00	3.83
1328.00	3.89
1329.00	1.01
1330.00	-4.30
1331.00	7.52
1332.00	-6.12
1333.00	-9.81
1334.00	-4.65
1335.00	6.68
1336.00	-5.04
1337.00	7.68
1338.00	8.93
1339.00	9.22
1340.00	6.29
1341.00	-0.47
1342.00	-4.63
1343.00	-2.02
1344.00	7.50
1345.00	-0.73
1346.00	2.01
1347.00	-2.31
1348.00	5.47
1349.00	5.80
1350.00	-4.22
1351.00	4.04
1352.00	3.87
1353.00	3.75
1354.00	-7.96
1355.00	0.04
1356.00	9.77
1357.00	8.40
1358.00	-2.68
1359.00	-0.16
1360.00	7.79
1361.00	-3.46
1362.00	11.02
1363.00	2.48
1364.00	-3.07
1365.00	1.50
1366.00	-2.48
1367.00	0.56
1368.00	5.14
1369.00	-5.51
1370.00	-1.04
1371.00	7.29
1372.00	-2.09
1373.00	-4.34
1374.00	-1.06
1375.00	14.20
1376.00	0.41
1377.00	-0.08
1378.00	-6.12
1379.00	1.68
1380.00	6.33
1381.00	-1.31
1382.00	-1.25
1383.00	1.68
1384.00	6.23
1385.00	5.74
1386.00	-0.65
1387.00	-2.60
1388.00	-0.37
1389.00	1.03
1390.00	2.71
1391.00	8.71
1392.00	5.84
1393.00	-4.22
1394.00	3.16
1395.00	7.05
1396.00	5.23
1397.00	-1.12
1398.00	1.11
1399.00	1.44
1400.00	1.81
1401.00	4.88
1402.00	2.75
1403.00	-4.26
1404.00	-2.76
1405.00	-4.48
1406.00	-0.26
1407.00	6.17
1408.00	8.62
1409.00	-5.53
1410.00	4.88
1411.00	1.58
1412.00	-1.08
1413.00	3.01
1414.00	-1.74
1415.00	0.78
1416.00	5.74
1417.00	-1.64
1418.00	7.83
1419.00	2.56
1420.00	3.71
1421.00	-0.49
1422.00	-0.39
1423.00	3.12
1424.00	1.03
1425.00	-1.12
1426.00	-1.31
1427.00	-7.06
1428.00	9.24
1429.00	4.53
1430.00	-6.82
1431.00	-7.76
1432.00	-4.87
1433.00	-0.88
1434.00	9.20
1435.00	3.01
1436.00	2.93
1437.00	0.04
1438.00	-3.70
1439.00	6.78
1440.00	-4.22
1441.00	8.58
1442.00	-3.66
1443.00	6.68
1444.00	4.63
1445.00	-5.34
1446.00	-8.17
1447.00	-4.71
1448.00	-4.63
1449.00	-0.92
1450.00	-1.25
1451.00	-5.57
1452.00	-5.73
1453.00	5.55
1454.00	2.24
1455.00	-1.31
1456.00	3.34
1457.00	4.71
1458.00	2.97
1459.00	-2.09
1460.00	-0.86
1461.00	5.39
1462.00	2.28
1463.00	5.66
1464.00	3.42
1465.00	8.38
1466.00	-4.89
1467.00	2.69
1468.00	-3.34
1469.00	-2.82
1470.00	2.54
1471.00	-5.85
1472.00	5.20
1473.00	3.22
1474.00	-7.27
1475.00	-1.10
1476.00	6.86
1477.00	-7.64
1478.00	0.51
1479.00	5.23
1480.00	9.22
1481.00	-0.57
1482.00	6.64
1483.00	-3.66
1484.00	3.26
1485.00	2.01
1486.00	5.70
1487.00	2.58
1488.00	-5.26
1489.00	-2.76
1490.00	-7.00
1491.00	5.92
1492.00	1.95
1493.00	9.34
1494.00	-4.40
1495.00	1.27
1496.00	2.46
1497.00	0.29
1498.00	2.26
1499.00	-5.26
1500.00	3.55
1501.00	6.15
1502.00	7.15
1503.00	-3.64
1504.00	2.01
1505.00	4.90
1506.00	16.43
1507.00	4.59
1508.00	0.29
1509.00	-3.44
1510.00	6.80
1511.00	7.19
1512.00	-3.15
1513.00	-4.46
1514.00	-10.97
1515.00	2.32
1516.00	9.92
1517.00	-5.49
1518.00	-1.02
1519.00	6.04
1520.00	1.70
1521.00	-9.29
1522.00	1.91
1523.00	-8.89
1524.00	7.85
1525.00	-1.43
1526.00	5.29
1527.00	-10.15
1528.00	4.75
1529.00	4.26
1530.00	11.31
1531.00	8.71
1532.00	-4.73
1533.00	2.13
1534.00	6.45
1535.00	5.33
1536.00	-6.26
1537.00	0.88
1538.00	2.67
1539.00	5.00
1540.00	-3.42
1541.00	0.15
1542.00	6.33
1543.00	-6.57
1544.00	4.04
1545.00	12.93
1546.00	9.73
1547.00	-1.45
1548.00	10.86
1549.00	5.14
1550.00	-4.05
1551.00	-11.85
1552.00	-4.67
1553.00	7.70
1554.00	3.40
1555.00	-11.40
1556.00	-5.26
1557.00	8.58
1558.00	7.27
1559.00	0.64
1560.00	-4.36
1561.00	4.49
1562.00	7.29
1563.00	3.24
1564.00	0.19
1565.00	-3.72
1566.00	-2.68
1567.00	-4.36
1568.00	1.48
1569.00	6.97
1570.00	1.11
1571.00	3.89
1572.00	5.08
1573.00	7.38
1574.00	4.59
1575.00	3.85
1576.00	5.68
1577.00	0.45
1578.00	0.95
1579.00	11.51
1580.00	-0.51
1581.00	-5.22
1582.00	2.24
1583.00	-1.88
1584.00	7.76
1585.00	0.35
1586.00	-0.35
1587.00	10.59
1588.00	0.97
1589.00	-2.99
1590.00	4.77
1591.00	1.64
1592.00	-1.45
1593.00	-6.04
1594.00	0.68
1595.00	5.45
1596.00	5.04
1597.00	10.78
1598.00	3.57
1599.00	-7.27
1600.00	6.74
1601.00	9.85
1602.00	-1.43
1603.00	-2.62
1604.00	6.33
1605.00	-7.08
1606.00	-4.89
1607.00	1.66
1608.00	-1.76
1609.00	8.79
1610.00	2.48
1611.00	7.19
1612.00	-7.16
1613.00	-13.80
1614.00	4.51
1615.00	0.54
1616.00	2.60
1617.00	4.75
1618.00	-2.23
1619.00	7.17
1620.00	-1.90
1621.00	-0.63
1622.00	0.06
1623.00	0.06
1624.00	0.99
1625.00	6.00
1626.00	-0.08
1627.00	-0.37
1628.00	0.29
1629.00	1.58
1630.00	-3.09
1631.00	9.16
1632.00	7.54
1633.00	4.37
1634.00	-0.78
1635.00	4.82
1636.00	6.80
1637.00	-6.45
1638.00	4.12
1639.00	-3.91
1640.00	-2.91
1641.00	2.36
1642.00	-2.11
1643.00	3.65
1644.00	2.17
1645.00	-3.99
1646.00	-3.17
1647.00	-3.52
1648.00	0.92
1649.00	0.95
1650.00	-0.55
1651.00	-0.35
1652.00	-1.06
1653.00	0.17
1654.00	0.37
1655.00	8.07
1656.00	-0.24
1657.00	-2.62
1658.00	4.28
1659.00	3.61
1660.00	5.49
1661.00	-2.11
1662.00	-4.38
1663.00	-2.07
1664.00	-3.25
1665.00	-3.15
1666.00	-0.04
1667.00	-0.49
1668.00	0.95
1669.00	-0.65
1670.00	-1.72
1671.00	-5.81
1672.00	13.34
1673.00	-2.62
1674.00	10.35
1675.00	5.49
1676.00	-0.51
1677.00	8.11
1678.00	3.73
1679.00	3.01
1680.00	2.07
1681.00	8.95
1682.00	5.78
1683.00	-5.73
1684.00	12.84
1685.00	1.76
1686.00	-4.56
1687.00	-2.23
1688.00	5.04
1689.00	9.40
1690.00	1.97
1691.00	14.17
1692.00	-8.74
1693.00	-2.17
1694.00	9.30
1695.00	-1.53
1696.00	11.57
1697.00	-0.96
1698.00	2.71
1699.00	3.79
1700.00	3.91
1701.00	-0.47
1702.00	-4.36
1703.00	7.42
1704.00	7.25
1705.00	1.19
1706.00	18.60
1707.00	15.59
1708.00	40.88
1709.00	38.18
1710.00	40.43
1711.00	64.45
1712.00	58.68
1713.00	87.80
1714.00	81.76
1715.00	108.01
1716.00	101.09
1717.00	135.54
1718.00	113.60
1719.00	139.14
1720.00	117.70
1721.00	170.52
1722.00	115.98
1723.00	171.75
1724.00	132.20
1725.00	162.84
1726.00	123.02
1727.00	154.48
1728.00	115.22
1729.00	131.46
1730.00	93.51
1731.00	106.01
1732.00	79.34
1733.00	94.68
1734.00	80.32
1735.00	71.97
1736.00	55.13
1737.00	61.07
1738.00	41.39
1739.00	36.27
1740.00	13.31
1741.00	13.60
1742.00	7.01
1743.00	7.13
1744.00	-1.57
1745.00	9.67
1746.00	-1.16
1747.00	-3.40
1748.00	-0.82
1749.00	3.24
1750.00	3.87
1751.00	-5.04
1752.00	11.45
1753.00	-4.85
1754.00	4.59
1755.00	9.92
1756.00	4.80
1757.00	1.03
1758.00	2.95
1759.00	-3.01
1760.00	7.72
1761.00	4.84
1762.00	-3.62
1763.00	5.82
1764.00	7.58
1765.00	8.28
1766.00	10.78
1767.00	8.91
1768.00	10.55
1769.00	13.99
1770.00	6.84
1771.00	17.21
1772.00	13.77
1773.00	13.74
1774.00	14.38
1775.00	12.88
1776.00	20.40
1777.00	8.34
1778.00	12.62
1779.00	23.53
1780.00	12.07
1781.00	12.31
1782.00	11.80
1783.00	9.44
1784.00	9.08
1785.00	11.43
1786.00	16.20
1787.00	13.13
1788.00	5.55
1789.00	12.66
1790.00	14.93
1791.00	6.80
1792.00	9.32
1793.00	-2.74
1794.00	2.58
1795.00	6.62
1796.00	2.81
1797.00	4.65
1798.00	4.94
1799.00	-1.90
1800.00	-1.14
1801.00	1.76
1802.00	6.25
1803.00	2.62
1804.00	-0.26
1805.00	2.67
1806.00	1.83
1807.00	0.56
1808.00	8.93
1809.00	10.98
1810.00	2.24
1811.00	8.05
1812.00	-5.98
1813.00	10.45
1814.00	1.07
1815.00	5.00
1816.00	4.92
1817.00	0.66
1818.00	-1.27
1819.00	3.05
1820.00	-3.68
1821.00	-1.53
1822.00	-1.02
1823.00	-0.28
1824.00	8.40
1825.00	-1.08
1826.00	-4.77
1827.00	2.28
1828.00	-0.22
1829.00	-1.10
1830.00	-1.12
1831.00	-2.09
1832.00	-8.17
1833.00	-0.47
1834.00	-0.86
1835.00	5.72
1836.00	0.29
1837.00	-1.25
1838.00	-2.84
1839.00	1.56
1840.00	-8.31
1841.00	2.30
1842.00	-1.84
1843.00	-4.73
1844.00	3.24
1845.00	-0.78
1846.00	7.46
1847.00	-9.95
1848.00	1.31
1849.00	0.45
1850.00	0.80
1851.00	0.51
1852.00	-3.13
1853.00	-0.84
1854.00	-2.74
1855.00	4.47
1856.00	3.38
1857.00	-3.27
1858.00	8.30
1859.00	-7.19
1860.00	-4.89
1861.00	-3.13
1862.00	8.95
1863.00	-6.12
1864.00	3.44
1865.00	16.24
1866.00	0.92
1867.00	6.58
1868.00	13.25
1869.00	-5.08
1870.00	6.64
1871.00	-0.73
1872.00	7.33
1873.00	8.89
1874.00	12.11
1875.00	14.67
1876.00	14.60
1877.00	13.42
1878.00	8.26
1879.00	7.25
1880.00	15.67
1881.00	8.79
1882.00	3.32
1883.00	10.84
1884.00	4.55
1885.00	5.27
1886.00	2.99
1887.00	13.03
1888.00	13.03
1889.00	2.91
1890.00	0.97
1891.00	5.23
1892.00	12.23
1893.00	11.92
1894.00	11.55
1895.00	5.98
1896.00	8.22
1897.00	12.70
1898.00	-1.00
1899.00	2.07
1900.00	11.94
1901.00	4.41
1902.00	6.80
1903.00	3.01
1904.00	6.50
1905.00	-2.82
1906.00	-0.45
1907.00	-6.45
1908.00	6.90
1909.00	-11.77
1910.00	10.75
1911.00	10.75
1912.00	-3.27
1913.00	9.85
1914.00	-0.14
1915.00	-0.55
1916.00	1.58
1917.00	-8.91
1918.00	6.80
1919.00	6.90
1920.00	-1.18
1921.00	7.54
1922.00	6.23
1923.00	3.20
1924.00	8.32
1925.00	14.05
1926.00	18.93
1927.00	0.88
1928.00	13.81
1929.00	9.87
1930.00	12.05
1931.00	23.37
1932.00	23.35
1933.00	29.17
1934.00	17.06
1935.00	31.21
1936.00	23.62
1937.00	28.72
1938.00	30.52
1939.00	25.83
1940.00	30.39
1941.00	33.02
1942.00	26.63
1943.00	33.49
1944.00	37.81
1945.00	27.08
1946.00	32.83
1947.00	28.82
1948.00	24.64
1949.00	20.65
1950.00	27.69
1951.00	19.91
1952.00	19.01
1953.00	15.77
1954.00	12.58
1955.00	7.66
1956.00	16.41
1957.00	11.90
1958.00	12.54
1959.00	1.44
1960.00	10.49
1961.00	6.04
1962.00	0.97
1963.00	7.91
1964.00	4.18
1965.00	-7.55
1966.00	3.94
1967.00	-9.15
1968.00	-1.68
1969.00	-2.33
1970.00	1.81
1971.00	10.22
1972.00	5.53
1973.00	-3.62
1974.00	6.84
1975.00	-1.31
1976.00	0.97
1977.00	2.38
1978.00	0.29
1979.00	-7.86
1980.00	-1.39
1981.00	-8.70
1982.00	-1.84
1983.00	14.97
1984.00	0.39
1985.00	7.09
1986.00	12.23
1987.00	24.78
1988.00	44.22
1989.00	88.72
1990.00	114.59
1991.00	217.27
1992.00	233.18
1993.00	448.06
1994.00	408.06
1995.00	667.35
1996.00	618.92
1997.00	938.24
1998.00	822.41
1999.00	1186.68
2000.00	1034.86
2001.00	1347.94
2002.00	1162.12
2003.00	1478.94
2004.00	1207.08
2005.00	1550.36
2006.00	1265.52
2007.00	1562.97
2008.00	1267.63
2009.00	1517.30
2010.00	1173.24
2011.00	1347.28
2012.00	1006.62
2013.00	1205.01
2014.00	925.05
2015.00	1067.32
2016.00	756.99
2017.00	919.44
2018.00	563.40
2019.00	641.00
2020.00	320.08
2021.00	268.10
2022.00	128.68
2023.00	104.14
2024.00	43.52
2025.00	53.74
2026.00	18.72
2027.00	14.67
2028.00	7.15
2029.00	9.63
2030.00	0.08
2031.00	3.28
2032.00	5.88
2033.00	7.83
2034.00	4.43
2035.00	3.46
2036.00	7.05
2037.00	-2.21
2038.00	-1.98
2039.00	3.42
2040.00	0.02
2041.00	-2.23
2042.00	4.71
2043.00	6.58
2044.00	-4.63
2045.00	1.91
2046.00	3.40
2047.00	-4.81
2048.00	8.58
2049.00	-4.26
2050.00	-0.98
2051.00	-1.49
2052.00	4.22
2053.00	10.98
2054.00	7.31
2055.00	13.97
2056.00	24.21
2057.00	60.48
2058.00	80.86
2059.00	196.57
2060.00	205.68
2061.00	423.50
2062.00	401.75
2063.00	679.09
2064.00	628.42
2065.00	941.95
2066.00	814.48
2067.00	1140.80
2068.00	983.11
2069.00	1323.01
2070.00	1121.33
2071.00	1465.28
2072.00	1193.42
2073.00	1535.39
2074.00	1244.43
2075.00	1577.18
2076.00	1227.92
2077.00	1483.39
2078.00	1169.84
2079.00	1441.94
2080.00	1033.37
2081.00	1203.61
2082.00	894.31
2083.00	1050.67
2084.00	762.42
2085.00	904.84
2086.00	642.33
2087.00	718.68
2088.00	468.84
2089.00	462.15
2090.00	201.71
2091.00	123.91
2092.00	50.85
2093.00	28.00
2094.00	7.62
2095.00	11.23
2096.00	24.76
2097.00	8.67
2098.00	7.74
2099.00	-2.25
2100.00	10.16
2101.00	-8.15
2102.00	3.51
2103.00	8.09
2104.00	14.44
2105.00	12.50
2106.00	31.32
2107.00	50.77
2108.00	39.14
2109.00	74.00
2110.00	72.81
2111.00	108.79
2112.00	95.40
2113.00	135.89
2114.00	119.36
2115.00	155.34
2116.00	126.22
2117.00	186.74
2118.00	142.64
2119.00	210.86
2120.00	153.03
2121.00	205.60
2122.00	156.94
2123.00	203.69
2124.00	158.25
2125.00	193.25
2126.00	140.13
2127.00	170.13
2128.00	136.64
2129.00	152.52
2130.00	113.19
2131.00	130.62
2132.00	106.60
2133.00	117.60
2134.00	86.67
2135.00	96.79
2136.00	62.51
2137.00	52.27
2138.00	35.68
2139.00	17.70
2140.00	12.68
2141.00	11.64
2142.00	-6.14
2143.00	6.72
2144.00	4.94
2145.00	-1.04
2146.00	1.05
2147.00	-1.45
2148.00	4.34
2149.00	-8.68
2150.00	0.49
2151.00	-1.55
2152.00	-2.35
2153.00	5.74
2154.00	0.58
2155.00	-6.02
2156.00	3.89
2157.00	0.84
2158.00	2.81
2159.00	-7.23
2160.00	4.34
2161.00	3.36
2162.00	2.69
2163.00	-6.18
2164.00	-9.99
2165.00	-4.93
2166.00	-6.92
2167.00	-4.97
2168.00	1.81
2169.00	5.29
2170.00	-3.62
2171.00	2.71
2172.00	1.25
2173.00	-3.05
2174.00	-1.29
2175.00	3.48
2176.00	1.01
2177.00	5.00
2178.00	14.42
2179.00	-8.60
2180.00	-2.76
2181.00	8.07
2182.00	2.48
2183.00	-2.11
2184.00	-6.47
2185.00	-4.09
2186.00	3.36
2187.00	3.63
2188.00	1.74
2189.00	-3.27
2190.00	-9.52
2191.00	10.06
2192.00	-2.45
2193.00	0.54
2194.00	-4.26
2195.00	9.67
2196.00	-1.59
2197.00	10.24
2198.00	-3.05
2199.00	-9.34
2200.00	3.73
2201.00	-1.00
2202.00	1.19
2203.00	-2.93
2204.00	-1.96
2205.00	-9.77
2206.00	-0.08
2207.00	2.64
2208.00	5.88
2209.00	-0.14
2210.00	-0.18
2211.00	-3.60
2212.00	5.70
2213.00	1.54
2214.00	-1.39
2215.00	7.29
2216.00	6.50
2217.00	-0.69
2218.00	-2.13
2219.00	2.91
2220.00	6.04
2221.00	7.09
2222.00	-1.64
2223.00	6.06
2224.00	4.80
2225.00	3.44
2226.00	9.24
2227.00	13.34
2228.00	7.40
2229.00	12.95
2230.00	22.18
2231.00	19.64
2232.00	15.36
2233.00	20.54
2234.00	23.06
2235.00	28.22
2236.00	31.97
2237.00	20.91
2238.00	36.29
2239.00	24.17
2240.00	19.17
2241.00	36.35
2242.00	23.35
2243.00	34.47
2244.00	27.83
2245.00	30.72
2246.00	29.00
2247.00	29.86
2248.00	28.04
2249.00	29.37
2250.00	21.34
2251.00	29.29
2252.00	14.50
2253.00	23.29
2254.00	20.13
2255.00	34.51
2256.00	27.28
2257.00	32.55
2258.00	27.73
2259.00	25.30
2260.00	24.68
2261.00	26.48
2262.00	32.40
2263.00	28.65
2264.00	28.41
2265.00	41.78
2266.00	42.09
2267.00	48.87
2268.00	48.17
2269.00	64.47
2270.00	50.28
2271.00	69.61
2272.00	54.32
2273.00	71.76
2274.00	66.46
2275.00	74.79
2276.00	60.99
2277.00	72.60
2278.00	62.53
2279.00	67.18
2280.00	60.79
2281.00	73.87
2282.00	55.46
2283.00	51.47
2284.00	49.07
2285.00	53.11
2286.00	42.89
2287.00	50.16
2288.00	34.45
2289.00	37.89
2290.00	30.56
2291.00	27.34
2292.00	18.33
2293.00	10.04
2294.00	19.77
2295.00	7.33
2296.00	-1.61
2297.00	4.94
2298.00	6.31
2299.00	-0.61
2300.00	2.52
2301.00	6.15
2302.00	-5.87
2303.00	0.11
2304.00	-1.08
2305.00	1.64
2306.00	-0.82
2307.00	3.75
2308.00	10.06
2309.00	15.42
2310.00	8.13
2311.00	3.07
2312.00	17.25
2313.00	34.16
2314.00	36.68
2315.00	71.42
2316.00	68.06
2317.00	138.90
2318.00	129.50
2319.00	196.01
2320.00	190.87
2321.00	297.92
2322.00	244.39
2323.00	366.41
2324.00	312.42
2325.00	423.77
2326.00	361.90
2327.00	485.76
2328.00	390.63
2329.00	541.75
2330.00	411.71
2331.00	565.59
2332.00	430.63
2333.00	531.21
2334.00	411.97
2335.00	530.67
2336.00	391.96
2337.00	497.68
2338.00	353.20
2339.00	423.87
2340.00	289.22
2341.00	350.72
2342.00	220.84
2343.00	241.83
2344.00	139.61
2345.00	171.85
2346.00	90.63
2347.00	102.32
2348.00	58.90
2349.00	43.32
2350.00	24.03
2351.00	17.33
2352.00	9.69
2353.00	4.28
2354.00	-1.68
2355.00	9.73
2356.00	7.15
2357.00	-0.80
2358.00	-8.64
2359.00	2.26
2360.00	-4.07
2361.00	5.80
2362.00	-5.47
2363.00	1.74
2364.00	-2.25
2365.00	2.54
2366.00	9.81
2367.00	1.05
2368.00	-2.37
2369.00	2.60
2370.00	2.85
2371.00	5.37
2372.00	5.39
2373.00	8.54
2374.00	8.89
2375.00	4.10
2376.00	2.32
2377.00	-4.40
2378.00	1.95
2379.00	0.78
2380.00	-3.21
2381.00	-5.57
2382.00	0.56
2383.00	-4.07
2384.00	2.19
2385.00	7.40
2386.00	9.69
2387.00	-0.39
2388.00	1.66
2389.00	-8.93
2390.00	-5.49
2391.00	9.94
2392.00	0.76
2393.00	-1.16
2394.00	7.19
2395.00	8.46
2396.00	10.80
2397.00	15.04
2398.00	12.43
2399.00	27.79
2400.00	28.86
2401.00	30.39
2402.00	36.03
2403.00	37.17
2404.00	36.68
2405.00	34.59
2406.00	47.97
2407.00	56.71
2408.00	41.02
2409.00	59.84
2410.00	59.44
2411.00	62.14
2412.00	59.54
2413.00	79.69
2414.00	58.37
2415.00	79.46
2416.00	59.07
2417.00	74.41
2418.00	64.23
2419.00	67.22
2420.00	50.51
2421.00	62.53
2422.00	47.47
2423.00	55.85
2424.00	41.76
2425.00	51.16
2426.00	37.75
2427.00	45.37
2428.00	38.91
2429.00	34.02
2430.00	17.78
2431.00	11.88
2432.00	10.49
2433.00	7.89
2434.00	5.10
2435.00	1.13
2436.00	12.09
2437.00	-3.36
2438.00	9.30
2439.00	-0.84
2440.00	-2.97
2441.00	6.09
2442.00	1.70
2443.00	-8.13
2444.00	6.52
2445.00	4.88
2446.00	-4.75
2447.00	-7.19
2448.00	-4.65
2449.00	0.00
2450.00	-0.47
2451.00	-5.75
2452.00	7.40
2453.00	3.63
2454.00	5.57
2455.00	10.55
2456.00	9.14
2457.00	2.17
2458.00	8.58
2459.00	0.04
2460.00	-3.72
2461.00	-9.58
2462.00	-1.98
2463.00	4.94
2464.00	1.29
2465.00	-1.43
2466.00	9.14
2467.00	4.53
2468.00	5.66
2469.00	7.74
2470.00	-1.31
2471.00	9.51
2472.00	1.68
2473.00	-2.13
2474.00	10.00
2475.00	10.71
2476.00	6.88
2477.00	2.07
2478.00	10.53
2479.00	7.76
2480.00	26.05
2481.00	17.12
2482.00	16.35
2483.00	31.03
2484.00	36.58
2485.00	43.36
2486.00	36.40
2487.00	56.44
2488.00	48.99
2489.00	78.81
2490.00	70.04
2491.00	105.90
2492.00	83.36
2493.00	124.46
2494.00	87.43
2495.00	128.06
2496.00	99.76
2497.00	136.09
2498.00	100.60
2499.00	135.89
2500.00	114.30
2501.00	129.21
2502.00	107.03
2503.00	135.68
2504.00	98.28
2505.00	121.98
2506.00	96.75
2507.00	112.29
2508.00	74.49
2509.00	95.13
2510.00	54.77
2511.00	48.21
2512.00	38.81
2513.00	35.00
2514.00	33.28
2515.00	34.80
2516.00	22.06
2517.00	26.71
2518.00	15.26
2519.00	12.31
2520.00	14.34
2521.00	7.89
2522.00	1.99
2523.00	2.09
2524.00	-4.32
2525.00	2.03
2526.00	2.71
2527.00	-2.15
2528.00	9.77
2529.00	-5.26
2530.00	6.64
2531.00	-6.04
2532.00	4.77
2533.00	-6.00
2534.00	1.19
2535.00	-7.39
2536.00	0.04
2537.00	7.76
2538.00	3.18
2539.00	-0.14
2540.00	5.74
2541.00	2.40
2542.00	1.89
2543.00	8.56
2544.00	3.01
2545.00	-1.25
2546.00	5.84
2547.00	10.88
2548.00	8.28
2549.00	8.15
2550.00	17.94
2551.00	6.02
2552.00	6.23
2553.00	10.12
2554.00	-1.43
2555.00	10.55
2556.00	13.72
2557.00	8.85
2558.00	9.08
2559.00	9.16
2560.00	7.87
2561.00	20.59
2562.00	14.24
2563.00	7.33
2564.00	11.21
2565.00	7.50
2566.00	3.75
2567.00	8.65
2568.00	1.33
2569.00	9.36
2570.00	4.82
2571.00	12.58
2572.00	5.29
2573.00	10.61
2574.00	1.29
2575.00	-1.10
2576.00	-6.20
2577.00	2.52
2578.00	3.42
2579.00	-3.83
2580.00	6.43
2581.00	-5.71
2582.00	-4.54
2583.00	-1.23
2584.00	5.43
2585.00	-2.95
2586.00	-8.82
2587.00	4.43
2588.00	7.19
2589.00	7.74
2590.00	-12.47
2591.00	-0.47
2592.00	-2.25
2593.00	-6.94
2594.00	6.82
2595.00	4.63
2596.00	0.54
2597.00	6.93
2598.00	-4.50
2599.00	-3.72
2600.00	-7.04
2601.00	-6.06
2602.00	-2.33
2603.00	-3.21
2604.00	2.15
2605.00	6.56
2606.00	0.21
2607.00	7.64
2608.00	-13.92
2609.00	5.70
2610.00	-1.39
2611.00	11.10
2612.00	-7.04
2613.00	-4.95
2614.00	-3.21
2615.00	-3.95
2616.00	0.39
2617.00	1.52
2618.00	-6.92
2619.00	-0.71
2620.00	4.16
2621.00	7.99
2622.00	-0.98
2623.00	-5.40
2624.00	-12.08
2625.00	5.06
2626.00	6.00
2627.00	1.05
2628.00	10.88
2629.00	0.33
2630.00	0.39
2631.00	3.24
2632.00	-1.55
2633.00	-2.25
2634.00	-0.94
2635.00	5.37
2636.00	-3.40
2637.00	3.20
2638.00	7.56
2639.00	-4.13
2640.00	2.52
2641.00	6.64
2642.00	5.29
2643.00	-4.52
2644.00	0.97
2645.00	0.99
2646.00	4.20
2647.00	5.29
2648.00	2.17
2649.00	-3.93
2650.00	-5.81
2651.00	-2.60
2652.00	7.09
2653.00	-0.69
2654.00	13.89
2655.00	9.24
2656.00	5.12
2657.00	1.72
2658.00	6.56
2659.00	2.42
2660.00	-3.60
2661.00	8.83
2662.00	-7.72
2663.00	-3.48
2664.00	4.77
2665.00	4.57
2666.00	3.85
2667.00	-3.83
2668.00	-3.62
2669.00	11.72
2670.00	-2.19
2671.00	-4.81
2672.00	-3.46
2673.00	-2.19
2674.00	-2.48
2675.00	1.60
2676.00	3.98
2677.00	-5.53
2678.00	11.74
2679.00	0.97
2680.00	4.22
2681.00	10.84
2682.00	-3.62
2683.00	-6.92
2684.00	-2.88
2685.00	-0.32
2686.00	8.95
2687.00	2.26
2688.00	-4.48
2689.00	-3.77
2690.00	-7.68
2691.00	14.03
2692.00	-5.90
2693.00	1.85
2694.00	-1.82
2695.00	0.08
2696.00	5.86
2697.00	-1.66
2698.00	2.17
2699.00	3.89
2700.00	0.19
2701.00	-0.65
2702.00	9.36
2703.00	-2.62
2704.00	-1.16
2705.00	-6.55
2706.00	9.03
2707.00	3.57
2708.00	6.72
2709.00	-2.66
2710.00	-1.98
2711.00	2.17
2712.00	5.08
2713.00	-1.02
2714.00	3.28
2715.00	-8.64
2716.00	3.36
2717.00	-1.43
2718.00	2.58
2719.00	1.40
2720.00	-3.11
2721.00	-1.02
2722.00	-1.57
2723.00	-3.15
2724.00	-2.84
2725.00	0.47
2726.00	-4.63
2727.00	5.70
2728.00	7.38
2729.00	-1.70
2730.00	-3.05
2731.00	8.32
2732.00	-3.91
2733.00	-0.63
2734.00	-1.88
2735.00	-7.64
2736.00	-8.56
2737.00	2.24
2738.00	-3.01
2739.00	4.10
2740.00	11.43
2741.00	5.37
2742.00	2.32
2743.00	7.44
2744.00	4.73
2745.00	3.81
2746.00	-11.98
2747.00	-0.69
2748.00	-2.60
2749.00	-6.63
2750.00	0.51
2751.00	0.02
2752.00	6.70
2753.00	-0.69
2754.00	2.56
2755.00	-2.09
2756.00	-0.82
2757.00	-1.76
2758.00	0.37
2759.00	-2.25
2760.00	3.85
2761.00	6.21
2762.00	-1.29
2763.00	11.59
2764.00	6.25
2765.00	-7.37
2766.00	0.27
2767.00	-7.35
2768.00	3.44
2769.00	-7.47
2770.00	0.13
2771.00	-3.52
2772.00	-3.87
2773.00	0.27
2774.00	1.97
2775.00	0.84
2776.00	10.98
2777.00	-6.12
2778.00	4.98
2779.00	-6.28
2780.00	-5.73
2781.00	7.87
2782.00	1.85
2783.00	2.28
2784.00	13.50
2785.00	-1.06
2786.00	-0.02
2787.00	4.43
2788.00	4.41
2789.00	0.13
2790.00	5.25
2791.00	-0.22
2792.00	7.40
2793.00	-2.19
2794.00	-7.68
2795.00	5.68
2796.00	1.40
2797.00	8.03
2798.00	-1.29
2799.00	-1.70
2800.00	2.93
2801.00	-2.95
2802.00	12.02
2803.00	-12.02
2804.00	4.90
2805.00	-1.49
2806.00	2.46
2807.00	-6.69
2808.00	-0.75
2809.00	-2.70
2810.00	-4.50
2811.00	-0.86
2812.00	-8.52
2813.00	-1.43
2814.00	-3.60
2815.00	-9.13
2816.00	2.60
2817.00	4.55
2818.00	4.30
2819.00	-1.64
2820.00	-2.48
2821.00	-0.12
2822.00	-6.67
2823.00	-1.31
2824.00	2.42
2825.00	-3.17
2826.00	2.87
2827.00	-1.10
2828.00	-6.63
2829.00	-5.34
2830.00	0.68
2831.00	-7.49
2832.00	2.79
2833.00	0.95
2834.00	2.07
2835.00	-4.83
2836.00	-7.90
2837.00	-5.69
2838.00	-1.27
2839.00	5.08
2840.00	11.10
2841.00	5.41
2842.00	2.30
2843.00	-1.90
2844.00	-2.74
2845.00	0.33
2846.00	9.22
2847.00	1.33
2848.00	-0.84
2849.00	3.67
2850.00	0.31
2851.00	1.48
2852.00	-2.62
2853.00	-1.12
2854.00	-0.30
2855.00	-0.69
2856.00	-2.43
2857.00	-7.41
2858.00	1.01
2859.00	2.19
2860.00	1.23
2861.00	-4.40
2862.00	-1.61
2863.00	-2.00
2864.00	-2.88
2865.00	-1.10
2866.00	-2.37
2867.00	-0.28
2868.00	-4.05
2869.00	12.70
2870.00	5.76
2871.00	-6.49
2872.00	-1.51
2873.00	-7.98
2874.00	5.86
2875.00	2.21
2876.00	5.66
2877.00	9.77
2878.00	14.60
2879.00	19.17
2880.00	13.95
2881.00	13.95
2882.00	23.25
2883.00	39.88
2884.00	31.54
2885.00	39.26
2886.00	36.85
2887.00	44.94
2888.00	36.72
2889.00	44.03
2890.00	45.47
2891.00	64.78
2892.00	41.43
2893.00	70.47
2894.00	36.25
2895.00	71.91
2896.00	66.30
2897.00	65.66
2898.00	63.72
2899.00	77.87
2900.00	51.33
2901.00	75.02
2902.00	68.63
2903.00	67.77
2904.00	57.02
2905.00	67.01
2906.00	57.98
2907.00	61.44
2908.00	52.80
2909.00	52.98
2910.00	36.09
2911.00	54.17
2912.00	33.79
2913.00	27.36
2914.00	21.75
2915.00	13.40
2916.00	10.35
2917.00	6.93
2918.00	7.03
2919.00	0.72
2920.00	4.59
2921.00	1.95
2922.00	-1.70
2923.00	7.89
2924.00	5.76
2925.00	-4.22
2926.00	-0.98
2927.00	3.51
2928.00	-3.93
2929.00	-3.36
2930.00	-0.90
2931.00	-2.56
2932.00	2.60
2933.00	-4.79
2934.00	6.06
2935.00	-13.62
2936.00	1.01
2937.00	6.56
2938.00	-5.85
2939.00	7.15
2940.00	4.57
2941.00	10.75
2942.00	1.70
2943.00	3.24
2944.00	5.41
2945.00	8.44
2946.00	0.68
2947.00	3.63
2948.00	-3.42
2949.00	-4.91
2950.00	-2.02
2951.00	5.29
2952.00	6.99
2953.00	8.28
2954.00	2.99
2955.00	2.95
2956.00	6.76
2957.00	8.11
2958.00	5.57
2959.00	10.24
2960.00	8.65
2961.00	3.38
2962.00	0.06
2963.00	10.02
2964.00	2.38
2965.00	5.74
2966.00	4.06
2967.00	-1.82
2968.00	5.68
2969.00	10.06
2970.00	2.75
2971.00	4.32
2972.00	10.90
2973.00	-2.82
2974.00	10.26
2975.00	4.82
2976.00	-1.68
2977.00	6.70
2978.00	-5.83
2979.00	-2.70
2980.00	3.46
2981.00	-2.84
2982.00	-8.05
2983.00	-6.35
2984.00	-0.28
2985.00	-2.54
2986.00	-0.84
2987.00	-2.52
2988.00	-6.51
2989.00	5.14
2990.00	4.77
2991.00	-2.64
2992.00	6.19
2993.00	5.10
2994.00	-3.01
2995.00	-10.26
2996.00	2.58
2997.00	-6.12
2998.00	8.89
2999.00	-3.99
3000.00	0.58
3001.00	3.69
3002.00	-0.65
3003.00	3.34
3004.00	-0.88
3005.00	9.32
3006.00	5.78
3007.00	0.29
3008.00	-5.08
3009.00	-5.12
3010.00	-3.17
3011.00	4.37
3012.00	3.18
3013.00	-8.58
3014.00	2.75
3015.00	8.19
3016.00	0.80
3017.00	7.76
3018.00	-8.27
3019.00	6.56
3020.00	2.03
3021.00	-0.02
3022.00	-0.02
3023.00	-2.07
3024.00	1.76
3025.00	0.60
3026.00	4.61
3027.00	-1.14
3028.00	9.10
3029.00	-1.33
3030.00	10.30
3031.00	0.00
3032.00	8.56
3033.00	-2.33
3034.00	-1.02
3035.00	-10.71
3036.00	0.39
3037.00	-5.28
3038.00	3.55
3039.00	-2.39
3040.00	-0.26
3041.00	-2.27
3042.00	2.50
3043.00	6.31
3044.00	2.15
3045.00	1.07
3046.00	-2.45
3047.00	-0.24
3048.00	-1.04
3049.00	6.52
3050.00	2.64
3051.00	-0.04
3052.00	-1.53
3053.00	1.99
3054.00	-0.73
3055.00	-3.46
3056.00	-2.86
3057.00	3.46
3058.00	1.27
3059.00	-2.82
3060.00	-0.39
3061.00	6.39
3062.00	4.80
3063.00	-3.79
3064.00	-7.55
3065.00	2.67
3066.00	-3.09
3067.00	4.16
3068.00	-0.32
3069.00	-0.65
3070.00	-0.51
3071.00	-0.32
3072.00	3.89
3073.00	1.95
3074.00	-1.47
3075.00	4.16
3076.00	0.11
3077.00	2.30
3078.00	1.27
3079.00	0.62
3080.00	2.64
3081.00	-4.50
3082.00	-1.68
3083.00	-0.88
3084.00	1.66
3085.00	-0.02
3086.00	1.40
3087.00	1.99
3088.00	10.06
3089.00	4.47
3090.00	1.76
3091.00	1.23
3092.00	4.08
3093.00	-8.37
3094.00	1.85
3095.00	3.94
3096.00	0.95
3097.00	-3.03
3098.00	0.31
3099.00	5.61
3100.00	-6.14
3101.00	5.61
3102.00	3.28
3103.00	-7.92
3104.00	-1.84
3105.00	-0.65
3106.00	-4.17
3107.00	2.87
3108.00	4.34
3109.00	-6.45
3110.00	1.15
3111.00	-0.10
3112.00	-5.83
3113.00	2.62
3114.00	-0.18
3115.00	-0.86
3116.00	3.14
3117.00	-4.09
3118.00	1.05
3119.00	-2.74
3120.00	-1.43
3121.00	6.99
3122.00	-6.28
3123.00	-0.86
3124.00	0.80
3125.00	-6.47
3126.00	0.06
3127.00	-6.78
3128.00	1.58
3129.00	2.60
3130.00	4.57
3131.00	-5.49
3132.00	1.38
3133.00	-0.67
3134.00	6.68
3135.00	-0.65
3136.00	-0.20
3137.00	5.80
3138.00	-0.43
3139.00	-1.68
3140.00	1.91
3141.00	-4.81
3142.00	3.57
3143.00	2.77
3144.00	6.56
3145.00	-2.39
3146.00	-3.62
3147.00	0.74
3148.00	4.45
3149.00	2.19
3150.00	-3.42
3151.00	4.80
3152.00	-3.03
3153.00	4.80
3154.00	5.39
3155.00	-7.16
3156.00	2.77
3157.00	-3.25
3158.00	-9.05
3159.00	12.72
3160.00	-0.69
3161.00	-3.79
3162.00	0.27
3163.00	-1.51
3164.00	-4.15
3165.00	0.39
3166.00	4.16
3167.00	2.03
3168.00	-4.79
3169.00	0.82
3170.00	-5.92
3171.00	1.62
3172.00	-1.14
3173.00	1.19
3174.00	-0.86
3175.00	-8.89
3176.00	11.49
3177.00	-4.63
3178.00	0.66
3179.00	9.24
3180.00	2.85
3181.00	5.49
3182.00	-0.20
3183.00	1.52
3184.00	0.29
3185.00	8.26
3186.00	10.75
3187.00	-1.70
3188.00	4.53
3189.00	-1.10
3190.00	-1.08
3191.00	4.43
3192.00	4.88
3193.00	-1.14
3194.00	9.49
3195.00	1.78
3196.00	-0.55
3197.00	1.05
3198.00	0.95
3199.00	7.13
3200.00	2.83
3201.00	-1.90
3202.00	3.91
3203.00	-0.78
3204.00	4.02
3205.00	-9.44
3206.00	1.19
3207.00	-3.64
3208.00	2.52
3209.00	11.49
3210.00	3.42
3211.00	7.46
3212.00	8.79
3213.00	7.42
3214.00	5.31
3215.00	6.82
3216.00	7.66
3217.00	-2.04
3218.00	-6.18
3219.00	1.70
3220.00	5.82
3221.00	-5.16
3222.00	-6.63
3223.00	0.39
3224.00	-6.78
3225.00	6.21
3226.00	-4.77
3227.00	-0.88
3228.00	0.21
3229.00	0.15
3230.00	2.91
3231.00	9.16
3232.00	3.61
3233.00	-2.41
3234.00	8.13
3235.00	-2.99
3236.00	1.50
3237.00	9.18
3238.00	-4.60
3239.00	-0.65
3240.00	-10.22
3241.00	1.52
3242.00	4.18
3243.00	-6.71
3244.00	5.04
3245.00	4.90
3246.00	5.74
3247.00	-5.67
3248.00	-0.32
3249.00	4.73
3250.00	3.63
3251.00	-0.18
3252.00	-5.10
3253.00	-1.49
3254.00	3.75
3255.00	-4.07
3256.00	9.10
3257.00	-4.32
3258.00	-6.90
3259.00	-1.29
3260.00	-2.00
3261.00	-0.04
3262.00	-0.35
3263.00	-1.39
3264.00	-2.27
3265.00	3.32
3266.00	13.40
3267.00	3.53
3268.00	0.97
3269.00	-5.04
3270.00	3.36
3271.00	-5.40
3272.00	0.17
3273.00	-6.71
3274.00	4.16
3275.00	0.68
3276.00	-9.52
3277.00	-6.84
3278.00	0.08
3279.00	5.76
3280.00	-2.78
3281.00	-1.45
3282.00	-1.70
3283.00	5.02
3284.00	5.70
3285.00	11.12
3286.00	4.30
3287.00	10.22
3288.00	0.04
3289.00	-1.02
3290.00	3.85
3291.00	4.04
3292.00	2.73
3293.00	3.05
3294.00	1.44
3295.00	1.95
3296.00	-6.88
3297.00	1.05
3298.00	-5.04
3299.00	0.43
3300.00	3.30
3301.00	-10.11
3302.00	4.59
3303.00	5.06
3304.00	2.95
3305.00	-3.01
3306.00	-4.95
3307.00	-0.63
3308.00	3.18
3309.00	0.78
3310.00	-10.54
3311.00	7.15
3312.00	1.85
3313.00	4.49
3314.00	4.57
3315.00	0.06
3316.00	-3.01
3317.00	1.52
3318.00	3.65
3319.00	-2.97
3320.00	-12.59
3321.00	-3.62
3322.00	-4.63
3323.00	-6.53
3324.00	1.05
3325.00	-5.36
3326.00	2.38
3327.00	4.41
3328.00	1.07
3329.00	-2.25
3330.00	2.87
3331.00	-0.92
3332.00	3.12
3333.00	-2.43
3334.00	0.47
3335.00	-6.92
3336.00	-1.35
3337.00	-3.56
3338.00	0.47
3339.00	2.64
3340.00	-2.00
3341.00	3.79
3342.00	-3.13
3343.00	2.91
3344.00	-1.84
3345.00	8.13
3346.00	-4.83
3347.00	8.75
3348.00	-0.73
3349.00	-7.64
3350.00	-8.17
3351.00	-2.86
3352.00	0.27
3353.00	-7.39
3354.00	2.52
3355.00	6.97
3356.00	8.54
3357.00	12.23
3358.00	6.99
3359.00	-4.07
3360.00	-2.37
3361.00	6.04
3362.00	5.43
3363.00	4.61
3364.00	-1.41
3365.00	-7.86
3366.00	-4.20
3367.00	-0.12
3368.00	4.57
3369.00	-2.84
3370.00	-1.78
3371.00	3.22
3372.00	1.70
3373.00	-0.49
3374.00	-7.14
3375.00	6.88
3376.00	1.83
3377.00	9.92
3378.00	2.60
3379.00	2.36
3380.00	-10.93
3381.00	2.54
3382.00	1.05
3383.00	0.29
3384.00	8.42
3385.00	4.73
3386.00	-5.92
3387.00	7.58
3388.00	-2.19
3389.00	-8.33
3390.00	1.58
3391.00	1.15
3392.00	-0.24
3393.00	-1.53
3394.00	9.32
3395.00	3.57
3396.00	0.82
3397.00	-1.78
3398.00	-5.85
3399.00	-0.18
3400.00	-2.29
3401.00	3.05
3402.00	4.80
3403.00	-7.00
3404.00	2.91
3405.00	1.13
3406.00	-0.02
3407.00	1.15
3408.00	4.39
3409.00	2.21
3410.00	-7.31
3411.00	10.47
3412.00	5.76
3413.00	1.60
3414.00	7.64
3415.00	-1.23
3416.00	7.19
3417.00	-4.83
3418.00	7.64
3419.00	1.64
3420.00	-2.88
3421.00	-0.43
3422.00	5.88
3423.00	-6.92
3424.00	3.42
3425.00	-10.93
3426.00	3.79
3427.00	-1.92
3428.00	2.36
3429.00	-0.14
3430.00	2.30
3431.00	-5.24
3432.00	1.99
3433.00	3.69
3434.00	8.13
3435.00	4.14
3436.00	3.73
3437.00	2.62
3438.00	-2.07
3439.00	3.89
3440.00	-5.85
3441.00	4.77
3442.00	0.51
3443.00	4.12
3444.00	2.32
3445.00	0.92
3446.00	-2.60
3447.00	-5.36
3448.00	-1.59
3449.00	7.89
3450.00	10.00
3451.00	-9.32
3452.00	3.48
3453.00	-5.28
3454.00	-6.86
3455.00	-0.84
3456.00	-9.44
3457.00	7.05
3458.00	4.84
3459.00	2.64
3460.00	-0.59
3461.00	-1.27
3462.00	0.39
3463.00	-8.33
3464.00	0.86
3465.00	-0.18
3466.00	11.41
3467.00	1.70
3468.00	-2.72
3469.00	1.93
3470.00	4.98
3471.00	6.04
3472.00	4.77
3473.00	-5.04
3474.00	-1.45
3475.00	-0.22
3476.00	-7.21
3477.00	0.99
3478.00	-1.08
3479.00	0.06
3480.00	-5.30
3481.00	-3.89
3482.00	4.16
3483.00	-2.88
3484.00	6.56
3485.00	15.20
3486.00	-1.10
3487.00	-0.39
3488.00	0.37
3489.00	7.11
3490.00	0.82
3491.00	4.51
3492.00	7.81
3493.00	-4.07
3494.00	0.76
3495.00	8.38
3496.00	3.12
3497.00	-6.30
3498.00	4.53
3499.00	2.38
3500.00	-6.84
3501.00	0.21
3502.00	1.01
3503.00	1.03
3504.00	9.03
3505.00	6.93
3506.00	2.71
3507.00	3.65
3508.00	4.47
3509.00	5.33
3510.00	2.99
3511.00	7.66
3512.00	-9.21
3513.00	-3.99
3514.00	0.54
3515.00	-0.67
3516.00	2.05
3517.00	-1.47
3518.00	5.10
3519.00	1.42
3520.00	-6.12
3521.00	3.28
3522.00	4.80
3523.00	0.47
3524.00	6.27
3525.00	-1.31
3526.00	2.87
3527.00	7.09
3528.00	15.04
3529.00	6.04
3530.00	12.99
3531.00	3.46
3532.00	-0.30
3533.00	-7.96
3534.00	-0.43
3535.00	-8.93
3536.00	-5.85
3537.00	5.57
3538.00	-2.00
3539.00	11.08
3540.00	-0.96
3541.00	-3.13
3542.00	1.83
3543.00	-0.37
3544.00	-2.70
3545.00	1.70
3546.00	0.97
3547.00	-0.49
3548.00	-0.92
3549.00	7.81
3550.00	-6.76
3551.00	1.29
3552.00	4.84
3553.00	7.62
3554.00	4.86
3555.00	-3.05
3556.00	10.75
3557.00	3.14
3558.00	-4.30
3559.00	-3.05
3560.00	0.54
3561.00	-3.44
3562.00	4.75
3563.00	1.07
3564.00	-1.70
3565.00	-5.18
3566.00	-4.42
3567.00	3.20
3568.00	-3.34
3569.00	4.28
3570.00	-0.10
3571.00	0.99
3572.00	-5.71
3573.00	-4.54
3574.00	4.59
3575.00	4.28
3576.00	-3.52
3577.00	-5.81
3578.00	6.13
3579.00	7.11
3580.00	5.80
3581.00	-9.50
3582.00	1.78
3583.00	10.47
3584.00	5.43
3585.00	6.45
3586.00	3.81
3587.00	6.66
3588.00	-6.65
3589.00	6.19
3590.00	4.04
3591.00	3.75
3592.00	-0.37
3593.00	4.34
3594.00	8.89
3595.00	4.92
3596.00	5.00
3597.00	-2.43
3598.00	-2.02
3599.00	3.32
3600.00	-3.52
3601.00	1.15
3602.00	2.56
3603.00	-1.66
3604.00	-1.80
3605.00	4.98
3606.00	0.37
3607.00	1.70
3608.00	2.24
3609.00	-2.45
3610.00	0.17
3611.00	-0.94
3612.00	-2.15
3613.00	11.41
3614.00	5.55
3615.00	-5.16
3616.00	1.35
3617.00	-3.42
3618.00	-0.47
3619.00	-0.45
3620.00	0.97
3621.00	9.18
3622.00	2.21
3623.00	3.65
3624.00	-2.76
3625.00	6.60
3626.00	0.43
3627.00	-3.99
3628.00	3.03
3629.00	6.78
3630.00	-1.23
3631.00	7.11
3632.00	-6.88
3633.00	3.61
3634.00	3.61
3635.00	4.43
3636.00	1.31
3637.00	-0.75
3638.00	0.11
3639.00	-7.68
3640.00	-0.37
3641.00	5.10
3642.00	1.95
3643.00	-7.72
3644.00	8.62
3645.00	-0.75
3646.00	9.18
3647.00	-0.98
