0.00	-7.55
1.00	-7.55
2.00	-7.55
3.00	-1.41
4.00	-4.40
5.00	3.04
6.00	-2.88
7.00	2.07
8.00	-5.71
9.00	1.89
10.00	3.55
11.00	1.56
12.00	-4.15
13.00	4.35
14.00	4.18
15.00	-7.14
16.00	5.76
17.00	3.12
18.00	58.88
19.00	98.45
20.00	100.79
21.00	106.07
22.00	105.74
23.00	101.91
24.00	105.27
25.00	99.78
26.00	103.94
27.00	102.28
28.00	104.16
29.00	95.03
30.00	113.71
31.00	104.59
32.00	103.80
33.00	91.75
34.00	101.52
35.00	105.50
36.00	105.41
37.00	104.27
38.00	106.54
39.00	98.00
40.00	100.11
41.00	106.62
42.00	114.88
43.00	115.88
44.00	99.90
45.00	102.01
46.00	108.77
47.00	106.99
48.00	110.72
49.00	110.51
50.00	104.33
51.00	118.15
52.00	116.47
53.00	111.74
54.00	113.26
55.00	117.87
56.00	103.04
57.00	105.41
58.00	111.58
59.00	124.23
60.00	122.60
61.00	128.37
62.00	124.56
63.00	130.09
64.00	132.84
65.00	145.57
66.00	133.53
67.00	140.99
68.00	136.81
69.00	154.24
70.00	159.28
71.00	154.05
72.00	165.09
73.00	175.45
74.00	179.08
75.00	180.59
76.00	190.20
77.00	194.91
78.00	206.26
79.00	220.41
80.00	224.75
81.00	220.67
82.00	244.80
83.00	254.22
84.00	272.65
85.00	273.06
86.00	293.58
87.00	306.59
88.00	327.64
89.00	336.73
90.00	359.40
91.00	403.56
92.00	452.75
93.00	505.08
94.00	597.07
95.00	769.67
96.00	1032.80
97.00	1528.63
98.00	2303.91
99.00	3545.20
100.00	5299.57
101.00	7318.44
102.00	9923.60
103.00	12669.07
104.00	15123.78
105.00	17875.37
106.00	20099.00
107.00	22213.69
108.00	23708.68
109.00	25228.56
110.00	27008.10
111.00	27912.18
112.00	29070.10
113.00	30224.75
114.00	31175.89
115.00	31437.62
116.00	32289.14
117.00	32777.54
118.00	33764.21
119.00	33212.53
120.00	33040.17
121.00	33375.98
122.00	32991.33
123.00	32915.39
124.00	32321.42
125.00	31222.13
126.00	30648.47
127.00	29915.46
128.00	28232.63
129.00	24951.45
130.00	21431.36
131.00	16475.18
132.00	11170.22
133.00	7888.49
134.00	5517.46
135.00	4130.25
136.00	3226.81
137.00	2260.12
138.00	1284.37
139.00	720.56
140.00	550.11
141.00	491.42
142.00	460.27
143.00	443.74
144.00	415.80
145.00	399.46
146.00	400.55
147.00	389.73
148.00	390.33
149.00	386.89
150.00	370.34
151.00	377.65
152.00	371.30
153.00	381.79
154.00	390.82
155.00	387.95
156.00	399.67
157.00	400.20
158.00	392.70
159.00	406.87
160.00	415.99
161.00	411.89
162.00	415.41
163.00	401.20
164.00	411.34
165.00	412.81
166.00	407.18
167.00	403.80
168.00	406.42
169.00	407.90
170.00	408.08
171.00	418.02
172.00	418.53
173.00	431.18
174.00	433.03
175.00	437.61
176.00	431.45
177.00	442.18
178.00	435.38
179.00	443.25
180.00	457.44
181.00	459.06
182.00	465.06
183.00	478.45
184.00	469.83
185.00	475.05
186.00	479.64
187.00	483.51
188.00	476.30
189.00	487.22
190.00	494.30
191.00	485.23
192.00	493.98
193.00	503.27
194.00	506.90
195.00	497.19
196.00	501.06
197.00	506.06
198.00	508.64
199.00	517.10
200.00	509.81
201.00	509.79
202.00	507.63
203.00	511.67
204.00	517.75
205.00	514.91
206.00	514.54
207.00	519.98
208.00	521.62
209.00	535.92
210.00	527.11
211.00	547.18
212.00	518.28
213.00	541.84
214.00	540.48
215.00	527.68
216.00	539.87
217.00	559.78
218.00	565.72
219.00	583.59
220.00	583.25
221.00	564.81
222.00	567.82
223.00	576.02
224.00	597.95
225.00	606.06
226.00	599.45
227.00	588.80
228.00	587.83
229.00	591.75
230.00	603.07
231.00	616.46
232.00	618.10
233.00	610.75
234.00	611.57
235.00	627.13
236.00	627.69
237.00	625.31
238.00	615.93
239.00	628.87
240.00	633.54
241.00	621.05
242.00	637.25
243.00	639.73
244.00	614.42
245.00	612.18
246.00	635.31
247.00	629.10
248.00	617.41
249.00	610.52
250.00	597.03
251.00	629.04
252.00	607.23
253.00	614.09
254.00	624.55
255.00	635.82
256.00	647.06
257.00	659.00
258.00	668.61
259.00	677.86
260.00	695.76
261.00	717.76
262.00	730.74
263.00	724.99
264.00	766.97
265.00	746.69
266.00	760.11
267.00	778.91
268.00	805.35
269.00	789.93
270.00	859.56
271.00	855.38
272.00	907.09
273.00	898.51
274.00	994.19
275.00	1088.58
276.00	1152.56
277.00	1278.08
278.00	1592.32
279.00	2257.62
280.00	3316.81
281.00	5255.73
282.00	8015.28
283.00	11371.11
284.00	15222.74
285.00	19799.48
286.00	23785.11
287.00	26752.11
288.00	29699.48
289.00	34437.71
290.00	35452.56
291.00	34557.74
292.00	37037.91
293.00	37085.50
294.00	40531.66
295.00	41283.20
296.00	41453.19
297.00	43031.21
298.00	42818.40
299.00	44975.94
300.00	45282.33
301.00	47245.93
302.00	46984.20
303.00	46027.71
304.00	48367.23
305.00	47415.34
306.00	45436.53
307.00	44311.25
308.00	43030.82
309.00	42293.16
310.00	42182.90
311.00	38335.13
312.00	35720.98
313.00	30108.91
314.00	22278.98
315.00	13892.22
316.00	8484.92
317.00	5899.20
318.00	5402.22
319.00	5140.49
320.00	4871.22
321.00	4718.96
322.00	4367.13
323.00	4569.00
324.00	4360.09
325.00	4239.46
326.00	3880.70
327.00	3472.52
328.00	2882.91
329.00	2036.20
330.00	1358.40
331.00	948.62
332.00	804.53
333.00	786.02
334.00	772.46
335.00	766.87
336.00	742.03
337.00	755.34
338.00	780.16
339.00	749.97
340.00	756.12
341.00	766.76
342.00	753.33
343.00	777.82
344.00	717.02
345.00	744.52
346.00	719.01
347.00	714.56
348.00	737.05
349.00	714.13
350.00	733.20
351.00	731.17
352.00	730.04
353.00	695.72
354.00	717.33
355.00	735.29
356.00	741.45
357.00	738.42
358.00	749.64
359.00	743.11
360.00	730.09
361.00	755.58
362.00	741.68
363.00	719.70
364.00	705.02
365.00	723.90
366.00	753.60
367.00	705.51
368.00	715.34
369.00	693.37
370.00	696.27
371.00	679.15
372.00	678.01
373.00	671.78
374.00	679.62
375.00	682.27
376.00	641.94
377.00	669.59
378.00	673.70
379.00	677.12
380.00	697.11
381.00	647.41
382.00	653.35
383.00	693.14
384.00	661.99
385.00	671.00
386.00	638.32
387.00	654.97
388.00	647.35
389.00	681.47
390.00	666.76
391.00	678.07
392.00	706.23
393.00	668.79
394.00	716.08
395.00	697.34
396.00	703.87
397.00	771.21
398.00	759.04
399.00	767.99
400.00	750.81
401.00	775.73
402.00	782.82
403.00	820.24
404.00	845.30
405.00	896.85
406.00	900.54
407.00	948.46
408.00	980.49
409.00	993.70
410.00	1002.44
411.00	1041.52
412.00	1086.90
413.00	1107.98
414.00	1205.99
415.00	1304.72
416.00	1366.37
417.00	1389.47
418.00	1523.61
419.00	1645.32
420.00	1997.76
421.00	2398.63
422.00	2784.22
423.00	3384.89
424.00	5521.70
425.00	8998.86
426.00	14619.10
427.00	22558.77
428.00	36155.66
429.00	47161.92
430.00	55938.08
431.00	64300.59
432.00	64300.04
433.00	64304.93
434.00	64297.79
435.00	64298.24
436.00	64300.45
437.00	64303.97
438.00	64298.15
439.00	64301.70
440.00	64300.35
441.00	64302.95
442.00	64297.44
443.00	64304.42
444.00	64297.97
445.00	64301.29
446.00	64297.19
447.00	64304.85
448.00	64298.40
449.00	64309.05
450.00	64296.60
451.00	64298.91
452.00	64295.23
453.00	64296.70
454.00	64297.07
455.00	64300.80
456.00	64297.54
457.00	64303.25
458.00	64297.72
459.00	64302.15
460.00	64306.90
461.00	64300.59
462.00	64300.49
463.00	64311.53
464.00	64291.44
465.00	64310.44
466.00	64293.03
467.00	64305.40
468.00	64304.32
469.00	64305.59
470.00	64302.95
471.00	64307.80
472.00	21297.34
473.00	19675.72
474.00	854.81
475.00	813.89
476.00	764.51
477.00	724.39
478.00	707.03
479.00	706.00
480.00	708.73
481.00	710.81
482.00	696.68
483.00	640.92
484.00	653.39
485.00	626.50
486.00	606.37
487.00	593.12
488.00	576.36
489.00	566.29
490.00	566.88
491.00	602.07
492.00	586.44
493.00	585.91
494.00	567.54
495.00	546.69
496.00	534.30
497.00	524.45
498.00	544.79
499.00	524.35
500.00	547.78
501.00	529.53
502.00	531.51
503.00	520.72
504.00	536.76
505.00	526.95
506.00	523.24
507.00	510.56
508.00	509.33
509.00	504.71
510.00	506.06
511.00	493.50
512.00	509.83
513.00	496.45
514.00	493.71
515.00	506.57
516.00	507.29
517.00	484.06
518.00	491.89
519.00	502.80
520.00	509.89
521.00	501.86
522.00	492.68
523.00	494.32
524.00	500.39
525.00	487.99
526.00	505.48
527.00	500.43
528.00	540.98
529.00	490.21
530.00	488.86
531.00	489.53
532.00	473.50
533.00	483.45
534.00	492.34
535.00	482.96
536.00	470.83
537.00	474.85
538.00	484.82
539.00	500.61
540.00	494.45
541.00	487.63
542.00	471.61
543.00	467.86
544.00	455.70
545.00	480.87
546.00	457.01
547.00	454.29
548.00	483.28
549.00	455.25
550.00	452.65
551.00	444.39
552.00	466.27
553.00	448.04
554.00	442.84
555.00	438.21
556.00	441.40
557.00	437.39
558.00	448.57
559.00	435.51
560.00	408.74
561.00	402.25
562.00	413.86
563.00	425.57
564.00	419.22
565.00	410.03
566.00	394.71
567.00	397.39
568.00	391.56
569.00	375.23
570.00	380.11
571.00	378.45
572.00	359.91
573.00	362.33
574.00	366.65
575.00	382.95
576.00	398.81
577.00	390.68
578.00	358.62
579.00	349.37
580.00	375.48
581.00	349.98
582.00	340.77
583.00	360.41
584.00	351.11
585.00	362.88
586.00	353.59
587.00	365.44
588.00	362.29
589.00	350.99
590.00	333.66
591.00	347.14
592.00	335.46
593.00	340.38
594.00	367.12
595.00	363.38
596.00	341.81
597.00	352.58
598.00	357.17
599.00	344.70
600.00	358.81
601.00	352.15
602.00	357.29
603.00	343.20
604.00	342.28
605.00	356.45
606.00	346.99
607.00	348.14
608.00	339.05
609.00	350.78
610.00	341.22
611.00	343.43
612.00	357.33
613.00	384.41
614.00	371.06
615.00	370.95
616.00	361.82
617.00	346.34
618.00	358.01
619.00	357.91
620.00	368.17
621.00	366.69
622.00	377.75
623.00	383.63
624.00	386.89
625.00	389.45
626.00	391.84
627.00	390.20
628.00	386.01
629.00	399.56
630.00	400.51
631.00	405.73
632.00	397.47
633.00	420.27
634.00	386.05
635.00	412.38
636.00	406.12
637.00	409.62
638.00	405.87
639.00	407.88
640.00	394.87
641.00	405.05
642.00	411.03
643.00	409.03
644.00	405.50
645.00	410.11
646.00	418.12
647.00	408.76
648.00	416.25
649.00	406.38
650.00	416.48
651.00	398.25
652.00	415.80
653.00	397.68
654.00	406.90
655.00	389.28
656.00	404.15
657.00	407.80
658.00	389.69
659.00	417.09
660.00	403.99
661.00	410.83
662.00	416.62
663.00	407.43
664.00	426.04
665.00	412.57
666.00	427.40
667.00	424.92
668.00	437.70
669.00	440.83
670.00	448.92
671.00	441.57
672.00	435.16
673.00	456.25
674.00	445.15
675.00	453.77
676.00	456.46
677.00	451.62
678.00	448.86
679.00	474.91
680.00	458.46
681.00	473.86
682.00	473.54
683.00	483.45
684.00	487.91
685.00	490.51
686.00	485.43
687.00	480.01
688.00	500.02
689.00	551.50
690.00	609.54
691.00	715.89
692.00	850.53
693.00	987.84
694.00	1168.39
695.00	1291.90
696.00	1425.45
697.00	1513.72
698.00	1610.79
699.00	1689.95
700.00	1746.82
701.00	1784.73
702.00	1804.43
703.00	1834.84
704.00	1849.55
705.00	1846.13
706.00	1866.67
707.00	1870.21
708.00	1877.79
709.00	1863.96
710.00	1858.19
711.00	1838.41
712.00	1783.83
713.00	1754.77
714.00	1753.68
715.00	1696.89
716.00	1646.94
717.00	1605.96
718.00	1590.81
719.00	1578.99
720.00	1537.15
721.00	1476.30
722.00	1316.85
723.00	1091.78
724.00	869.84
725.00	679.34
726.00	552.34
727.00	476.57
728.00	425.92
729.00	415.31
730.00	404.09
731.00	398.70
732.00	404.25
733.00	403.95
734.00	386.95
735.00	391.33
736.00	386.52
737.00	382.28
738.00	393.95
739.00	389.77
740.00	386.70
741.00	392.31
742.00	387.83
743.00	385.99
744.00	397.90
745.00	390.61
746.00	386.37
747.00	399.36
748.00	391.64
749.00	396.39
750.00	399.28
751.00	409.07
752.00	395.92
753.00	392.64
754.00	394.91
755.00	407.78
756.00	402.94
757.00	394.57
758.00	395.63
759.00	398.97
760.00	397.29
761.00	401.78
762.00	389.67
763.00	391.29
764.00	408.08
765.00	391.19
766.00	395.12
767.00	397.66
768.00	407.00
769.00	393.46
770.00	393.91
771.00	397.86
772.00	406.42
773.00	396.72
774.00	380.72
775.00	387.95
776.00	383.06
777.00	375.64
778.00	383.67
779.00	374.09
780.00	375.73
781.00	369.62
782.00	362.74
783.00	375.85
784.00	364.79
785.00	385.86
786.00	375.09
787.00	372.43
788.00	374.13
789.00	379.08
790.00	369.19
791.00	368.48
792.00	367.59
793.00	369.87
794.00	354.86
795.00	374.01
796.00	380.03
797.00	373.10
798.00	367.19
799.00	368.72
800.00	368.39
801.00	372.47
802.00	371.45
803.00	378.61
804.00	369.44
805.00	380.09
806.00	374.80
807.00	385.60
808.00	379.39
809.00	380.46
810.00	391.60
811.00	400.03
812.00	400.36
813.00	400.71
814.00	404.56
815.00	407.92
816.00	399.38
817.00	423.40
818.00	411.48
819.00	418.06
820.00	420.15
821.00	425.10
822.00	429.67
823.00	433.05
824.00	444.72
825.00	463.13
826.00	459.92
827.00	463.64
828.00	468.23
829.00	474.27
830.00	487.44
831.00	485.99
832.00	499.79
833.00	497.07
834.00	498.03
835.00	505.08
836.00	517.90
837.00	519.53
838.00	538.25
839.00	532.93
840.00	537.00
841.00	553.22
842.00	544.29
843.00	548.41
844.00	542.76
845.00	554.29
846.00	558.45
847.00	554.59
848.00	552.79
849.00	558.26
850.00	568.38
851.00	570.41
852.00	560.00
853.00	578.47
854.00	560.62
855.00	576.61
856.00	584.62
857.00	587.69
858.00	602.15
859.00	591.85
860.00	587.73
861.00	606.65
862.00	612.55
863.00	607.17
864.00	605.10
865.00	621.54
866.00	623.32
867.00	627.20
868.00	629.80
869.00	639.85
870.00	645.22
871.00	639.69
872.00	649.52
873.00	644.56
874.00	650.52
875.00	653.49
876.00	655.85
877.00	659.76
878.00	654.80
879.00	658.08
880.00	648.62
881.00	671.23
882.00	654.99
883.00	664.49
884.00	658.14
885.00	651.44
886.00	627.77
887.00	652.63
888.00	645.73
889.00	656.85
890.00	670.63
891.00	666.07
892.00	670.67
893.00	666.66
894.00	664.04
895.00	665.88
896.00	659.90
897.00	674.83
898.00	657.96
899.00	672.15
900.00	675.59
901.00	684.37
902.00	676.37
903.00	681.45
904.00	687.77
905.00	681.86
906.00	685.15
907.00	697.32
908.00	704.24
909.00	702.03
910.00	706.21
911.00	717.00
912.00	729.39
913.00	725.21
914.00	729.70
915.00	733.69
916.00	741.84
917.00	739.61
918.00	749.64
919.00	758.16
920.00	769.90
921.00	780.36
922.00	773.11
923.00	791.67
924.00	799.45
925.00	790.34
926.00	823.53
927.00	826.77
928.00	845.80
929.00	867.79
930.00	935.09
931.00	962.04
932.00	1042.01
933.00	1105.52
934.00	1193.95
935.00	1283.59
936.00	1380.85
937.00	1486.75
938.00	1595.88
939.00	1692.88
940.00	1809.12
941.00	1928.15
942.00	2051.78
943.00	2191.31
944.00	2317.55
945.00	2496.32
946.00	2686.16
947.00	2974.99
948.00	3382.41
949.00	4441.41
950.00	9597.28
951.00	23699.67
952.00	42886.87
953.00	64302.52
954.00	64301.06
955.00	64301.57
956.00	64302.03
957.00	64305.16
958.00	64292.97
959.00	64302.64
960.00	64299.75
961.00	64303.62
962.00	64302.68
963.00	64303.25
964.00	64298.18
965.00	64301.12
966.00	64295.92
967.00	64301.49
968.00	64301.66
969.00	64308.54
970.00	64298.07
971.00	64301.37
972.00	64296.48
973.00	64308.82
974.00	64291.48
975.00	64303.93
976.00	64304.52
977.00	64303.52
978.00	64301.70
979.00	64310.69
980.00	64302.48
981.00	64302.19
982.00	64297.46
983.00	64302.60
984.00	64294.04
985.00	64304.52
986.00	64296.41
987.00	64302.60
988.00	64295.92
989.00	64309.73
990.00	64299.79
991.00	64302.27
992.00	64295.47
993.00	64302.13
994.00	64300.69
995.00	64305.57
996.00	64305.59
997.00	64304.36
998.00	64300.96
999.00	64307.94
1000.00	64300.20
1001.00	64306.82
1002.00	64302.17
1003.00	64305.20
1004.00	64295.23
1005.00	64306.41
1006.00	64297.93
1007.00	64298.58
1008.00	64300.61
1009.00	64303.32
1010.00	64298.87
1011.00	64305.24
1012.00	64301.60
1013.00	64301.21
1014.00	64296.39
1015.00	64308.82
1016.00	64297.03
1017.00	64305.38
1018.00	64296.33
1019.00	64291.89
1020.00	64293.16
1021.00	64303.11
1022.00	64294.98
1023.00	64302.93
1024.00	64303.58
1025.00	64296.19
1026.00	64296.72
1027.00	64296.54
1028.00	64304.83
1029.00	64301.86
1030.00	64290.99
1031.00	64302.93
1032.00	64300.55
1033.00	64304.03
1034.00	64299.85
1035.00	64303.66
1036.00	64292.75
1037.00	64301.76
1038.00	64300.43
1039.00	64304.20
1040.00	64296.15
1041.00	64310.89
1042.00	64301.51
1043.00	64301.68
1044.00	64297.50
1045.00	64300.18
1046.00	64294.04
1047.00	64300.16
1048.00	64302.31
1049.00	64311.30
1050.00	64297.17
1051.00	64305.30
1052.00	64296.52
1053.00	64300.20
1054.00	64299.77
1055.00	64304.97
1056.00	64296.23
1057.00	64306.24
1058.00	64297.44
1059.00	64303.09
1060.00	64302.60
1061.00	64302.27
1062.00	64294.04
1063.00	64298.28
1064.00	64297.23
1065.00	64304.99
1066.00	64299.10
1067.00	64302.99
1068.00	64294.80
1069.00	64299.65
1070.00	64306.67
1071.00	64302.37
1072.00	64294.39
1073.00	64303.99
1074.00	64300.24
1075.00	64307.86
1076.00	64304.87
1077.00	64304.52
1078.00	64296.27
1079.00	64297.09
1080.00	64299.81
1081.00	64304.18
1082.00	40756.88
1083.00	11723.19
1084.00	880.00
1085.00	866.25
1086.00	871.50
1087.00	870.80
1088.00	876.86
1089.00	888.48
1090.00	899.29
1091.00	923.13
1092.00	926.06
1093.00	939.47
1094.00	971.34
1095.00	991.16
1096.00	1030.01
1097.00	1072.59
1098.00	1101.38
1099.00	1203.64
1100.00	1458.49
1101.00	2657.08
1102.00	5377.91
1103.00	9302.27
1104.00	14365.17
1105.00	21085.54
1106.00	29355.83
1107.00	37338.28
1108.00	44891.36
1109.00	51469.25
1110.00	57890.88
1111.00	63306.57
1112.00	64301.02
1113.00	64302.58
1114.00	64298.83
1115.00	64307.92
1116.00	64299.26
1117.00	64298.87
1118.00	64307.47
1119.00	64300.22
1120.00	64301.08
1121.00	64299.69
1122.00	64302.41
1123.00	64308.19
1124.00	64296.50
1125.00	64306.74
1126.00	64298.15
1127.00	64301.62
1128.00	64298.61
1129.00	64302.99
1130.00	64297.56
1131.00	64306.31
1132.00	64303.19
1133.00	64305.24
1134.00	64295.10
1135.00	64304.09
1136.00	64299.36
1137.00	64306.37
1138.00	64299.51
1139.00	64294.76
1140.00	64294.67
1141.00	64302.37
1142.00	64300.65
1143.00	64302.05
1144.00	64297.09
1145.00	64305.51
1146.00	64296.31
1147.00	64305.73
1148.00	64300.14
1149.00	64298.38
1150.00	64300.74
1151.00	64307.45
1152.00	64296.66
1153.00	64299.81
1154.00	64301.02
1155.00	64311.55
1156.00	64294.24
1157.00	64302.48
1158.00	64300.47
1159.00	64302.05
1160.00	64300.45
1161.00	64306.63
1162.00	64297.56
1163.00	64302.84
1164.00	64294.61
1165.00	64303.21
1166.00	64299.53
1167.00	64309.38
1168.00	43061.80
1169.00	2041.32
1170.00	668.69
1171.00	621.93
1172.00	616.71
1173.00	586.95
1174.00	577.92
1175.00	574.26
1176.00	567.01
1177.00	546.87
1178.00	547.18
1179.00	535.73
1180.00	531.15
1181.00	517.77
1182.00	470.14
1183.00	502.90
1184.00	499.96
1185.00	499.44
1186.00	493.75
1187.00	473.64
1188.00	482.10
1189.00	477.43
1190.00	462.35
1191.00	460.55
1192.00	457.23
1193.00	449.25
1194.00	448.84
1195.00	438.50
1196.00	441.38
1197.00	426.39
1198.00	418.30
1199.00	428.09
1200.00	424.53
1201.00	418.92
1202.00	413.67
1203.00	421.93
1204.00	409.93
1205.00	406.20
1206.00	400.40
1207.00	396.96
1208.00	402.04
1209.00	385.37
1210.00	381.13
1211.00	389.20
1212.00	374.70
1213.00	370.28
1214.00	363.23
1215.00	372.18
1216.00	368.72
1217.00	364.15
1218.00	366.18
1219.00	362.11
1220.00	359.05
1221.00	359.79
1222.00	354.18
1223.00	354.86
1224.00	352.77
1225.00	348.36
1226.00	346.28
1227.00	346.32
1228.00	346.34
1229.00	349.18
1230.00	350.27
1231.00	355.74
1232.00	344.68
1233.00	357.87
1234.00	352.81
1235.00	358.07
1236.00	359.40
1237.00	367.27
1238.00	368.13
1239.00	370.79
1240.00	375.11
1241.00	380.25
1242.00	383.45
1243.00	383.49
1244.00	387.48
1245.00	378.06
1246.00	388.18
1247.00	381.25
1248.00	392.40
1249.00	387.19
1250.00	384.43
1251.00	381.73
1252.00	382.16
1253.00	387.60
1254.00	382.89
1255.00	382.34
1256.00	386.70
1257.00	385.72
1258.00	376.95
1259.00	388.05
1260.00	377.57
1261.00	375.68
1262.00	369.81
1263.00	370.99
1264.00	375.66
1265.00	353.22
1266.00	350.80
1267.00	347.01
1268.00	338.19
1269.00	319.61
1270.00	315.02
1271.00	316.97
1272.00	305.13
1273.00	305.25
1274.00	298.82
1275.00	303.49
1276.00	292.17
1277.00	291.14
1278.00	298.39
1279.00	291.08
1280.00	298.74
1281.00	298.76
1282.00	301.02
1283.00	309.90
1284.00	304.25
1285.00	305.71
1286.00	309.08
1287.00	309.60
1288.00	291.90
1289.00	309.02
1290.00	294.28
1291.00	296.96
1292.00	284.88
1293.00	297.17
1294.00	265.40
1295.00	291.57
1296.00	289.20
1297.00	290.55
1298.00	287.74
1299.00	285.31
1300.00	284.71
1301.00	282.19
1302.00	272.84
1303.00	269.87
1304.00	264.30
1305.00	262.80
1306.00	265.09
1307.00	262.53
1308.00	264.93
1309.00	255.12
1310.00	260.16
1311.00	254.67
1312.00	239.62
1313.00	230.81
1314.00	219.61
1315.00	218.69
1316.00	207.24
1317.00	204.90
1318.00	199.50
1319.00	198.25
1320.00	216.27
1321.00	200.42
1322.00	191.33
1323.00	207.10
1324.00	186.25
1325.00	185.71
1326.00	184.57
1327.00	194.56
1328.00	197.10
1329.00	178.87
1330.00	182.44
1331.00	190.20
1332.00	185.10
1333.00	182.09
1334.00	186.96
1335.00	203.04
1336.00	187.82
1337.00	197.41
1338.00	201.57
1339.00	203.18
1340.00	210.35
1341.00	211.74
1342.00	206.40
1343.00	211.44
1344.00	225.06
1345.00	216.95
1346.00	208.77
1347.00	218.61
1348.00	220.49
1349.00	231.45
1350.00	223.13
1351.00	218.15
1352.00	223.38
1353.00	214.90
1354.00	212.54
1355.00	216.41
1356.00	214.65
1357.00	207.57
1358.00	196.43
1359.00	203.00
1360.00	208.69
1361.00	192.27
1362.00	192.70
1363.00	192.99
1364.00	188.07
1365.00	187.17
1366.00	181.89
1367.00	184.65
1368.00	178.73
1369.00	159.23
1370.00	157.08
1371.00	163.43
1372.00	152.97
1373.00	156.31
1374.00	159.50
1375.00	160.73
1376.00	153.13
1377.00	156.26
1378.00	152.46
1379.00	151.06
1380.00	158.72
1381.00	155.63
1382.00	152.07
1383.00	157.96
1384.00	155.96
1385.00	152.93
1386.00	157.56
1387.00	154.95
1388.00	152.39
1389.00	155.22
1390.00	153.81
1391.00	158.62
1392.00	158.82
1393.00	147.60
1394.00	148.77
1395.00	158.13
1396.00	153.50
1397.00	134.33
1398.00	140.93
1399.00	135.11
1400.00	137.63
1401.00	140.23
1402.00	143.38
1403.00	133.82
1404.00	143.36
1405.00	127.53
1406.00	134.66
1407.00	132.63
1408.00	136.48
1409.00	134.23
1410.00	138.84
1411.00	138.55
1412.00	142.58
1413.00	134.95
1414.00	145.00
1415.00	133.02
1416.00	136.71
1417.00	141.99
1418.00	131.34
1419.00	145.21
1420.00	144.51
1421.00	148.28
1422.00	139.45
1423.00	137.73
1424.00	147.19
1425.00	144.61
1426.00	147.46
1427.00	149.55
1428.00	158.21
1429.00	167.04
1430.00	165.28
1431.00	162.16
1432.00	163.06
1433.00	167.47
1434.00	180.25
1435.00	178.30
1436.00	175.93
1437.00	178.65
1438.00	176.91
1439.00	187.37
1440.00	176.87
1441.00	186.84
1442.00	177.09
1443.00	181.56
1444.00	169.56
1445.00	164.29
1446.00	167.75
1447.00	163.17
1448.00	164.56
1449.00	156.80
1450.00	160.52
1451.00	147.46
1452.00	154.22
1453.00	154.83
1454.00	148.89
1455.00	153.77
1456.00	160.03
1457.00	154.28
1458.00	149.90
1459.00	137.57
1460.00	132.57
1461.00	134.66
1462.00	130.38
1463.00	130.79
1464.00	122.76
1465.00	128.27
1466.00	117.87
1467.00	118.85
1468.00	117.60
1469.00	112.05
1470.00	118.28
1471.00	116.12
1472.00	124.17
1473.00	121.67
1474.00	116.06
1475.00	119.34
1476.00	123.78
1477.00	111.00
1478.00	110.98
1479.00	124.46
1480.00	120.10
1481.00	113.42
1482.00	118.85
1483.00	111.00
1484.00	114.08
1485.00	111.72
1486.00	107.91
1487.00	112.58
1488.00	118.34
1489.00	109.90
1490.00	100.40
1491.00	116.21
1492.00	113.36
1493.00	117.01
1494.00	111.07
1495.00	113.18
1496.00	113.85
1497.00	113.65
1498.00	113.89
1499.00	103.69
1500.00	113.93
1501.00	113.81
1502.00	110.39
1503.00	101.07
1504.00	103.12
1505.00	105.82
1506.00	109.53
1507.00	111.19
1508.00	113.11
1509.00	105.45
1510.00	115.18
1511.00	116.25
1512.00	102.14
1513.00	108.69
1514.00	103.86
1515.00	106.13
1516.00	114.45
1517.00	103.04
1518.00	106.68
1519.00	110.25
1520.00	104.98
1521.00	87.78
1522.00	108.28
1523.00	90.50
1524.00	110.47
1525.00	103.30
1526.00	101.36
1527.00	94.29
1528.00	114.92
1529.00	102.79
1530.00	109.28
1531.00	109.20
1532.00	102.69
1533.00	107.54
1534.00	104.43
1535.00	111.72
1536.00	106.48
1537.00	109.16
1538.00	108.32
1539.00	104.47
1540.00	101.91
1541.00	104.14
1542.00	110.43
1543.00	98.25
1544.00	114.38
1545.00	113.44
1546.00	105.35
1547.00	105.99
1548.00	110.02
1549.00	108.90
1550.00	104.49
1551.00	96.53
1552.00	106.40
1553.00	122.45
1554.00	106.11
1555.00	99.95
1556.00	125.16
1557.00	142.58
1558.00	155.77
1559.00	169.00
1560.00	189.22
1561.00	223.87
1562.00	244.55
1563.00	257.35
1564.00	285.31
1565.00	297.88
1566.00	307.00
1567.00	312.98
1568.00	333.70
1569.00	342.83
1570.00	347.98
1571.00	355.96
1572.00	367.08
1573.00	365.44
1574.00	363.70
1575.00	356.11
1576.00	360.80
1577.00	362.39
1578.00	350.72
1579.00	376.34
1580.00	366.92
1581.00	367.70
1582.00	362.45
1583.00	352.83
1584.00	363.58
1585.00	341.18
1586.00	339.41
1587.00	341.73
1588.00	341.63
1589.00	316.68
1590.00	314.45
1591.00	280.13
1592.00	251.09
1593.00	209.10
1594.00	204.86
1595.00	206.01
1596.00	204.33
1597.00	193.54
1598.00	197.98
1599.00	214.65
1600.00	205.29
1601.00	217.09
1602.00	211.83
1603.00	220.04
1604.00	223.13
1605.00	215.16
1606.00	223.85
1607.00	228.50
1608.00	226.72
1609.00	237.61
1610.00	227.27
1611.00	226.49
1612.00	213.87
1613.00	211.68
1614.00	201.42
1615.00	194.21
1616.00	183.07
1617.00	182.89
1618.00	178.69
1619.00	181.52
1620.00	177.01
1621.00	174.45
1622.00	173.24
1623.00	163.60
1624.00	162.22
1625.00	165.46
1626.00	159.50
1627.00	163.70
1628.00	154.24
1629.00	141.05
1630.00	132.82
1631.00	127.10
1632.00	127.86
1633.00	108.32
1634.00	100.38
1635.00	105.64
1636.00	96.96
1637.00	92.08
1638.00	90.59
1639.00	93.95
1640.00	87.62
1641.00	93.21
1642.00	89.03
1643.00	93.52
1644.00	88.52
1645.00	90.83
1646.00	84.95
1647.00	88.95
1648.00	89.54
1649.00	93.21
1650.00	96.16
1651.00	82.37
1652.00	90.57
1653.00	97.73
1654.00	86.82
1655.00	101.54
1656.00	100.70
1657.00	106.87
1658.00	119.16
1659.00	123.99
1660.00	128.43
1661.00	136.24
1662.00	135.64
1663.00	150.80
1664.00	155.34
1665.00	162.88
1666.00	159.62
1667.00	169.17
1668.00	173.61
1669.00	181.23
1670.00	182.21
1671.00	175.09
1672.00	195.93
1673.00	208.51
1674.00	255.51
1675.00	292.86
1676.00	336.92
1677.00	406.92
1678.00	484.82
1679.00	527.15
1680.00	596.78
1681.00	663.81
1682.00	711.24
1683.00	744.91
1684.00	794.41
1685.00	810.86
1686.00	838.10
1687.00	870.60
1688.00	895.87
1689.00	914.30
1690.00	923.99
1691.00	946.31
1692.00	931.15
1693.00	950.06
1694.00	966.85
1695.00	970.58
1696.00	977.46
1697.00	958.84
1698.00	954.95
1699.00	940.23
1700.00	937.26
1701.00	949.89
1702.00	1096.67
1703.00	1475.65
1704.00	2014.78
1705.00	2720.77
1706.00	3682.54
1707.00	4884.43
1708.00	6177.13
1709.00	7154.67
1710.00	8102.98
1711.00	9098.99
1712.00	9929.93
1713.00	10761.63
1714.00	11379.99
1715.00	11750.33
1716.00	12389.56
1717.00	12907.82
1718.00	13029.00
1719.00	13218.87
1720.00	13620.33
1721.00	13778.02
1722.00	13741.34
1723.00	13788.65
1724.00	13741.26
1725.00	13734.32
1726.00	13708.58
1727.00	13619.16
1728.00	13175.73
1729.00	12826.80
1730.00	12373.93
1731.00	11821.41
1732.00	11395.93
1733.00	11055.25
1734.00	10593.12
1735.00	10211.36
1736.00	9859.70
1737.00	9398.15
1738.00	8225.34
1739.00	6479.06
1740.00	4682.26
1741.00	3416.49
1742.00	2456.73
1743.00	1732.69
1744.00	1263.03
1745.00	928.96
1746.00	694.88
1747.00	544.48
1748.00	444.03
1749.00	357.48
1750.00	303.00
1751.00	268.96
1752.00	249.71
1753.00	230.85
1754.00	252.66
1755.00	328.72
1756.00	455.43
1757.00	638.44
1758.00	878.81
1759.00	1206.52
1760.00	1637.19
1761.00	1946.09
1762.00	2313.00
1763.00	2584.91
1764.00	2901.26
1765.00	3172.31
1766.00	3362.05
1767.00	3537.95
1768.00	3709.70
1769.00	3915.23
1770.00	4012.69
1771.00	4064.90
1772.00	4218.49
1773.00	4276.20
1774.00	4319.46
1775.00	4347.84
1776.00	4348.56
1777.00	4335.74
1778.00	4275.88
1779.00	4256.77
1780.00	4230.33
1781.00	4079.60
1782.00	3995.55
1783.00	3820.37
1784.00	3689.36
1785.00	3586.80
1786.00	3426.54
1787.00	3345.26
1788.00	3257.67
1789.00	3107.70
1790.00	2922.91
1791.00	2546.82
1792.00	1963.97
1793.00	1498.85
1794.00	1134.29
1795.00	873.07
1796.00	683.02
1797.00	548.47
1798.00	479.76
1799.00	422.21
1800.00	405.99
1801.00	417.71
1802.00	425.51
1803.00	445.07
1804.00	454.08
1805.00	485.76
1806.00	494.14
1807.00	519.02
1808.00	542.94
1809.00	553.51
1810.00	556.17
1811.00	575.42
1812.00	583.27
1813.00	594.92
1814.00	611.39
1815.00	602.35
1816.00	613.49
1817.00	600.80
1818.00	602.09
1819.00	603.81
1820.00	598.79
1821.00	578.72
1822.00	580.81
1823.00	566.51
1824.00	544.95
1825.00	521.62
1826.00	500.22
1827.00	491.17
1828.00	478.86
1829.00	460.08
1830.00	456.42
1831.00	436.55
1832.00	396.47
1833.00	337.80
1834.00	274.62
1835.00	224.67
1836.00	188.01
1837.00	167.49
1838.00	138.84
1839.00	130.19
1840.00	122.78
1841.00	125.71
1842.00	111.58
1843.00	113.69
1844.00	109.12
1845.00	109.90
1846.00	110.19
1847.00	101.63
1848.00	111.80
1849.00	102.55
1850.00	106.62
1851.00	112.09
1852.00	104.23
1853.00	112.70
1854.00	93.64
1855.00	108.81
1856.00	103.80
1857.00	108.01
1858.00	113.83
1859.00	107.44
1860.00	120.57
1861.00	132.77
1862.00	207.05
1863.00	307.79
1864.00	449.04
1865.00	634.71
1866.00	866.71
1867.00	1158.52
1868.00	1418.63
1869.00	1657.06
1870.00	1898.06
1871.00	2090.92
1872.00	2303.70
1873.00	2404.98
1874.00	2552.08
1875.00	2671.33
1876.00	2748.32
1877.00	2840.27
1878.00	2912.44
1879.00	2959.55
1880.00	3114.86
1881.00	3114.51
1882.00	3111.85
1883.00	3076.44
1884.00	3092.60
1885.00	3066.90
1886.00	3051.95
1887.00	3027.54
1888.00	2950.51
1889.00	2897.68
1890.00	2782.29
1891.00	2691.14
1892.00	2620.11
1893.00	2517.08
1894.00	2417.63
1895.00	2361.70
1896.00	2281.13
1897.00	2141.77
1898.00	1863.29
1899.00	1497.36
1900.00	1137.16
1901.00	858.76
1902.00	650.26
1903.00	486.62
1904.00	386.52
1905.00	300.56
1906.00	247.13
1907.00	211.25
1908.00	190.57
1909.00	178.32
1910.00	177.40
1911.00	174.90
1912.00	161.96
1913.00	166.55
1914.00	164.97
1915.00	165.58
1916.00	182.38
1917.00	175.29
1918.00	199.89
1919.00	262.66
1920.00	396.08
1921.00	643.58
1922.00	939.61
1923.00	1337.57
1924.00	1927.49
1925.00	2510.86
1926.00	3112.36
1927.00	3691.78
1928.00	4177.27
1929.00	4670.87
1930.00	5027.05
1931.00	5420.61
1932.00	5652.23
1933.00	5964.43
1934.00	6192.55
1935.00	6467.90
1936.00	6636.73
1937.00	6812.68
1938.00	6901.88
1939.00	7036.11
1940.00	7038.48
1941.00	6994.08
1942.00	6966.15
1943.00	6973.95
1944.00	6835.26
1945.00	6759.22
1946.00	6667.52
1947.00	6571.08
1948.00	6261.32
1949.00	6102.58
1950.00	5864.67
1951.00	5730.71
1952.00	5473.77
1953.00	5312.48
1954.00	5077.43
1955.00	4806.01
1956.00	4378.17
1957.00	3539.69
1958.00	2665.11
1959.00	1997.88
1960.00	1480.62
1961.00	1072.22
1962.00	796.38
1963.00	605.98
1964.00	476.57
1965.00	391.90
1966.00	328.68
1967.00	279.16
1968.00	251.56
1969.00	226.63
1970.00	230.09
1971.00	227.39
1972.00	213.65
1973.00	211.93
1974.00	211.85
1975.00	223.23
1976.00	226.98
1977.00	239.64
1978.00	216.78
1979.00	256.90
1980.00	268.64
1981.00	313.59
1982.00	497.25
1983.00	999.80
1984.00	1863.10
1985.00	3032.84
1986.00	4412.52
1987.00	6348.67
1988.00	8889.62
1989.00	11297.42
1990.00	13593.19
1991.00	15877.48
1992.00	17985.84
1993.00	20305.39
1994.00	22170.17
1995.00	23936.19
1996.00	25972.69
1997.00	27261.87
1998.00	28604.78
1999.00	29792.05
2000.00	30733.20
2001.00	31596.29
2002.00	32353.75
2003.00	32716.14
2004.00	32861.26
2005.00	33447.64
2006.00	33654.17
2007.00	33680.45
2008.00	33396.58
2009.00	32892.06
2010.00	32392.11
2011.00	31525.31
2012.00	30918.50
2013.00	29946.53
2014.00	29304.94
2015.00	28327.32
2016.00	27267.19
2017.00	26456.40
2018.00	25061.84
2019.00	23420.29
2020.00	20140.30
2021.00	16721.30
2022.00	13802.56
2023.00	11435.29
2024.00	9421.48
2025.00	7718.80
2026.00	5963.01
2027.00	4358.06
2028.00	3294.10
2029.00	2407.74
2030.00	1781.29
2031.00	1293.83
2032.00	966.24
2033.00	715.77
2034.00	586.87
2035.00	465.98
2036.00	391.00
2037.00	334.70
2038.00	284.61
2039.00	280.23
2040.00	256.94
2041.00	249.06
2042.00	255.78
2043.00	243.10
2044.00	241.58
2045.00	249.37
2046.00	254.28
2047.00	250.00
2048.00	259.97
2049.00	269.54
2050.00	282.22
2051.00	410.03
2052.00	803.20
2053.00	1733.10
2054.00	2947.63
2055.00	4524.60
2056.00	6678.90
2057.00	9481.34
2058.00	12424.95
2059.00	14934.41
2060.00	17422.38
2061.00	19540.94
2062.00	21701.57
2063.00	23496.35
2064.00	25090.10
2065.00	26618.31
2066.00	27852.22
2067.00	29224.27
2068.00	30063.24
2069.00	30463.15
2070.00	31274.23
2071.00	32255.00
2072.00	32580.05
2073.00	32757.82
2074.00	32863.39
2075.00	33209.99
2076.00	32961.78
2077.00	32681.57
2078.00	32413.29
2079.00	31932.94
2080.00	30914.75
2081.00	29996.64
2082.00	29139.59
2083.00	28102.29
2084.00	27198.87
2085.00	26236.94
2086.00	25459.12
2087.00	24252.05
2088.00	22954.81
2089.00	20416.29
2090.00	16366.04
2091.00	12269.96
2092.00	9178.69
2093.00	6808.29
2094.00	4929.34
2095.00	3523.33
2096.00	2558.39
2097.00	1860.97
2098.00	1422.36
2099.00	1212.10
2100.00	1333.50
2101.00	1666.91
2102.00	2232.80
2103.00	2989.18
2104.00	4166.60
2105.00	5508.71
2106.00	6798.38
2107.00	7989.99
2108.00	9013.46
2109.00	10257.46
2110.00	10930.57
2111.00	11613.87
2112.00	12202.99
2113.00	12870.85
2114.00	13302.48
2115.00	13603.97
2116.00	14053.08
2117.00	14503.88
2118.00	14907.54
2119.00	15226.76
2120.00	15312.38
2121.00	15353.46
2122.00	15301.42
2123.00	15271.79
2124.00	15205.58
2125.00	15012.58
2126.00	14911.35
2127.00	14623.44
2128.00	14290.10
2129.00	13922.04
2130.00	13350.06
2131.00	12921.42
2132.00	12540.29
2133.00	12041.84
2134.00	11717.70
2135.00	11155.70
2136.00	10201.63
2137.00	8567.99
2138.00	6582.03
2139.00	4967.64
2140.00	3698.00
2141.00	2733.37
2142.00	1935.23
2143.00	1407.04
2144.00	1024.36
2145.00	746.82
2146.00	578.52
2147.00	441.92
2148.00	341.81
2149.00	264.97
2150.00	224.85
2151.00	200.73
2152.00	181.33
2153.00	168.39
2154.00	145.47
2155.00	142.03
2156.00	137.32
2157.00	125.40
2158.00	123.68
2159.00	122.47
2160.00	119.93
2161.00	109.61
2162.00	109.28
2163.00	105.91
2164.00	103.04
2165.00	109.16
2166.00	105.25
2167.00	94.97
2168.00	101.99
2169.00	100.19
2170.00	105.60
2171.00	106.25
2172.00	97.39
2173.00	98.74
2174.00	96.71
2175.00	95.44
2176.00	99.54
2177.00	101.11
2178.00	99.78
2179.00	102.01
2180.00	94.83
2181.00	100.81
2182.00	92.41
2183.00	99.72
2184.00	90.01
2185.00	97.57
2186.00	98.55
2187.00	102.08
2188.00	99.97
2189.00	98.16
2190.00	87.06
2191.00	102.34
2192.00	92.43
2193.00	95.19
2194.00	95.07
2195.00	100.83
2196.00	102.06
2197.00	105.00
2198.00	100.70
2199.00	99.09
2200.00	102.59
2201.00	106.50
2202.00	103.49
2203.00	92.80
2204.00	102.92
2205.00	99.47
2206.00	113.52
2207.00	109.41
2208.00	101.65
2209.00	107.03
2210.00	116.21
2211.00	104.43
2212.00	114.10
2213.00	118.81
2214.00	116.43
2215.00	112.34
2216.00	121.20
2217.00	113.24
2218.00	135.83
2219.00	178.20
2220.00	341.26
2221.00	591.17
2222.00	905.31
2223.00	1290.20
2224.00	1802.48
2225.00	2385.38
2226.00	2978.78
2227.00	3468.59
2228.00	3940.93
2229.00	4353.78
2230.00	4711.32
2231.00	5056.85
2232.00	5405.78
2233.00	5639.09
2234.00	5907.47
2235.00	6144.46
2236.00	6337.81
2237.00	6426.82
2238.00	6608.78
2239.00	6758.26
2240.00	6844.99
2241.00	6879.93
2242.00	6944.52
2243.00	6763.67
2244.00	6781.24
2245.00	6729.49
2246.00	6827.36
2247.00	6682.26
2248.00	6483.57
2249.00	6342.42
2250.00	6229.50
2251.00	6111.61
2252.00	6148.05
2253.00	6185.10
2254.00	6244.61
2255.00	6472.92
2256.00	6718.20
2257.00	6732.87
2258.00	6438.57
2259.00	6201.01
2260.00	6312.85
2261.00	6559.92
2262.00	6820.83
2263.00	7152.35
2264.00	7470.32
2265.00	7654.17
2266.00	8155.14
2267.00	8506.55
2268.00	8841.17
2269.00	9129.07
2270.00	9359.06
2271.00	9603.87
2272.00	9777.46
2273.00	9971.36
2274.00	10019.94
2275.00	10125.47
2276.00	10141.65
2277.00	10062.23
2278.00	9978.16
2279.00	9849.63
2280.00	9743.71
2281.00	9663.59
2282.00	9374.75
2283.00	9176.13
2284.00	8925.97
2285.00	8636.27
2286.00	8352.19
2287.00	8142.22
2288.00	7693.24
2289.00	7032.85
2290.00	6225.56
2291.00	5517.56
2292.00	4971.47
2293.00	4237.81
2294.00	3382.53
2295.00	2548.25
2296.00	1926.04
2297.00	1444.07
2298.00	1102.92
2299.00	824.25
2300.00	626.21
2301.00	487.36
2302.00	407.69
2303.00	387.95
2304.00	483.53
2305.00	686.16
2306.00	969.72
2307.00	1351.05
2308.00	1893.60
2309.00	2586.77
2310.00	3341.61
2311.00	4295.17
2312.00	5413.56
2313.00	6662.05
2314.00	8140.82
2315.00	9951.23
2316.00	11388.19
2317.00	12963.93
2318.00	14268.84
2319.00	15330.44
2320.00	16542.47
2321.00	17690.03
2322.00	18469.41
2323.00	19195.17
2324.00	19768.94
2325.00	20175.81
2326.00	21011.73
2327.00	21308.73
2328.00	21879.87
2329.00	21912.98
2330.00	22252.52
2331.00	22176.70
2332.00	22205.47
2333.00	21868.65
2334.00	21870.02
2335.00	21452.19
2336.00	21453.58
2337.00	21022.28
2338.00	20531.59
2339.00	19961.23
2340.00	19390.79
2341.00	18556.42
2342.00	17488.06
2343.00	16259.67
2344.00	14842.04
2345.00	13969.92
2346.00	12885.21
2347.00	11743.00
2348.00	10282.75
2349.00	7822.88
2350.00	5912.74
2351.00	4498.82
2352.00	3378.95
2353.00	2467.05
2354.00	1830.97
2355.00	1333.74
2356.00	982.91
2357.00	714.17
2358.00	532.25
2359.00	409.00
2360.00	317.15
2361.00	259.44
2362.00	219.06
2363.00	201.32
2364.00	173.32
2365.00	165.93
2366.00	162.02
2367.00	147.25
2368.00	138.96
2369.00	142.01
2370.00	130.91
2371.00	128.58
2372.00	124.75
2373.00	119.75
2374.00	130.38
2375.00	117.70
2376.00	113.54
2377.00	102.69
2378.00	109.06
2379.00	104.57
2380.00	104.14
2381.00	111.33
2382.00	103.94
2383.00	109.78
2384.00	102.94
2385.00	122.31
2386.00	125.42
2387.00	125.14
2388.00	112.50
2389.00	131.73
2390.00	151.76
2391.00	254.83
2392.00	512.94
2393.00	906.03
2394.00	1390.56
2395.00	1973.57
2396.00	2775.17
2397.00	3652.60
2398.00	4404.47
2399.00	5195.17
2400.00	5880.60
2401.00	6417.03
2402.00	6980.57
2403.00	7562.56
2404.00	7971.03
2405.00	8209.39
2406.00	8560.13
2407.00	8931.54
2408.00	9301.43
2409.00	9626.05
2410.00	9996.65
2411.00	10041.30
2412.00	10140.77
2413.00	10162.37
2414.00	10307.84
2415.00	10208.78
2416.00	10255.64
2417.00	10311.59
2418.00	10151.62
2419.00	9987.38
2420.00	9700.66
2421.00	9504.18
2422.00	9354.06
2423.00	9046.03
2424.00	8892.69
2425.00	8654.84
2426.00	8326.31
2427.00	8031.36
2428.00	7792.08
2429.00	7065.89
2430.00	5897.52
2431.00	4542.48
2432.00	3487.16
2433.00	2664.29
2434.00	2010.82
2435.00	1489.68
2436.00	1135.21
2437.00	835.49
2438.00	619.84
2439.00	454.45
2440.00	343.94
2441.00	263.80
2442.00	209.55
2443.00	163.21
2444.00	148.38
2445.00	130.91
2446.00	111.43
2447.00	115.59
2448.00	103.02
2449.00	104.16
2450.00	94.42
2451.00	91.59
2452.00	98.37
2453.00	90.46
2454.00	99.13
2455.00	97.18
2456.00	99.31
2457.00	98.21
2458.00	86.45
2459.00	93.62
2460.00	89.23
2461.00	79.02
2462.00	97.67
2463.00	99.88
2464.00	98.14
2465.00	102.55
2466.00	104.41
2467.00	101.99
2468.00	114.14
2469.00	129.05
2470.00	207.12
2471.00	365.10
2472.00	636.60
2473.00	921.96
2474.00	1329.12
2475.00	1840.62
2476.00	2383.59
2477.00	2883.79
2478.00	3336.56
2479.00	3869.68
2480.00	4437.26
2481.00	5058.12
2482.00	5687.95
2483.00	6416.37
2484.00	7164.66
2485.00	7939.53
2486.00	8741.82
2487.00	9477.88
2488.00	10037.47
2489.00	10664.90
2490.00	11121.93
2491.00	11578.63
2492.00	11971.20
2493.00	12219.70
2494.00	12367.36
2495.00	12739.48
2496.00	12905.42
2497.00	13046.79
2498.00	13225.21
2499.00	13172.15
2500.00	13197.96
2501.00	13008.85
2502.00	12873.76
2503.00	12726.02
2504.00	12768.37
2505.00	12447.83
2506.00	12227.36
2507.00	12080.21
2508.00	11524.46
2509.00	10788.60
2510.00	9588.14
2511.00	8744.89
2512.00	8132.73
2513.00	7448.84
2514.00	6943.60
2515.00	6534.93
2516.00	6132.69
2517.00	5633.37
2518.00	4795.67
2519.00	3757.97
2520.00	2851.47
2521.00	2158.48
2522.00	1640.26
2523.00	1252.79
2524.00	948.11
2525.00	718.64
2526.00	528.05
2527.00	384.27
2528.00	285.08
2529.00	206.09
2530.00	177.01
2531.00	149.85
2532.00	139.98
2533.00	168.16
2534.00	256.96
2535.00	370.69
2536.00	518.98
2537.00	695.07
2538.00	945.94
2539.00	1161.88
2540.00	1363.01
2541.00	1571.23
2542.00	1750.08
2543.00	1905.46
2544.00	2056.80
2545.00	2166.33
2546.00	2288.73
2547.00	2376.84
2548.00	2480.22
2549.00	2588.37
2550.00	2675.04
2551.00	2730.07
2552.00	2791.26
2553.00	2826.02
2554.00	2835.15
2555.00	2869.76
2556.00	2883.42
2557.00	2918.73
2558.00	2948.28
2559.00	2936.53
2560.00	2876.50
2561.00	2817.66
2562.00	2767.26
2563.00	2685.94
2564.00	2668.65
2565.00	2629.39
2566.00	2551.55
2567.00	2512.29
2568.00	2428.34
2569.00	2352.06
2570.00	2266.94
2571.00	2108.96
2572.00	1789.19
2573.00	1400.67
2574.00	1054.69
2575.00	821.45
2576.00	635.06
2577.00	488.24
2578.00	376.97
2579.00	281.46
2580.00	223.54
2581.00	163.66
2582.00	119.42
2583.00	92.25
2584.00	87.90
2585.00	62.16
2586.00	50.53
2587.00	53.93
2588.00	65.83
2589.00	54.99
2590.00	53.74
2591.00	50.88
2592.00	62.73
2593.00	46.29
2594.00	48.40
2595.00	60.79
2596.00	47.23
2597.00	52.41
2598.00	40.04
2599.00	44.24
2600.00	51.65
2601.00	45.16
2602.00	43.14
2603.00	51.53
2604.00	43.57
2605.00	48.73
2606.00	48.38
2607.00	49.26
2608.00	38.12
2609.00	48.69
2610.00	36.09
2611.00	55.18
2612.00	40.49
2613.00	45.84
2614.00	53.76
2615.00	55.67
2616.00	65.34
2617.00	83.85
2618.00	94.78
2619.00	134.13
2620.00	160.98
2621.00	197.39
2622.00	214.92
2623.00	242.20
2624.00	257.11
2625.00	288.91
2626.00	303.76
2627.00	317.67
2628.00	336.04
2629.00	341.81
2630.00	354.63
2631.00	359.61
2632.00	372.43
2633.00	381.17
2634.00	389.43
2635.00	401.90
2636.00	399.20
2637.00	404.72
2638.00	399.26
2639.00	398.42
2640.00	406.36
2641.00	395.75
2642.00	400.18
2643.00	381.93
2644.00	388.24
2645.00	372.41
2646.00	367.25
2647.00	366.28
2648.00	361.64
2649.00	355.94
2650.00	336.06
2651.00	337.92
2652.00	328.89
2653.00	299.83
2654.00	261.22
2655.00	211.42
2656.00	160.91
2657.00	122.47
2658.00	112.46
2659.00	86.39
2660.00	75.96
2661.00	68.65
2662.00	53.97
2663.00	41.17
2664.00	42.85
2665.00	37.54
2666.00	25.38
2667.00	23.33
2668.00	26.34
2669.00	38.08
2670.00	28.19
2671.00	21.55
2672.00	24.46
2673.00	23.72
2674.00	27.30
2675.00	31.75
2676.00	28.86
2677.00	24.64
2678.00	34.78
2679.00	34.64
2680.00	36.79
2681.00	41.80
2682.00	26.61
2683.00	30.01
2684.00	34.08
2685.00	34.68
2686.00	43.05
2687.00	33.28
2688.00	33.26
2689.00	29.58
2690.00	33.69
2691.00	40.49
2692.00	33.71
2693.00	28.00
2694.00	27.92
2695.00	25.44
2696.00	39.92
2697.00	33.88
2698.00	31.56
2699.00	29.58
2700.00	30.89
2701.00	29.52
2702.00	36.83
2703.00	26.92
2704.00	31.54
2705.00	23.37
2706.00	46.84
2707.00	28.12
2708.00	31.42
2709.00	17.80
2710.00	27.24
2711.00	17.06
2712.00	17.82
2713.00	19.24
2714.00	21.04
2715.00	23.31
2716.00	30.01
2717.00	14.32
2718.00	22.66
2719.00	20.34
2720.00	23.58
2721.00	23.23
2722.00	16.98
2723.00	8.42
2724.00	10.90
2725.00	17.52
2726.00	13.46
2727.00	19.17
2728.00	22.55
2729.00	14.34
2730.00	19.99
2731.00	25.75
2732.00	21.90
2733.00	18.50
2734.00	13.40
2735.00	13.44
2736.00	21.57
2737.00	16.53
2738.00	16.51
2739.00	17.41
2740.00	25.38
2741.00	14.73
2742.00	18.48
2743.00	21.02
2744.00	15.53
2745.00	21.16
2746.00	12.15
2747.00	19.24
2748.00	13.46
2749.00	10.76
2750.00	17.88
2751.00	21.26
2752.00	15.67
2753.00	21.86
2754.00	27.02
2755.00	17.54
2756.00	15.86
2757.00	26.71
2758.00	15.59
2759.00	20.28
2760.00	16.63
2761.00	12.48
2762.00	10.61
2763.00	20.14
2764.00	13.21
2765.00	19.77
2766.00	19.24
2767.00	20.20
2768.00	22.04
2769.00	7.46
2770.00	14.53
2771.00	18.83
2772.00	6.76
2773.00	16.84
2774.00	15.34
2775.00	15.43
2776.00	19.30
2777.00	7.42
2778.00	18.91
2779.00	14.16
2780.00	12.07
2781.00	22.23
2782.00	19.62
2783.00	14.67
2784.00	24.05
2785.00	14.03
2786.00	22.55
2787.00	14.09
2788.00	20.22
2789.00	18.11
2790.00	19.03
2791.00	14.85
2792.00	20.96
2793.00	17.23
2794.00	20.36
2795.00	19.62
2796.00	10.45
2797.00	20.32
2798.00	18.13
2799.00	17.95
2800.00	13.40
2801.00	11.31
2802.00	15.08
2803.00	12.87
2804.00	21.28
2805.00	19.58
2806.00	24.36
2807.00	11.25
2808.00	17.11
2809.00	18.03
2810.00	17.88
2811.00	22.84
2812.00	23.95
2813.00	19.75
2814.00	23.54
2815.00	14.85
2816.00	26.16
2817.00	27.02
2818.00	25.11
2819.00	16.59
2820.00	12.05
2821.00	16.02
2822.00	18.25
2823.00	25.46
2824.00	15.92
2825.00	26.24
2826.00	21.28
2827.00	26.61
2828.00	17.00
2829.00	26.53
2830.00	17.02
2831.00	14.22
2832.00	25.19
2833.00	18.15
2834.00	16.39
2835.00	15.26
2836.00	22.98
2837.00	19.93
2838.00	17.76
2839.00	25.83
2840.00	22.04
2841.00	24.27
2842.00	26.67
2843.00	23.84
2844.00	28.21
2845.00	18.70
2846.00	26.20
2847.00	26.77
2848.00	27.26
2849.00	27.16
2850.00	26.67
2851.00	26.10
2852.00	26.98
2853.00	30.87
2854.00	33.67
2855.00	34.10
2856.00	34.88
2857.00	30.46
2858.00	34.43
2859.00	40.58
2860.00	40.84
2861.00	38.94
2862.00	36.58
2863.00	41.82
2864.00	36.03
2865.00	41.89
2866.00	45.12
2867.00	41.91
2868.00	62.10
2869.00	61.48
2870.00	73.92
2871.00	95.01
2872.00	217.52
2873.00	507.59
2874.00	954.52
2875.00	1409.50
2876.00	1944.08
2877.00	2705.99
2878.00	3513.50
2879.00	4214.95
2880.00	4884.57
2881.00	5514.00
2882.00	6021.65
2883.00	6548.04
2884.00	6931.97
2885.00	7417.69
2886.00	7777.97
2887.00	8093.19
2888.00	8370.50
2889.00	8734.80
2890.00	9062.66
2891.00	9470.49
2892.00	9643.91
2893.00	9919.05
2894.00	9830.85
2895.00	9970.64
2896.00	10124.92
2897.00	9999.77
2898.00	10053.26
2899.00	10059.01
2900.00	10138.82
2901.00	10071.49
2902.00	9794.89
2903.00	9552.24
2904.00	9421.64
2905.00	9268.23
2906.00	9189.65
2907.00	9101.96
2908.00	8872.38
2909.00	8739.30
2910.00	8472.41
2911.00	8252.56
2912.00	7559.82
2913.00	6332.24
2914.00	5002.50
2915.00	3858.75
2916.00	3082.87
2917.00	2464.71
2918.00	2036.22
2919.00	1664.43
2920.00	1351.73
2921.00	1063.13
2922.00	849.46
2923.00	656.36
2924.00	481.81
2925.00	364.32
2926.00	276.48
2927.00	218.46
2928.00	182.85
2929.00	151.80
2930.00	156.47
2931.00	179.71
2932.00	244.29
2933.00	301.36
2934.00	393.52
2935.00	512.75
2936.00	649.19
2937.00	802.73
2938.00	912.05
2939.00	1030.03
2940.00	1128.17
2941.00	1223.81
2942.00	1321.78
2943.00	1395.39
2944.00	1426.23
2945.00	1485.40
2946.00	1544.97
2947.00	1605.59
2948.00	1649.21
2949.00	1666.46
2950.00	1778.65
2951.00	1810.35
2952.00	1828.96
2953.00	1841.33
2954.00	1848.89
2955.00	1869.98
2956.00	1892.82
2957.00	1873.45
2958.00	1853.01
2959.00	1837.71
2960.00	1827.22
2961.00	1782.78
2962.00	1769.10
2963.00	1710.88
2964.00	1693.18
2965.00	1665.66
2966.00	1620.69
2967.00	1624.68
2968.00	1594.27
2969.00	1558.08
2970.00	1465.80
2971.00	1308.25
2972.00	1070.11
2973.00	829.94
2974.00	686.87
2975.00	568.32
2976.00	475.01
2977.00	410.62
2978.00	329.75
2979.00	285.33
2980.00	237.96
2981.00	194.21
2982.00	154.48
2983.00	127.31
2984.00	107.03
2985.00	88.15
2986.00	80.45
2987.00	67.32
2988.00	58.90
2989.00	57.96
2990.00	45.29
2991.00	50.04
2992.00	55.42
2993.00	59.68
2994.00	45.06
2995.00	41.97
2996.00	47.85
2997.00	43.24
2998.00	48.79
2999.00	47.33
3000.00	42.44
3001.00	44.26
3002.00	36.46
3003.00	47.62
3004.00	45.16
3005.00	45.88
3006.00	48.38
3007.00	45.61
3008.00	42.11
3009.00	52.94
3010.00	46.06
3011.00	58.82
3012.00	67.61
3013.00	63.35
3014.00	65.83
3015.00	79.32
3016.00	79.96
3017.00	80.78
3018.00	73.59
3019.00	90.12
3020.00	78.20
3021.00	88.93
3022.00	94.19
3023.00	95.97
3024.00	96.40
3025.00	87.66
3026.00	96.94
3027.00	99.35
3028.00	102.49
3029.00	93.56
3030.00	98.64
3031.00	97.71
3032.00	107.09
3033.00	97.39
3034.00	103.88
3035.00	91.71
3036.00	102.67
3037.00	84.73
3038.00	95.60
3039.00	78.89
3040.00	85.65
3041.00	89.85
3042.00	87.45
3043.00	92.51
3044.00	88.17
3045.00	73.69
3046.00	72.03
3047.00	67.38
3048.00	53.83
3049.00	47.33
3050.00	40.47
3051.00	37.79
3052.00	26.59
3053.00	29.86
3054.00	37.16
3055.00	22.08
3056.00	12.58
3057.00	22.06
3058.00	15.69
3059.00	20.81
3060.00	13.32
3061.00	17.17
3062.00	12.27
3063.00	11.82
3064.00	9.51
3065.00	17.27
3066.00	12.68
3067.00	17.54
3068.00	8.73
3069.00	13.52
3070.00	20.59
3071.00	15.04
3072.00	20.01
3073.00	17.49
3074.00	12.52
3075.00	11.37
3076.00	13.42
3077.00	14.30
3078.00	10.35
3079.00	12.72
3080.00	7.77
3081.00	8.11
3082.00	12.44
3083.00	11.04
3084.00	7.81
3085.00	11.10
3086.00	14.77
3087.00	9.67
3088.00	20.03
3089.00	14.96
3090.00	17.21
3091.00	12.83
3092.00	19.13
3093.00	8.44
3094.00	22.10
3095.00	11.54
3096.00	5.51
3097.00	11.39
3098.00	8.46
3099.00	10.39
3100.00	4.65
3101.00	10.31
3102.00	12.83
3103.00	14.53
3104.00	12.64
3105.00	8.09
3106.00	14.77
3107.00	21.96
3108.00	6.99
3109.00	8.69
3110.00	9.10
3111.00	9.92
3112.00	8.57
3113.00	19.21
3114.00	-0.43
3115.00	11.94
3116.00	13.73
3117.00	0.39
3118.00	12.03
3119.00	8.54
3120.00	13.05
3121.00	21.86
3122.00	5.10
3123.00	17.39
3124.00	9.65
3125.00	0.50
3126.00	19.87
3127.00	7.44
3128.00	9.49
3129.00	5.60
3130.00	7.97
3131.00	-3.48
3132.00	9.92
3133.00	9.61
3134.00	16.86
3135.00	10.18
3136.00	3.51
3137.00	16.04
3138.00	12.78
3139.00	17.43
3140.00	7.73
3141.00	4.72
3142.00	15.77
3143.00	7.42
3144.00	13.46
3145.00	6.54
3146.00	4.57
3147.00	10.96
3148.00	14.85
3149.00	10.88
3150.00	3.38
3151.00	8.36
3152.00	5.21
3153.00	13.07
3154.00	16.45
3155.00	6.76
3156.00	8.50
3157.00	11.19
3158.00	2.83
3159.00	15.79
3160.00	6.13
3161.00	7.66
3162.00	4.82
3163.00	5.21
3164.00	10.45
3165.00	18.66
3166.00	15.61
3167.00	7.01
3168.00	8.14
3169.00	12.01
3170.00	7.44
3171.00	9.94
3172.00	14.09
3173.00	10.31
3174.00	11.92
3175.00	5.55
3176.00	23.41
3177.00	8.73
3178.00	6.72
3179.00	17.97
3180.00	12.27
3181.00	16.04
3182.00	17.68
3183.00	25.36
3184.00	42.62
3185.00	68.43
3186.00	113.67
3187.00	148.61
3188.00	211.23
3189.00	282.13
3190.00	351.19
3191.00	425.18
3192.00	475.44
3193.00	568.15
3194.00	630.82
3195.00	677.15
3196.00	734.28
3197.00	794.84
3198.00	810.98
3199.00	861.87
3200.00	892.71
3201.00	935.91
3202.00	975.29
3203.00	1008.65
3204.00	1036.42
3205.00	1064.38
3206.00	1105.01
3207.00	1115.16
3208.00	1118.22
3209.00	1132.78
3210.00	1153.50
3211.00	1174.37
3212.00	1174.11
3213.00	1171.07
3214.00	1158.54
3215.00	1155.49
3216.00	1143.96
3217.00	1122.48
3218.00	1096.02
3219.00	1100.38
3220.00	1084.75
3221.00	1063.31
3222.00	1034.09
3223.00	1007.93
3224.00	991.24
3225.00	931.75
3226.00	843.71
3227.00	732.73
3228.00	627.13
3229.00	543.62
3230.00	490.74
3231.00	444.21
3232.00	380.66
3233.00	324.18
3234.00	290.49
3235.00	240.93
3236.00	201.34
3237.00	176.21
3238.00	127.80
3239.00	100.54
3240.00	73.98
3241.00	62.08
3242.00	46.82
3243.00	43.09
3244.00	31.07
3245.00	26.57
3246.00	18.27
3247.00	15.32
3248.00	20.83
3249.00	18.66
3250.00	23.93
3251.00	9.77
3252.00	19.73
3253.00	3.20
3254.00	19.09
3255.00	6.15
3256.00	17.68
3257.00	15.67
3258.00	9.75
3259.00	13.32
3260.00	10.06
3261.00	16.00
3262.00	18.44
3263.00	17.56
3264.00	14.63
3265.00	31.75
3266.00	40.39
3267.00	46.62
3268.00	46.47
3269.00	36.93
3270.00	47.62
3271.00	43.18
3272.00	58.29
3273.00	54.87
3274.00	60.62
3275.00	63.82
3276.00	68.92
3277.00	65.01
3278.00	70.29
3279.00	72.61
3280.00	68.82
3281.00	79.86
3282.00	78.85
3283.00	81.90
3284.00	85.20
3285.00	90.36
3286.00	80.20
3287.00	85.20
3288.00	85.24
3289.00	80.35
3290.00	87.37
3291.00	92.20
3292.00	86.57
3293.00	83.75
3294.00	87.60
3295.00	85.53
3296.00	78.07
3297.00	82.58
3298.00	75.74
3299.00	75.12
3300.00	76.66
3301.00	56.65
3302.00	63.39
3303.00	63.88
3304.00	54.38
3305.00	38.59
3306.00	41.76
3307.00	39.90
3308.00	39.98
3309.00	33.78
3310.00	24.25
3311.00	33.28
3312.00	25.22
3313.00	21.43
3314.00	16.68
3315.00	20.79
3316.00	9.02
3317.00	17.74
3318.00	12.99
3319.00	2.13
3320.00	0.44
3321.00	10.33
3322.00	1.01
3323.00	6.74
3324.00	8.63
3325.00	4.12
3326.00	9.98
3327.00	14.16
3328.00	1.23
3329.00	3.45
3330.00	11.78
3331.00	8.81
3332.00	8.34
3333.00	9.12
3334.00	12.74
3335.00	6.99
3336.00	2.79
3337.00	4.59
3338.00	8.83
3339.00	0.54
3340.00	0.44
3341.00	14.18
3342.00	2.61
3343.00	7.87
3344.00	2.26
3345.00	8.67
3346.00	0.62
3347.00	10.08
3348.00	4.14
3349.00	2.73
3350.00	-2.25
3351.00	-6.02
3352.00	9.49
3353.00	14.38
3354.00	9.79
3355.00	7.48
3356.00	6.72
3357.00	5.53
3358.00	6.05
3359.00	4.24
3360.00	0.50
3361.00	0.62
3362.00	9.02
3363.00	4.16
3364.00	9.79
3365.00	7.34
3366.00	0.03
3367.00	12.35
3368.00	5.49
3369.00	8.22
3370.00	0.03
3371.00	9.61
3372.00	14.40
3373.00	4.24
3374.00	4.41
3375.00	19.62
3376.00	1.70
3377.00	6.37
3378.00	-3.56
3379.00	6.78
3380.00	3.65
3381.00	7.81
3382.00	5.49
3383.00	6.60
3384.00	4.61
3385.00	12.89
3386.00	1.07
3387.00	9.77
3388.00	2.77
3389.00	-4.25
3390.00	-4.66
3391.00	3.81
3392.00	6.76
3393.00	16.29
3394.00	13.23
3395.00	7.32
3396.00	7.42
3397.00	-2.51
3398.00	10.24
3399.00	7.21
3400.00	0.95
3401.00	11.86
3402.00	18.03
3403.00	12.85
3404.00	6.44
3405.00	11.04
3406.00	5.80
3407.00	1.36
3408.00	6.37
3409.00	11.58
3410.00	10.51
3411.00	9.43
3412.00	8.30
3413.00	1.79
3414.00	14.09
3415.00	8.30
3416.00	9.36
3417.00	8.63
3418.00	5.55
3419.00	8.14
3420.00	0.31
3421.00	7.48
3422.00	3.45
3423.00	8.36
3424.00	12.56
3425.00	-7.14
3426.00	8.30
3427.00	0.97
3428.00	7.75
3429.00	6.42
3430.00	-4.34
3431.00	3.22
3432.00	12.44
3433.00	1.17
3434.00	8.87
3435.00	10.20
3436.00	12.50
3437.00	6.48
3438.00	10.31
3439.00	1.60
3440.00	-6.63
3441.00	2.18
3442.00	5.35
3443.00	4.51
3444.00	9.12
3445.00	6.11
3446.00	8.73
3447.00	7.36
3448.00	1.01
3449.00	8.01
3450.00	7.66
3451.00	1.40
3452.00	6.89
3453.00	6.15
3454.00	-0.26
3455.00	5.25
3456.00	-1.06
3457.00	15.14
3458.00	5.27
3459.00	5.15
3460.00	4.00
3461.00	2.59
3462.00	13.54
3463.00	-0.22
3464.00	7.09
3465.00	8.05
3466.00	11.97
3467.00	2.83
3468.00	7.95
3469.00	10.49
3470.00	10.06
3471.00	15.14
3472.00	13.58
3473.00	12.62
3474.00	7.95
3475.00	11.13
3476.00	14.50
3477.00	30.40
3478.00	41.56
3479.00	69.10
3480.00	86.74
3481.00	131.59
3482.00	159.26
3483.00	182.72
3484.00	244.14
3485.00	281.68
3486.00	311.81
3487.00	347.89
3488.00	382.75
3489.00	424.73
3490.00	461.13
3491.00	512.61
3492.00	537.21
3493.00	561.50
3494.00	609.73
3495.00	643.27
3496.00	658.00
3497.00	680.59
3498.00	711.59
3499.00	741.82
3500.00	758.49
3501.00	799.63
3502.00	806.88
3503.00	812.50
3504.00	843.75
3505.00	878.58
3506.00	890.85
3507.00	890.11
3508.00	893.17
3509.00	900.39
3510.00	901.15
3511.00	926.36
3512.00	920.32
3513.00	912.35
3514.00	912.05
3515.00	911.33
3516.00	906.07
3517.00	911.39
3518.00	923.91
3519.00	875.68
3520.00	845.16
3521.00	818.82
3522.00	774.16
3523.00	730.76
3524.00	673.15
3525.00	621.36
3526.00	569.44
3527.00	528.59
3528.00	485.82
3529.00	429.03
3530.00	397.37
3531.00	335.34
3532.00	304.48
3533.00	238.88
3534.00	176.07
3535.00	159.19
3536.00	119.75
3537.00	105.74
3538.00	71.07
3539.00	55.91
3540.00	41.58
3541.00	28.74
3542.00	27.92
3543.00	27.53
3544.00	24.56
3545.00	22.49
3546.00	17.04
3547.00	19.93
3548.00	15.69
3549.00	22.94
3550.00	7.34
3551.00	18.25
3552.00	2.50
3553.00	8.42
3554.00	9.32
3555.00	6.62
3556.00	24.19
3557.00	8.46
3558.00	12.60
3559.00	-0.67
3560.00	2.67
3561.00	4.94
3562.00	13.03
3563.00	9.00
3564.00	13.28
3565.00	3.83
3566.00	10.86
3567.00	7.64
3568.00	3.40
3569.00	6.25
3570.00	8.48
3571.00	2.07
3572.00	0.72
3573.00	1.58
3574.00	12.19
3575.00	2.30
3576.00	4.45
3577.00	1.68
3578.00	12.70
3579.00	10.96
3580.00	9.00
3581.00	-1.59
3582.00	5.21
3583.00	16.16
3584.00	6.89
3585.00	8.07
3586.00	5.04
3587.00	5.04
3588.00	-2.45
3589.00	5.12
3590.00	7.54
3591.00	0.35
3592.00	2.50
3593.00	10.37
3594.00	20.98
3595.00	7.28
3596.00	11.25
3597.00	2.73
3598.00	0.87
3599.00	17.68
3600.00	2.73
3601.00	-0.16
3602.00	4.04
3603.00	3.94
3604.00	4.33
3605.00	16.43
3606.00	0.35
3607.00	7.77
3608.00	8.77
3609.00	1.81
3610.00	6.29
3611.00	1.34
3612.00	0.66
3613.00	16.76
3614.00	1.99
3615.00	2.26
3616.00	8.98
3617.00	7.25
3618.00	3.51
3619.00	10.84
3620.00	3.94
3621.00	5.27
3622.00	14.55
3623.00	2.87
3624.00	7.95
3625.00	5.29
3626.00	4.41
3627.00	3.69
3628.00	14.22
3629.00	16.16
3630.00	-0.71
3631.00	15.08
3632.00	-9.35
3633.00	7.95
3634.00	2.11
3635.00	6.46
3636.00	9.18
3637.00	8.14
3638.00	8.18
3639.00	-5.55
3640.00	10.63
3641.00	12.52
3642.00	3.57
3643.00	-0.36
3644.00	7.32
3645.00	0.21
3646.00	7.07
3647.00	4.47
