339.46	1.04
339.68	1.04
339.90	1.04
340.13	-7.31
340.35	-2.13
340.57	1.47
340.79	0.80
341.02	-5.10
341.24	3.30
341.46	-7.21
341.68	2.81
341.91	0.94
342.13	1.47
342.35	0.51
342.57	6.25
342.79	-3.11
343.02	0.76
343.24	-0.80
343.46	1.02
343.68	9.56
343.90	-0.33
344.13	-1.86
344.35	-0.47
344.57	-4.34
344.79	5.35
345.01	1.00
345.24	7.84
345.46	-0.12
345.68	-1.62
345.90	0.37
346.12	7.25
346.35	-2.33
346.57	8.52
346.79	1.00
347.01	4.01
347.23	3.42
347.45	5.92
347.68	4.38
347.90	3.17
348.12	-1.27
348.34	8.58
348.56	4.26
348.78	7.76
349.01	-6.43
349.23	7.82
349.45	-2.91
349.67	2.62
349.89	1.52
350.11	5.94
350.33	-0.51
350.56	4.75
350.78	-3.89
351.00	9.30
351.22	3.58
351.44	7.56
351.66	1.41
351.88	5.55
352.11	-3.83
352.33	7.52
352.55	1.06
352.77	9.67
352.99	-5.94
353.21	9.81
353.43	-5.04
353.65	3.17
353.88	3.79
354.10	3.26
354.32	2.11
354.54	9.91
354.76	0.02
354.98	5.55
355.20	0.02
355.42	6.64
355.64	1.39
355.87	7.45
356.09	4.28
356.31	6.51
356.53	3.11
356.75	7.33
356.97	-1.66
357.19	10.85
357.41	3.03
357.63	8.50
357.85	1.50
358.07	10.38
358.30	4.16
358.52	6.14
358.74	3.07
358.96	9.20
359.18	1.13
359.40	6.88
359.62	5.67
359.84	4.49
360.06	-3.24
360.28	8.05
360.50	7.41
360.72	16.69
360.94	21.07
361.16	26.71
361.38	61.01
361.60	117.76
361.83	231.79
362.05	326.57
362.27	551.89
362.49	650.97
362.71	1055.65
362.93	1151.39
363.15	1570.36
363.37	1582.30
363.59	2007.48
363.81	2157.33
364.03	2567.25
364.25	2584.66
364.47	3007.75
364.69	3031.30
364.91	3326.64
365.13	3279.62
365.35	3639.20
365.57	3618.64
365.79	3772.24
366.01	3590.40
366.23	3919.44
366.45	3775.00
366.67	4121.54
366.89	3832.18
367.11	3877.11
367.33	3562.48
367.55	3594.90
367.77	3023.27
367.99	2593.81
368.21	1721.03
368.43	1082.37
368.65	337.14
368.87	157.24
369.09	57.32
369.31	41.06
369.53	18.19
369.75	14.93
369.97	12.02
370.19	8.31
370.41	12.66
370.63	4.14
370.85	8.85
371.07	0.02
371.29	8.42
371.51	5.41
371.73	13.11
371.95	2.64
372.17	10.01
372.39	-2.97
372.61	5.98
372.83	4.12
373.05	9.79
373.26	4.55
373.48	9.79
373.70	5.39
373.92	9.40
374.14	5.88
374.36	11.14
374.58	5.24
374.80	5.45
375.02	4.44
375.24	8.01
375.46	-2.09
375.68	7.21
375.90	0.86
376.12	-0.72
376.34	2.17
376.56	7.02
376.77	-3.09
376.99	2.38
377.21	-2.76
377.43	2.19
377.65	4.34
377.87	6.80
378.09	8.15
378.31	12.43
378.53	5.26
378.75	11.92
378.97	5.47
379.18	0.35
379.40	2.48
379.62	16.28
379.84	3.42
380.06	10.49
380.28	10.30
380.50	8.68
380.72	7.99
380.94	8.87
381.15	1.84
381.37	9.65
381.59	6.21
381.81	6.39
382.03	0.66
382.25	8.17
382.47	6.66
382.69	6.14
382.90	4.16
383.12	7.84
383.34	6.25
383.56	11.65
383.78	0.63
384.00	10.44
384.22	9.75
384.44	10.83
384.65	1.09
384.87	15.85
385.09	6.80
385.31	13.25
385.53	6.41
385.75	1.17
385.96	2.25
386.18	10.30
386.40	6.98
386.62	4.63
386.84	7.17
387.06	3.73
387.27	3.71
387.49	11.26
387.71	9.15
387.93	10.04
388.15	6.41
388.37	11.61
388.58	-1.31
388.80	9.71
389.02	6.90
389.24	6.96
389.46	2.74
389.68	9.36
389.89	6.25
390.11	8.48
390.33	2.83
390.55	11.61
390.77	9.54
390.98	6.59
391.20	7.58
391.42	5.96
391.64	9.99
391.86	13.21
392.07	5.75
392.29	7.78
392.51	2.95
392.73	12.43
392.94	-1.70
393.16	9.46
393.38	8.13
393.60	12.08
393.82	2.62
394.03	6.72
394.25	5.96
394.47	1.04
394.69	5.02
394.90	9.26
395.12	1.60
395.34	14.79
395.56	6.04
395.77	12.64
395.99	1.31
396.21	15.50
396.43	3.17
396.64	8.54
396.86	4.10
397.08	9.34
397.30	6.33
397.51	9.60
397.73	1.66
397.95	10.81
398.17	8.19
398.38	3.87
398.60	5.51
398.82	7.99
399.04	6.41
399.25	15.26
399.47	12.55
399.69	12.29
399.91	7.68
400.12	13.00
400.34	9.63
400.56	15.18
400.77	24.23
400.99	57.20
401.21	165.31
401.43	349.77
401.64	726.25
401.86	988.82
402.08	1535.98
402.29	1712.82
402.51	2201.91
402.73	2348.92
402.95	3330.57
403.16	3237.04
403.38	3435.53
403.60	3814.83
403.81	4217.26
404.03	4753.25
404.25	5164.53
404.46	5017.91
404.68	5558.90
404.90	5328.30
405.11	5922.56
405.33	5730.89
405.55	6236.29
405.76	6030.82
405.98	6144.34
406.20	6524.48
406.41	6684.14
406.63	6324.52
406.85	6405.96
407.06	5969.83
407.28	6097.60
407.50	5822.13
407.71	5110.13
407.93	4236.51
408.15	3282.30
408.36	1710.57
408.58	749.66
408.80	192.82
409.01	75.88
409.23	41.80
409.45	45.08
409.66	44.11
409.88	35.29
410.10	38.01
410.31	35.61
410.53	36.95
410.74	27.59
410.96	30.90
411.18	24.53
411.39	19.93
411.61	9.40
411.83	13.80
412.04	11.10
412.26	8.44
412.47	6.78
412.69	11.00
412.91	3.95
413.12	9.77
413.34	6.47
413.55	15.11
413.77	3.11
413.99	13.48
414.20	6.08
414.42	10.87
414.63	4.59
414.85	12.25
415.07	8.25
415.28	2.17
415.50	3.30
415.71	12.57
415.93	6.82
416.15	7.31
416.36	1.15
416.58	11.18
416.79	11.51
417.01	17.12
417.23	4.34
417.44	10.63
417.66	6.12
417.87	14.21
418.09	2.15
418.30	18.64
418.52	2.56
418.74	8.89
418.95	6.18
419.17	10.28
419.38	10.98
419.60	10.12
419.81	11.06
420.03	12.12
420.24	11.14
420.46	11.43
420.68	3.73
420.89	7.29
421.11	5.63
421.32	9.38
421.54	4.38
421.75	12.08
421.97	4.49
422.18	12.02
422.40	0.27
422.61	9.50
422.83	6.37
423.04	10.34
423.26	6.90
423.48	18.76
423.69	5.75
423.91	8.19
424.12	4.18
424.34	6.25
424.55	5.39
424.77	8.66
424.98	13.60
425.20	9.11
425.41	-0.33
425.63	7.17
425.84	4.85
426.06	16.85
426.27	12.02
426.49	12.82
426.70	2.40
426.92	8.09
427.13	3.28
427.35	11.14
427.56	5.12
427.78	10.87
427.99	9.81
428.21	9.54
428.42	6.41
428.64	2.52
428.85	9.05
429.07	8.66
429.28	7.54
429.49	12.31
429.71	2.85
429.92	11.18
430.14	7.37
430.35	18.86
430.57	11.86
430.78	18.51
431.00	7.43
431.21	21.46
431.43	11.53
431.64	28.75
431.86	51.22
432.07	294.03
432.28	1420.80
432.50	2627.95
432.71	4568.06
432.93	7131.23
433.14	8599.69
433.36	8694.06
433.57	10810.14
433.79	11621.26
434.00	14039.17
434.21	13084.29
434.43	15220.11
434.64	15014.74
434.86	17860.38
435.07	17378.55
435.29	18575.61
435.50	19901.44
435.71	20569.41
435.93	21766.26
436.14	21254.74
436.36	21369.84
436.57	23590.59
436.78	22900.24
437.00	23188.17
437.21	22359.97
437.43	22734.83
437.64	21804.78
437.86	22470.93
438.07	21570.01
438.28	23628.21
438.50	22198.30
438.71	21437.32
438.93	19946.03
439.14	19466.05
439.35	15147.08
439.57	10557.44
439.78	6202.72
439.99	3961.80
440.21	1133.71
440.42	132.97
440.64	33.71
440.85	15.75
441.06	21.05
441.28	18.25
441.49	13.21
441.70	16.20
441.92	13.54
442.13	5.82
442.35	14.75
442.56	7.39
442.77	12.96
442.99	9.20
443.20	15.81
443.41	8.70
443.63	19.17
443.84	6.78
444.05	11.94
444.27	10.71
444.48	9.95
444.69	5.71
444.91	9.93
445.12	8.05
445.34	5.49
445.55	5.57
445.76	6.12
445.98	9.22
446.19	12.66
446.40	5.37
446.62	9.44
446.83	10.47
447.04	15.26
447.25	2.27
447.47	15.67
447.68	10.87
447.89	17.33
448.11	3.73
448.32	15.05
448.53	1.52
448.75	15.61
448.96	4.57
449.17	8.52
449.39	3.17
449.60	3.42
449.81	3.13
450.03	14.83
450.24	3.46
450.45	13.52
450.66	5.84
450.88	7.80
451.09	9.28
451.30	9.26
451.52	5.98
451.73	9.30
451.94	9.69
452.15	14.07
452.37	11.53
452.58	15.48
452.79	11.73
453.01	4.77
453.22	0.94
453.43	8.52
453.64	12.55
453.86	10.30
454.07	7.62
454.28	12.86
454.49	-0.33
454.71	15.32
454.92	6.61
455.13	13.27
455.34	0.39
455.56	10.63
455.77	8.13
455.98	6.45
456.20	5.28
456.41	10.06
456.62	2.54
456.83	10.20
457.04	10.79
457.26	10.94
457.47	4.75
457.68	10.63
457.89	4.22
458.11	16.47
458.32	3.71
458.53	10.44
458.74	10.42
458.96	5.82
459.17	3.03
459.38	11.00
459.59	0.39
459.80	5.08
460.02	7.19
460.23	16.40
460.44	7.31
460.65	13.48
460.87	1.50
461.08	3.15
461.29	12.57
461.50	7.86
461.71	7.95
461.93	8.60
462.14	2.83
462.35	10.98
462.56	3.30
462.77	9.28
462.99	3.62
463.20	12.55
463.41	10.10
463.62	8.97
463.83	-1.33
464.04	7.52
464.26	1.17
464.47	10.10
464.68	-0.16
464.89	9.83
465.10	-1.35
465.32	7.48
465.53	4.53
465.74	8.58
465.95	7.23
466.16	9.56
466.37	7.31
466.59	7.39
466.80	4.67
467.01	5.49
467.22	8.23
467.43	8.91
467.64	8.81
467.85	3.81
468.07	1.04
468.28	11.94
468.49	9.15
468.70	11.16
468.91	9.32
469.12	8.48
469.33	4.08
469.55	9.15
469.76	6.35
469.97	7.09
470.18	0.43
470.39	11.08
470.60	6.06
470.81	17.18
471.03	7.39
471.24	11.69
471.45	5.45
471.66	16.67
471.87	-0.78
472.08	5.02
472.29	5.35
472.50	3.97
472.71	3.95
472.93	6.31
473.14	1.74
473.35	8.83
473.56	5.43
473.77	11.28
473.98	5.18
474.19	4.81
474.40	4.18
474.61	5.67
474.82	0.39
475.04	8.42
475.25	9.26
475.46	10.04
475.67	6.14
475.88	6.43
476.09	0.57
476.30	13.89
476.51	1.80
476.72	12.98
476.93	1.86
477.14	4.22
477.35	3.81
477.57	12.02
477.78	-6.00
477.99	12.80
478.20	6.96
478.41	9.69
478.62	6.68
478.83	7.45
479.04	3.71
479.25	5.47
479.46	5.51
479.67	14.81
479.88	9.38
480.09	5.43
480.30	6.88
480.51	11.69
480.72	9.48
480.93	13.99
481.14	8.77
481.36	9.79
481.57	6.66
481.78	4.69
481.99	1.78
482.20	4.98
482.41	8.05
482.62	9.89
482.83	6.57
483.04	4.94
483.25	8.74
483.46	9.56
483.67	7.09
483.88	9.58
484.09	5.26
484.30	8.05
484.51	4.53
484.72	10.42
484.93	-1.74
485.14	11.12
485.35	1.97
485.56	8.99
485.77	-2.87
485.98	6.14
486.19	7.41
486.40	6.18
486.61	-1.02
486.82	3.50
487.03	3.46
487.24	2.01
487.45	5.57
487.66	5.88
487.87	4.30
488.08	12.96
488.29	7.13
488.50	6.98
488.71	2.83
488.92	9.52
489.13	6.64
489.34	10.06
489.55	4.40
489.76	10.83
489.97	7.82
490.18	9.46
490.39	4.59
490.59	13.11
490.80	7.74
491.01	15.07
491.22	11.71
491.43	15.85
491.64	11.39
491.85	13.74
492.06	7.41
492.27	18.74
492.48	4.22
492.69	13.84
492.90	9.46
493.11	13.62
493.32	11.55
493.53	13.91
493.74	7.62
493.95	17.51
494.16	10.96
494.37	17.10
494.57	9.40
494.78	15.05
494.99	9.91
495.20	14.36
495.41	6.12
495.62	10.59
495.83	3.15
496.04	9.60
496.25	2.52
496.46	5.43
496.67	5.47
496.88	8.81
497.08	3.77
497.29	9.50
497.50	3.99
497.71	5.90
497.92	3.38
498.13	11.80
498.34	-0.18
498.55	11.61
498.76	3.81
498.97	14.70
499.17	4.96
499.38	5.98
499.59	1.52
499.80	6.88
500.01	7.02
500.22	9.46
500.43	8.52
500.64	9.11
500.85	7.00
501.05	11.55
501.26	7.97
501.47	12.74
501.68	4.14
501.89	6.74
502.10	4.22
502.31	8.99
502.51	2.97
502.72	12.21
502.93	1.70
503.14	12.41
503.35	5.53
503.56	12.00
503.77	0.14
503.97	9.69
504.18	-0.55
504.39	9.38
504.60	-2.99
504.81	8.54
505.02	6.39
505.23	12.98
505.43	3.19
505.64	9.42
505.85	5.41
506.06	2.83
506.27	-0.18
506.48	5.35
506.68	5.53
506.89	12.25
507.10	5.43
507.31	8.09
507.52	1.84
507.72	5.41
507.93	5.47
508.14	9.17
508.35	9.52
508.56	4.05
508.77	8.42
508.97	9.97
509.18	9.48
509.39	10.59
509.60	6.49
509.81	9.01
510.01	0.18
510.22	12.19
510.43	4.40
510.64	11.43
510.85	6.47
511.05	9.71
511.26	9.07
511.47	10.12
511.68	3.71
511.89	6.94
512.09	7.56
512.30	12.72
512.51	2.50
512.72	9.05
512.92	8.29
513.13	9.22
513.34	-1.19
513.55	10.36
513.76	0.66
513.96	15.40
514.17	1.33
514.38	8.95
514.59	5.82
514.79	6.29
515.00	7.27
515.21	9.07
515.42	3.46
515.62	2.89
515.83	5.96
516.04	11.10
516.25	6.86
516.45	13.66
516.66	2.70
516.87	12.70
517.08	5.35
517.28	9.93
517.49	5.65
517.70	12.82
517.91	4.85
518.11	12.16
518.32	10.65
518.53	10.96
518.73	0.92
518.94	9.71
519.15	4.36
519.36	11.45
519.56	6.43
519.77	13.52
519.98	7.37
520.19	11.78
520.39	3.85
520.60	11.26
520.81	5.43
521.01	16.22
521.22	9.44
521.43	7.33
521.64	5.61
521.84	17.35
522.05	3.69
522.26	5.59
522.46	6.51
522.67	9.46
522.88	5.02
523.08	10.71
523.29	7.58
523.50	15.30
523.70	4.34
523.91	2.68
524.12	-1.93
524.33	9.24
524.53	5.57
524.74	8.56
524.95	8.29
525.15	16.61
525.36	2.40
525.57	8.44
525.77	4.14
525.98	11.00
526.19	5.26
526.39	11.84
526.60	4.44
526.81	6.10
527.01	4.03
527.22	11.65
527.43	11.43
527.63	8.95
527.84	6.43
528.05	16.75
528.25	4.44
528.46	8.52
528.66	7.91
528.87	7.64
529.08	2.87
529.28	18.12
529.49	6.53
529.70	9.97
529.90	5.37
530.11	12.51
530.32	5.08
530.52	16.02
530.73	4.63
530.93	8.05
531.14	1.56
531.35	10.67
531.55	3.60
531.76	7.45
531.97	2.46
532.17	8.36
532.38	12.31
532.58	7.80
532.79	3.85
533.00	2.50
533.20	8.64
533.41	10.30
533.61	-0.23
533.82	15.03
534.03	5.49
534.23	15.03
534.44	-0.27
534.65	13.99
534.85	5.02
535.06	10.47
535.26	5.04
535.47	9.54
535.67	6.10
535.88	14.03
536.09	4.34
536.29	4.38
536.50	7.64
536.70	11.69
536.91	5.20
537.12	8.34
537.32	5.71
537.53	14.21
537.73	9.01
537.94	18.04
538.14	-1.04
538.35	9.30
538.56	3.07
538.76	16.81
538.97	6.86
539.17	10.73
539.38	5.47
539.58	14.21
539.79	11.33
539.99	17.28
540.20	10.44
540.41	15.56
540.61	13.19
540.82	18.90
541.02	16.26
541.23	20.83
541.43	10.81
541.64	20.91
541.84	18.27
542.05	35.78
542.25	396.28
542.46	2650.60
542.67	6884.62
542.87	11154.98
543.08	16682.53
543.28	21144.83
543.49	26156.57
543.69	29976.53
543.90	33432.21
544.10	36596.96
544.31	39406.65
544.51	41881.68
544.72	44639.39
544.92	47177.56
545.13	49481.10
545.33	51591.49
545.54	54283.30
545.74	56109.96
545.95	58145.62
546.15	59497.63
546.36	60506.85
546.56	61026.74
546.77	62092.24
546.97	61904.05
547.18	62187.08
547.38	62265.46
547.59	62165.01
547.79	61985.19
548.00	61644.84
548.20	61027.79
548.41	60481.70
548.61	59132.56
548.82	59003.74
549.02	57645.02
549.23	55141.21
549.43	51698.78
549.64	45855.97
549.84	36600.31
550.05	27394.18
550.25	20034.32
550.46	14417.72
550.66	9279.94
550.86	5500.45
551.07	2214.88
551.27	638.37
551.48	122.94
551.68	61.68
551.89	40.59
552.09	32.83
552.30	37.23
552.50	23.88
552.71	34.57
552.91	12.55
553.11	24.94
553.32	17.59
553.52	24.23
553.73	15.01
553.93	20.95
554.14	12.62
554.34	13.39
554.55	7.07
554.75	18.04
554.95	13.21
555.16	13.58
555.36	18.21
555.57	11.82
555.77	15.77
555.98	15.71
556.18	11.71
556.38	18.19
556.59	10.28
556.79	14.48
557.00	15.93
557.20	14.11
557.40	15.11
557.61	11.16
557.81	14.64
558.02	16.51
558.22	11.20
558.42	15.52
558.63	11.88
558.83	15.71
559.04	9.81
559.24	16.83
559.44	12.88
559.65	16.08
559.85	9.56
560.06	16.28
560.26	6.94
560.46	14.19
560.67	13.23
560.87	7.80
561.08	4.18
561.28	15.89
561.48	5.82
561.69	14.15
561.89	10.49
562.09	17.78
562.30	15.52
562.50	12.74
562.71	7.21
562.91	10.71
563.11	5.90
563.32	11.73
563.52	5.35
563.72	10.77
563.93	2.68
564.13	13.19
564.33	4.32
564.54	9.05
564.74	8.72
564.95	7.13
565.15	7.11
565.35	15.13
565.56	1.45
565.76	11.12
565.96	11.37
566.17	11.57
566.37	6.78
566.57	15.28
566.78	9.95
566.98	9.87
567.18	6.51
567.39	14.42
567.59	7.64
567.79	9.28
568.00	7.48
568.20	14.27
568.40	10.01
568.61	7.95
568.81	4.94
569.01	10.55
569.22	13.84
569.42	12.31
569.62	6.51
569.82	10.32
570.03	12.68
570.23	7.09
570.43	7.78
570.64	15.67
570.84	10.10
571.04	11.73
571.25	4.96
571.45	17.35
571.65	8.31
571.85	14.32
572.06	13.76
572.26	16.28
572.46	8.62
572.67	15.22
572.87	14.93
573.07	23.04
573.27	48.50
573.48	132.34
573.68	523.13
573.88	962.77
574.09	1969.65
574.29	2572.23
574.49	3650.40
574.69	3905.70
574.90	4874.64
575.10	5336.66
575.30	6517.05
575.50	7256.79
575.71	8816.36
575.91	9934.08
576.11	11652.78
576.32	12679.20
576.52	14030.10
576.72	15096.95
576.92	16085.85
577.13	16589.49
577.33	17485.39
577.53	18176.58
577.73	18935.05
577.94	19137.33
578.14	19727.61
578.34	20279.64
578.54	20760.10
578.74	20867.33
578.95	21440.18
579.15	21279.62
579.35	21899.42
579.55	21559.72
579.76	21812.03
579.96	21352.10
580.16	21004.25
580.36	19779.02
580.57	18680.06
580.77	16500.83
580.97	15002.35
581.17	13453.88
581.37	12804.54
581.58	11627.71
581.78	11091.04
581.98	10132.33
582.18	9723.43
582.39	8502.59
582.59	7171.19
582.79	5007.20
582.99	3485.81
583.19	1807.48
583.40	1008.19
583.60	306.42
583.80	130.54
584.00	60.27
584.20	30.74
584.41	34.43
584.61	16.65
584.81	24.25
585.01	12.45
585.21	20.77
585.41	9.32
585.62	14.93
585.82	13.93
586.02	17.74
586.22	16.94
586.42	16.53
586.63	12.29
586.83	17.96
587.03	12.62
587.23	19.15
587.43	12.41
587.63	16.28
587.84	7.62
588.04	12.60
588.24	10.57
588.44	17.65
588.64	12.96
588.84	12.94
589.04	12.08
589.25	15.54
589.45	5.16
589.65	12.94
589.85	14.52
590.05	13.41
590.25	-0.10
590.46	8.79
590.66	4.55
590.86	10.79
591.06	9.36
591.26	12.53
591.46	2.68
591.66	12.25
591.86	7.66
592.07	6.41
592.27	5.00
592.47	10.08
592.67	5.06
592.87	10.34
593.07	-0.49
593.27	9.03
593.47	5.12
593.68	11.16
593.88	3.48
594.08	8.44
594.28	4.65
594.48	9.30
594.68	11.78
594.88	11.24
595.08	3.15
595.28	12.60
595.49	8.64
595.69	10.47
595.89	5.53
596.09	9.34
596.29	6.96
596.49	12.66
596.69	14.23
596.89	8.38
597.09	7.19
597.29	9.79
597.50	9.44
597.70	12.21
597.90	7.27
598.10	10.28
598.30	2.76
598.50	9.17
598.70	6.25
598.90	16.18
599.10	7.11
599.30	15.91
599.50	1.11
599.70	11.39
599.90	9.73
600.11	8.42
600.31	8.46
600.51	14.09
600.71	6.14
600.91	13.86
601.11	11.84
601.31	18.62
601.51	5.82
601.71	4.89
601.91	-1.15
602.11	8.99
602.31	11.82
602.51	2.23
602.71	7.37
602.91	4.22
603.11	6.35
603.31	5.90
603.51	5.02
603.71	5.88
603.91	4.01
604.12	6.18
604.32	4.94
604.52	13.86
604.72	3.24
604.92	12.06
605.12	2.74
605.32	14.64
605.52	6.90
605.72	12.80
605.92	5.90
606.12	10.08
606.32	10.71
606.52	18.47
606.72	2.05
606.92	7.84
607.12	7.66
607.32	14.36
607.52	9.44
607.72	13.60
607.92	11.94
608.12	12.19
608.32	6.21
608.52	16.12
608.72	1.33
608.92	13.50
609.12	5.53
609.32	13.82
609.52	7.93
609.72	18.29
609.92	-0.04
610.12	6.96
610.32	8.66
610.52	14.17
610.72	5.04
610.92	11.39
611.12	11.26
611.32	15.32
611.52	-1.80
611.72	18.02
611.92	3.46
612.12	9.24
612.32	7.74
612.51	11.22
612.71	2.76
612.91	8.09
613.11	5.14
613.31	8.34
613.51	4.18
613.71	6.45
613.91	4.94
614.11	10.83
614.31	3.40
614.51	16.98
614.71	3.24
614.91	11.26
615.11	8.11
615.31	17.53
615.51	9.11
615.71	8.40
615.91	5.63
616.11	7.00
616.31	3.83
616.50	10.01
616.70	6.12
616.90	11.76
617.10	2.23
617.30	4.38
617.50	5.98
617.70	7.35
617.90	5.39
618.10	13.31
618.30	6.57
618.50	10.36
618.70	8.03
618.90	11.82
619.10	1.50
619.29	13.19
619.49	2.44
619.69	8.95
619.89	7.58
620.09	13.39
620.29	4.73
620.49	11.30
620.69	3.73
620.89	11.94
621.09	0.90
621.28	9.77
621.48	3.69
621.68	4.61
621.88	12.49
622.08	7.88
622.28	9.20
622.48	12.10
622.68	5.75
622.88	9.93
623.07	2.83
623.27	10.57
623.47	5.12
623.67	10.20
623.87	5.78
624.07	12.12
624.27	4.24
624.47	10.67
624.66	5.04
624.86	9.03
625.06	8.64
625.26	2.70
625.46	0.55
625.66	7.58
625.86	5.63
626.05	9.42
626.25	2.87
626.45	6.43
626.65	6.51
626.85	7.13
627.05	-0.25
627.25	13.07
627.44	4.18
627.64	8.58
627.84	0.88
628.04	7.39
628.24	6.18
628.44	10.42
628.64	10.96
628.83	1.09
629.03	3.56
629.23	5.35
629.43	9.44
629.63	6.33
629.83	7.56
630.02	12.25
630.22	0.84
630.42	4.20
630.62	7.27
630.82	7.35
631.01	6.98
631.21	13.62
631.41	0.06
631.61	6.66
631.81	8.15
632.01	15.48
632.20	3.13
632.40	6.18
632.60	1.60
632.80	9.95
633.00	-0.31
633.19	7.00
633.39	-1.64
633.59	10.73
633.79	6.14
633.99	11.61
634.18	9.40
634.38	12.80
634.58	5.00
634.78	3.89
634.97	3.87
635.17	13.07
635.37	1.21
635.57	4.46
635.77	5.47
635.96	10.55
636.16	2.29
636.36	4.22
636.56	8.36
636.76	7.58
636.95	4.18
637.15	9.26
637.35	3.85
637.55	10.44
637.74	-1.90
637.94	5.26
638.14	9.75
638.34	10.32
638.53	7.07
638.73	12.82
638.93	-1.04
639.13	10.10
639.32	5.18
639.52	7.97
639.72	2.72
639.92	10.24
640.11	5.78
640.31	7.27
640.51	7.35
640.71	13.54
640.90	-3.09
641.10	14.40
641.30	6.43
641.50	14.81
641.69	2.62
641.89	4.83
642.09	1.62
642.29	13.17
642.48	0.74
642.68	18.92
642.88	5.30
643.07	7.95
643.27	0.88
643.47	5.00
643.67	8.03
643.86	1.78
644.06	8.97
644.26	4.59
644.45	2.48
644.65	13.35
644.85	7.00
645.05	8.03
645.24	6.02
645.44	8.09
645.64	2.74
645.83	16.47
646.03	2.99
646.23	2.50
646.43	2.27
646.62	5.94
646.82	7.37
647.02	11.16
647.21	2.21
647.41	13.80
647.61	6.29
647.80	14.54
648.00	12.29
648.20	3.36
648.39	3.95
648.59	6.57
648.79	4.77
648.98	16.75
649.18	4.59
649.38	12.02
649.57	12.08
649.77	10.36
649.97	2.42
650.16	16.14
650.36	7.84
650.56	11.37
650.75	2.44
650.95	7.54
651.15	2.15
651.34	9.07
651.54	8.81
651.74	8.91
651.93	2.60
652.13	15.34
652.33	3.40
652.52	4.85
652.72	5.41
652.92	5.14
653.11	2.62
653.31	-0.35
653.51	5.82
653.70	8.27
653.90	10.24
654.09	14.97
654.29	6.43
654.49	2.62
654.68	6.61
654.88	9.22
655.08	4.22
655.27	8.25
655.47	4.03
655.67	2.89
655.86	5.55
656.06	8.29
656.25	-0.72
656.45	6.68
656.65	2.79
656.84	12.72
657.04	6.45
657.23	14.79
657.43	3.54
657.63	15.61
657.82	5.98
658.02	1.43
658.21	5.51
658.41	14.91
658.61	1.09
658.80	8.83
659.00	2.64
659.19	10.38
659.39	4.89
659.59	11.43
659.78	6.70
659.98	11.18
660.17	3.89
660.37	7.82
660.57	-5.98
660.76	10.73
660.96	5.28
661.15	7.68
661.35	4.71
661.55	5.67
661.74	-2.03
661.94	12.53
662.13	1.93
662.33	6.92
662.52	2.83
662.72	9.58
662.92	7.86
663.11	7.00
663.31	6.08
663.50	12.76
663.70	-0.33
663.89	10.32
664.09	3.05
664.28	8.93
664.48	5.02
664.68	10.38
664.87	5.53
665.07	11.55
665.26	6.57
665.46	12.29
665.65	5.04
665.85	9.03
666.04	8.64
666.24	12.12
666.43	1.19
666.63	6.23
666.83	8.07
667.02	9.03
667.22	6.74
667.41	8.68
667.61	5.71
667.80	11.47
668.00	8.79
668.19	10.10
668.39	4.67
668.58	15.93
668.78	3.36
668.97	6.55
669.17	5.57
669.36	14.50
669.56	6.68
669.75	12.62
669.95	4.46
670.14	18.37
670.34	7.07
670.53	12.49
670.73	11.06
670.92	12.80
671.12	6.59
671.31	14.38
671.51	2.89
671.70	9.28
671.90	-4.46
672.09	10.49
672.29	5.10
672.48	14.38
672.68	6.16
672.87	12.72
673.07	5.45
673.26	11.43
673.46	3.58
673.65	4.32
673.85	-3.26
674.04	9.07
674.24	1.35
674.43	8.95
674.63	5.39
674.82	9.15
675.02	-3.97
675.21	8.31
675.41	4.69
675.60	15.32
675.80	8.95
675.99	3.30
676.18	5.55
676.38	3.26
676.57	5.90
676.77	4.71
676.96	4.65
677.16	11.78
677.35	11.86
677.55	3.97
677.74	9.05
677.94	11.59
678.13	4.20
678.32	4.94
678.52	6.16
678.71	3.56
678.91	1.60
679.10	6.66
679.30	4.61
679.49	5.06
679.69	0.76
679.88	15.67
680.07	2.97
680.27	11.84
680.46	2.93
680.66	10.24
680.85	5.67
681.05	8.34
681.24	2.66
681.43	14.62
681.63	4.20
681.82	14.09
682.02	4.22
682.21	6.29
682.41	4.69
682.60	11.08
682.79	10.59
682.99	9.05
683.18	-0.53
683.38	13.03
683.57	0.70
683.76	10.24
683.96	9.34
684.15	8.11
684.35	6.43
684.54	6.02
684.73	6.74
684.93	16.34
685.12	1.29
685.32	18.19
685.51	11.76
685.70	11.94
685.90	7.72
686.09	6.18
686.28	-4.85
686.48	5.82
686.67	5.14
686.87	9.22
687.06	7.13
687.25	15.89
687.45	6.61
687.64	8.07
687.84	1.37
688.03	11.80
688.22	9.91
688.42	4.98
688.61	10.98
688.80	9.95
689.00	6.12
689.19	16.14
689.38	0.27
689.58	12.04
689.77	12.84
689.97	12.60
690.16	7.64
690.35	10.83
690.55	10.73
690.74	11.45
690.93	2.29
691.13	10.20
691.32	3.40
691.51	6.98
691.71	8.01
691.90	11.57
692.09	4.34
692.29	18.74
692.48	11.63
692.67	25.54
692.87	34.34
693.06	49.01
693.25	76.31
693.45	88.57
693.64	129.35
693.83	129.86
694.03	214.18
694.22	190.07
694.41	315.63
694.61	276.29
694.80	407.77
694.99	392.37
695.19	614.72
695.38	508.74
695.57	739.99
695.76	634.01
695.96	891.83
696.15	711.18
696.34	979.50
696.54	783.59
696.73	1073.50
696.92	860.84
697.12	1105.35
697.31	840.67
697.50	1130.77
697.70	866.60
697.89	1086.32
698.08	824.35
698.27	1076.21
698.47	807.49
698.66	1040.41
698.85	778.70
699.05	993.49
699.24	654.45
699.43	649.57
699.62	292.94
699.82	203.34
700.01	90.52
700.20	53.74
700.39	33.81
700.59	16.45
700.78	17.47
700.97	11.65
701.17	10.44
701.36	9.26
701.55	12.62
701.74	5.82
701.94	7.72
702.13	5.08
702.32	8.83
702.51	6.82
702.71	16.10
702.90	7.76
703.09	18.00
703.28	12.43
703.48	10.08
703.67	16.49
703.86	26.32
704.05	12.08
704.25	20.70
704.44	17.43
704.63	23.69
704.82	27.63
705.02	27.38
705.21	29.70
705.40	38.60
705.59	38.07
705.79	30.11
705.98	42.90
706.17	42.68
706.36	49.40
706.56	52.31
706.75	51.32
706.94	40.04
707.13	49.50
707.32	44.93
707.52	48.00
707.71	46.76
707.90	45.77
708.09	51.30
708.28	47.45
708.48	43.77
708.67	48.19
708.86	46.10
709.05	53.14
709.25	45.49
709.44	36.62
709.63	37.03
709.82	22.28
710.01	19.25
710.21	20.40
710.40	15.67
710.59	15.63
710.78	17.53
710.97	7.35
711.17	14.66
711.36	4.18
711.55	15.05
711.74	3.26
711.93	12.47
712.12	1.64
712.32	11.51
712.51	4.01
712.70	6.92
712.89	-0.14
713.08	17.61
713.28	14.19
713.47	12.82
713.66	8.70
713.85	17.76
714.04	5.84
714.23	18.70
714.43	12.78
714.62	15.11
714.81	9.01
715.00	13.05
715.19	9.17
715.38	10.59
715.58	1.39
715.77	12.00
715.96	9.85
716.15	9.67
716.34	5.92
716.53	17.06
716.72	2.21
716.92	5.73
717.11	6.41
717.30	18.29
717.49	9.07
717.68	15.85
717.87	2.36
718.06	8.87
718.26	8.42
718.45	7.48
718.64	4.89
718.83	13.72
719.02	2.60
719.21	13.27
719.40	6.29
719.60	12.27
719.79	0.68
719.98	11.55
720.17	7.91
720.36	5.59
720.55	1.13
720.74	10.92
720.93	6.55
721.12	7.84
721.32	-1.35
721.51	8.97
721.70	0.82
721.89	7.52
722.08	4.44
722.27	8.42
722.46	-3.09
722.65	6.90
722.84	-1.99
723.04	8.42
723.23	2.46
723.42	12.00
723.61	6.70
723.80	9.09
723.99	7.45
724.18	24.04
724.37	7.50
724.56	15.34
724.75	12.72
724.94	22.38
725.14	14.89
725.33	22.34
725.52	20.89
725.71	24.35
725.90	21.73
726.09	32.52
726.28	26.87
726.47	31.17
726.66	23.61
726.85	28.08
727.04	22.65
727.23	34.75
727.42	27.48
727.62	31.21
727.81	27.28
728.00	30.66
728.19	25.82
728.38	32.01
728.57	34.39
728.76	29.98
728.95	30.68
729.14	29.98
729.33	31.37
729.52	22.20
729.71	27.24
729.90	28.84
730.09	23.45
730.28	22.83
730.47	17.06
730.66	15.42
730.85	13.13
731.04	13.60
731.24	7.82
731.43	14.25
731.62	10.79
731.81	15.59
732.00	-0.45
732.19	14.54
732.38	5.22
732.57	13.21
732.76	7.02
732.95	10.22
733.14	0.20
733.33	11.82
733.52	11.12
733.71	14.68
733.90	6.39
734.09	4.87
734.28	6.68
734.47	12.47
734.66	13.37
734.85	23.51
735.04	16.47
735.23	30.21
735.42	34.04
735.61	29.41
735.80	37.29
735.99	43.03
736.18	49.32
736.37	55.48
736.56	76.45
736.75	66.13
736.94	92.22
737.13	84.68
737.32	119.58
737.51	111.68
737.70	130.82
737.89	121.57
738.08	147.02
738.27	126.24
738.46	165.66
738.65	131.11
738.84	155.17
739.03	127.14
739.22	155.83
739.41	128.37
739.60	161.93
739.79	124.48
739.98	158.90
740.17	120.87
740.36	147.76
740.55	120.38
740.74	138.22
740.93	107.15
741.12	95.48
741.30	63.57
741.49	45.32
741.68	30.35
741.87	23.26
742.06	17.08
742.25	12.88
742.44	10.69
742.63	9.60
742.82	10.85
743.01	6.21
743.20	4.57
743.39	-0.78
743.58	15.32
743.77	8.68
743.96	7.97
744.15	-0.37
744.34	11.73
744.53	6.21
744.72	11.80
744.90	2.76
745.09	14.34
745.28	7.58
745.47	5.18
745.66	6.25
745.85	12.04
746.04	12.53
746.23	22.98
746.42	32.11
746.61	62.98
746.80	120.69
746.99	165.82
747.18	331.32
747.37	358.85
747.55	703.09
747.74	724.57
747.93	1216.96
748.12	1132.51
748.31	1621.09
748.50	1583.59
748.69	2174.53
748.88	2129.58
749.07	2735.37
749.26	2574.07
749.45	3111.66
749.63	2992.57
749.82	3492.20
750.01	3236.51
750.20	3812.44
750.39	3524.55
750.58	3982.21
750.77	3651.47
750.96	4069.17
751.15	3754.89
751.33	4060.20
751.52	3730.54
751.71	4077.12
751.90	3815.98
752.09	4054.90
752.28	3653.62
752.47	4056.10
752.66	3522.73
752.84	3824.56
753.03	3026.32
753.22	2907.99
753.41	1945.59
753.60	1714.17
753.79	870.55
753.98	732.17
754.17	325.98
754.35	217.54
754.54	95.41
754.73	63.94
754.92	42.64
755.11	25.31
755.30	14.97
755.49	12.74
755.67	16.96
755.86	2.62
756.05	14.13
756.24	6.37
756.43	9.22
756.62	13.15
756.81	13.54
756.99	4.34
757.18	14.34
757.37	7.48
757.56	7.19
757.75	7.72
757.94	11.78
758.12	13.66
758.31	11.67
758.50	9.24
758.69	7.27
758.88	5.80
759.07	22.90
759.25	22.67
759.44	47.92
759.63	117.18
759.82	197.79
760.01	449.82
760.19	483.79
760.38	863.10
760.57	891.17
760.76	1464.44
760.95	1382.36
761.14	1938.40
761.32	1870.35
761.51	2487.57
761.70	2406.53
761.89	3078.69
762.08	3032.59
762.26	3630.64
762.45	3450.05
762.64	4036.92
762.83	3831.83
763.02	4353.78
763.20	4081.66
763.39	4562.71
763.58	4234.11
763.77	4673.12
763.96	4309.56
764.14	4744.34
764.33	4379.79
764.52	4765.11
764.71	4383.88
764.89	4607.91
765.08	4233.17
765.27	4520.54
765.46	4184.49
765.65	4444.40
765.83	4085.51
766.02	4131.74
766.21	3147.79
766.40	2597.32
766.58	1460.41
766.77	1011.04
766.96	349.94
767.15	187.23
767.34	79.65
767.52	46.20
767.71	34.98
767.90	20.11
768.09	26.89
768.27	26.32
768.46	37.48
768.65	50.32
768.84	59.72
769.02	97.67
769.21	123.08
769.40	167.52
769.59	158.76
769.77	260.17
769.96	239.35
770.15	363.97
770.34	331.28
770.52	524.94
770.71	464.27
770.90	731.37
771.09	651.93
771.27	950.32
771.46	773.66
771.65	1078.24
771.84	899.82
772.02	1172.58
772.21	951.12
772.40	1284.83
772.58	1000.49
772.77	1297.43
772.96	1054.87
773.15	1297.57
773.33	1054.66
773.52	1328.93
773.71	1030.64
773.89	1277.58
774.08	1009.01
774.27	1231.77
774.46	1012.80
774.64	1252.76
774.83	926.52
775.02	968.12
775.20	474.56
775.39	386.66
775.58	163.90
775.77	104.20
775.95	53.21
776.14	32.38
776.33	21.24
776.51	14.62
776.70	13.09
776.89	10.26
777.07	7.11
777.26	7.25
777.45	15.36
777.64	8.91
777.82	9.89
778.01	0.06
778.20	16.49
778.38	8.87
778.57	8.27
778.76	6.96
778.94	15.69
779.13	12.82
779.32	15.75
779.50	5.53
779.69	12.31
779.88	5.24
780.06	13.21
780.25	5.04
780.44	9.65
780.62	-2.23
780.81	8.44
781.00	2.46
781.18	9.85
781.37	6.55
781.56	9.54
781.74	3.93
781.93	11.82
782.12	9.85
782.30	6.64
782.49	4.59
782.68	19.03
782.86	4.28
783.05	8.46
783.24	5.69
783.42	7.50
783.61	5.32
783.79	15.59
783.98	1.52
784.17	9.67
784.35	0.39
784.54	9.11
784.73	4.67
784.91	14.32
785.10	-0.70
785.29	12.64
785.47	1.50
785.66	11.47
785.84	2.95
786.03	4.38
786.22	5.49
786.40	15.03
786.59	-0.53
786.78	10.38
786.96	5.49
787.15	12.08
787.33	4.75
787.52	7.29
787.71	2.85
787.89	10.90
788.08	0.63
788.26	4.98
788.45	-0.55
788.64	12.72
788.82	6.18
789.01	9.07
789.20	14.07
789.38	14.03
789.57	7.13
789.75	10.51
789.94	0.12
790.13	7.86
790.31	7.74
790.50	8.93
790.68	15.40
790.87	17.98
791.05	14.56
791.24	16.75
791.43	25.31
791.61	24.92
791.80	29.22
791.98	39.87
792.17	33.48
792.36	33.93
792.54	50.05
792.73	40.43
792.91	60.01
793.10	62.30
793.28	80.30
793.47	82.57
793.66	91.69
793.84	82.47
794.03	110.63
794.21	101.74
794.40	130.39
794.58	113.74
794.77	129.12
794.96	110.86
795.14	132.11
795.33	118.27
795.51	143.09
795.70	107.50
795.88	147.19
796.07	120.32
796.25	154.38
796.44	139.10
796.63	203.12
796.81	163.45
797.00	269.39
797.18	238.90
797.37	331.22
797.55	244.69
797.74	298.84
797.92	217.31
798.11	238.45
798.29	163.88
798.48	198.10
798.66	156.69
798.85	201.17
799.04	174.59
799.22	247.21
799.41	213.97
799.59	299.97
799.78	253.46
799.96	375.76
800.15	312.15
800.33	451.47
800.52	361.63
800.70	510.35
800.89	384.77
801.07	518.48
801.26	410.82
801.44	551.50
801.63	414.78
801.81	567.14
802.00	422.48
802.18	565.79
802.37	424.48
802.55	563.23
802.74	425.14
802.92	565.18
803.11	390.12
803.29	472.98
803.48	280.78
803.66	300.50
803.85	187.98
804.03	171.21
804.22	92.45
804.40	64.94
804.59	41.47
804.77	26.05
804.96	16.24
805.14	10.06
805.33	17.35
805.51	5.37
805.70	13.13
805.88	4.24
806.07	12.57
806.25	13.43
806.44	15.01
806.62	17.69
806.81	22.75
806.99	19.89
807.18	40.61
807.36	62.61
807.54	83.13
807.73	187.92
807.91	209.08
808.10	406.77
808.28	382.23
808.47	680.89
808.65	648.76
808.84	1011.35
809.02	927.40
809.21	1338.29
809.39	1189.79
809.58	1641.90
809.76	1495.34
809.94	1985.55
810.13	1857.36
810.31	2318.77
810.50	2185.88
810.68	2581.44
810.87	2308.27
811.05	2719.25
811.24	2448.55
811.42	2783.25
811.60	2488.06
811.79	2824.09
811.97	2481.87
812.16	2847.25
812.34	2530.51
812.53	2905.04
812.71	2520.62
812.89	2800.33
813.08	2282.22
813.26	2465.75
813.45	1830.35
813.63	2050.84
813.82	1466.26
814.00	1583.16
814.18	1038.89
814.37	839.75
814.55	364.52
814.74	256.18
814.92	99.49
815.10	56.32
815.29	31.85
815.47	19.48
815.66	19.95
815.84	13.78
816.03	13.89
816.21	7.84
816.39	5.96
816.58	10.42
816.76	15.87
816.95	10.85
817.13	8.77
817.31	7.23
817.50	10.06
817.68	8.74
817.87	6.57
818.05	7.95
818.23	9.42
818.42	5.63
818.60	7.58
818.78	9.69
818.97	9.36
819.15	10.53
819.34	15.38
819.52	4.71
819.70	12.19
819.89	5.96
820.07	3.97
820.26	1.50
820.44	7.95
820.62	0.78
820.81	9.63
820.99	10.81
821.17	6.82
821.36	7.41
821.54	14.40
821.72	4.42
821.91	6.88
822.09	0.88
822.28	11.88
822.46	10.30
822.64	14.79
822.83	26.60
823.01	28.84
823.19	46.49
823.38	57.77
823.56	76.31
823.74	77.74
823.93	108.46
824.11	104.55
824.29	142.17
824.48	125.01
824.66	188.86
824.84	180.69
825.03	270.39
825.21	238.98
825.39	360.42
825.58	290.77
825.76	409.92
825.94	346.13
826.13	472.06
826.31	385.65
826.49	500.52
826.68	383.77
826.86	516.64
827.04	400.89
827.23	540.19
827.41	416.11
827.59	570.17
827.78	417.60
827.96	529.95
828.14	412.91
828.33	552.62
828.51	392.08
828.69	535.54
828.88	407.44
829.06	484.14
829.24	299.21
829.43	243.30
829.61	117.18
829.79	79.48
829.98	38.87
830.16	23.80
830.34	16.47
830.52	12.49
830.71	15.54
830.89	9.81
831.07	10.38
831.26	12.08
831.44	15.13
831.62	11.49
831.80	11.22
831.99	0.12
832.17	11.90
832.35	2.27
832.54	14.11
832.72	5.30
832.90	7.82
833.08	6.10
833.27	5.94
833.45	2.31
833.63	11.63
833.82	2.17
834.00	5.78
834.18	6.41
834.36	9.15
834.55	-1.00
834.73	8.62
834.91	6.41
835.10	10.67
835.28	5.41
835.46	14.11
835.64	7.31
835.83	10.79
836.01	7.37
836.19	12.94
836.37	3.50
836.56	13.17
836.74	1.84
836.92	11.39
837.10	10.36
837.29	23.16
837.47	15.11
837.65	20.68
837.83	28.49
838.02	33.14
838.20	39.03
838.38	53.08
838.56	63.96
838.75	79.30
838.93	126.54
839.11	142.54
839.29	232.01
839.48	210.41
839.66	361.81
839.84	302.71
840.02	450.41
840.20	381.82
840.39	553.28
840.57	449.80
840.75	674.31
840.93	548.75
841.12	803.83
841.30	680.36
841.48	950.34
841.66	769.65
841.85	1023.57
842.03	813.15
842.21	1063.06
842.39	871.33
842.57	1116.39
842.76	884.58
842.94	1138.14
843.12	907.25
843.30	1181.37
843.48	892.63
843.67	1065.99
843.85	665.22
844.03	711.14
844.21	441.62
844.39	439.19
844.58	285.55
844.76	317.29
844.94	203.79
845.12	239.82
845.30	147.47
845.49	128.74
845.67	66.50
845.85	49.85
846.03	31.70
846.21	15.50
846.40	20.09
846.58	14.23
846.76	19.97
846.94	5.10
847.12	15.89
847.30	3.56
847.49	12.92
847.67	1.04
847.85	10.04
848.03	-2.85
848.21	9.32
848.40	7.27
848.58	8.17
848.76	5.26
848.94	16.04
849.12	9.13
849.30	9.85
849.49	14.99
849.67	16.16
849.85	15.91
850.03	23.29
850.21	14.17
850.39	19.84
850.58	18.19
850.76	21.75
850.94	19.41
851.12	21.67
851.30	23.41
851.48	28.59
851.66	27.01
851.85	34.41
852.03	25.42
852.21	22.08
852.39	26.19
852.57	30.82
852.75	25.07
852.93	28.86
853.12	27.83
853.30	33.16
853.48	30.27
853.66	32.19
853.84	34.00
854.02	31.52
854.20	32.26
854.39	27.09
854.57	29.61
854.75	29.98
854.93	35.39
855.11	29.49
855.29	20.38
855.47	23.47
855.65	14.07
855.83	22.79
856.02	5.51
856.20	12.72
856.38	1.97
856.56	13.19
856.74	8.74
856.92	2.13
857.10	5.86
857.28	15.07
857.47	6.12
857.65	4.77
857.83	1.43
858.01	8.56
858.19	5.37
858.37	9.20
858.55	1.02
858.73	5.12
858.91	3.34
859.09	10.59
859.28	2.89
859.46	10.59
859.64	9.42
859.82	1.82
860.00	7.31
860.18	7.72
860.36	6.41
860.54	8.60
860.72	-1.19
860.90	6.55
861.08	-2.68
861.26	8.79
861.45	7.56
861.63	7.86
861.81	6.12
861.99	9.85
862.17	6.68
862.35	7.52
862.53	2.79
862.71	10.22
862.89	2.93
863.07	8.11
863.25	0.23
863.43	8.46
863.61	4.26
863.79	12.04
863.98	2.44
864.16	12.37
864.34	7.35
864.52	9.95
864.70	0.04
864.88	8.81
865.06	4.16
865.24	8.70
865.42	3.01
865.60	10.32
865.78	-0.02
865.96	6.88
866.14	6.88
866.32	8.27
866.50	7.86
866.68	7.07
866.86	7.72
867.04	16.49
867.22	10.59
867.40	15.22
867.59	10.24
867.77	14.27
867.95	4.87
868.13	15.18
868.31	1.00
868.49	13.37
868.67	12.41
868.85	12.51
869.03	13.82
869.21	10.06
869.39	6.82
869.57	13.09
869.75	0.33
869.93	8.66
870.11	5.18
870.29	8.62
870.47	-1.39
870.65	8.38
870.83	6.53
871.01	9.24
871.19	2.40
871.37	12.49
871.55	4.12
871.73	10.36
871.91	9.69
872.09	12.21
872.27	14.72
872.45	13.25
872.63	3.73
872.81	6.61
872.99	4.69
873.17	5.69
873.35	4.55
873.53	7.13
873.71	1.19
873.89	11.53
874.07	3.40
874.25	7.35
874.43	5.90
874.61	11.37
874.79	-0.04
874.97	5.73
875.15	4.10
875.33	14.62
875.51	7.29
875.69	5.18
875.87	0.37
876.05	11.10
876.23	10.77
876.41	12.96
876.59	4.10
876.77	12.33
876.95	8.31
877.13	12.12
877.31	1.29
877.49	7.54
877.67	5.94
877.85	4.08
878.02	8.68
878.20	10.42
878.38	5.90
878.56	2.29
878.74	1.25
878.92	9.97
879.10	4.42
879.28	13.56
879.46	0.55
879.64	8.81
879.82	3.13
880.00	11.43
880.18	-0.10
880.36	7.31
880.54	-0.49
880.72	6.53
880.90	10.71
881.08	7.05
881.26	8.17
881.44	13.03
881.61	0.12
881.79	10.38
881.97	3.01
882.15	9.71
882.33	-0.68
882.51	11.39
882.69	5.84
882.87	9.20
883.05	4.38
883.23	9.50
883.41	3.56
883.59	11.33
883.77	0.80
883.95	5.53
884.12	1.25
884.30	11.12
884.48	-0.68
884.66	5.28
884.84	1.25
885.02	17.74
885.20	5.08
885.38	9.67
885.56	7.27
885.74	1.95
885.92	-2.87
886.10	10.75
886.27	5.28
886.45	7.33
886.63	10.24
886.81	6.21
886.99	2.99
887.17	10.67
887.35	-0.16
887.53	13.46
887.71	6.59
887.89	12.31
888.06	0.12
888.24	3.93
888.42	13.76
888.60	13.68
888.78	0.18
888.96	11.57
889.14	4.51
889.32	10.20
889.49	-0.35
889.67	8.79
889.85	6.00
890.03	5.98
890.21	12.33
890.39	5.00
890.57	6.08
890.75	16.28
890.93	5.28
891.10	11.57
891.28	-2.46
891.46	13.33
891.64	8.62
891.82	8.58
892.00	3.56
892.18	10.75
892.35	7.29
892.53	5.98
892.71	4.87
892.89	12.92
893.07	5.12
893.25	7.56
893.43	7.23
893.60	10.57
893.78	7.60
893.96	7.02
894.14	2.40
894.32	6.10
894.50	-1.39
894.68	13.76
894.85	11.00
895.03	7.25
895.21	5.98
895.39	4.79
895.57	5.22
895.75	6.55
895.92	6.21
896.10	11.22
896.28	1.43
896.46	10.26
896.64	7.70
896.82	7.54
896.99	2.03
897.17	10.77
897.35	3.77
897.53	8.23
897.71	2.83
897.89	4.44
898.06	5.16
898.24	17.31
898.42	5.28
898.60	15.03
898.78	8.48
898.96	8.44
899.13	4.26
899.31	8.83
899.49	8.48
899.67	11.80
899.85	7.82
900.02	10.36
900.20	5.45
900.38	5.16
900.56	5.55
900.74	13.33
900.91	6.70
901.09	3.79
901.27	4.94
901.45	5.14
901.63	2.74
901.80	9.32
901.98	6.06
902.16	10.49
902.34	3.07
902.52	5.63
902.69	7.39
902.87	14.64
903.05	3.09
903.23	8.60
903.41	2.33
903.58	7.43
903.76	6.14
903.94	11.90
904.12	6.55
904.29	1.39
904.47	3.34
904.65	9.46
904.83	6.43
905.01	12.62
905.18	2.56
905.36	6.47
905.54	4.77
905.72	3.34
905.89	3.46
906.07	15.48
906.25	0.27
906.43	6.68
906.61	5.78
906.78	8.91
906.96	-0.53
907.14	1.62
907.32	0.51
907.49	5.20
907.67	4.69
907.85	10.20
908.03	3.22
908.20	5.43
908.38	2.09
908.56	10.65
908.74	5.71
908.91	12.53
909.09	3.22
909.27	19.15
909.45	20.79
909.62	34.08
909.80	46.14
909.98	61.83
910.16	77.72
910.33	81.71
910.51	115.14
910.69	111.08
910.86	148.27
911.04	114.52
911.22	167.99
911.40	150.79
911.57	239.78
911.75	216.31
911.93	334.25
912.11	287.62
912.28	442.38
912.46	335.93
912.64	500.50
912.82	357.45
912.99	544.94
913.17	424.89
913.35	595.36
913.52	447.99
913.70	617.13
913.88	446.23
914.06	646.44
914.23	488.50
914.41	648.00
914.59	459.58
914.76	623.63
914.94	456.53
915.12	597.52
915.29	430.77
915.47	601.12
915.65	403.94
915.83	559.38
916.00	361.30
916.18	361.73
916.36	155.40
916.53	87.78
916.71	39.77
916.89	20.27
917.06	19.25
917.24	6.96
917.42	14.52
917.60	4.12
917.77	8.99
917.95	11.00
918.13	14.93
918.30	1.88
918.48	13.70
918.66	3.15
918.83	10.40
919.01	6.76
919.19	2.54
919.36	4.03
919.54	9.42
919.72	10.96
919.89	12.72
920.07	6.70
920.25	7.91
920.42	13.25
920.60	14.23
920.78	6.47
920.95	17.80
921.13	7.54
921.31	14.87
921.48	9.11
921.66	12.70
921.84	12.57
922.01	11.18
922.19	4.08
922.37	19.82
922.54	15.69
922.72	22.86
922.90	17.71
923.07	15.46
923.25	13.76
923.43	19.84
923.60	13.52
923.78	19.17
923.96	15.36
924.13	24.41
924.31	10.36
924.49	19.56
924.66	12.12
924.84	21.81
925.01	17.49
925.19	18.62
925.37	17.61
925.54	18.51
925.72	14.83
925.90	17.35
926.07	19.25
926.25	18.43
926.43	17.47
926.60	14.09
926.78	5.73
926.95	15.36
927.13	6.33
927.31	9.52
927.48	5.02
927.66	13.23
927.84	9.95
928.01	13.29
928.19	2.72
928.36	11.57
928.54	8.54
928.72	11.43
928.89	4.73
929.07	8.89
929.24	7.02
929.42	1.43
929.60	3.54
929.77	5.82
929.95	7.91
930.12	10.65
930.30	4.55
930.48	8.52
930.65	2.70
930.83	5.63
931.00	-0.27
931.18	8.64
931.36	0.92
931.53	5.65
931.71	6.18
931.88	7.99
932.06	5.63
932.24	6.43
932.41	1.56
932.59	10.28
932.76	0.49
932.94	10.69
933.12	4.40
933.29	13.48
933.47	3.69
933.64	13.29
933.82	9.11
933.99	7.86
934.17	3.48
934.35	9.46
934.52	11.80
934.70	9.71
934.87	0.80
935.05	7.21
935.22	2.95
935.40	13.86
935.58	0.78
935.75	5.53
935.93	7.74
936.10	11.92
936.28	4.03
936.45	7.27
936.63	5.71
936.81	8.34
936.98	2.64
937.16	15.99
937.33	4.73
937.51	14.03
937.68	4.40
937.86	5.37
938.03	1.84
938.21	11.30
938.39	8.17
938.56	11.28
938.74	3.60
938.91	3.87
939.09	4.20
939.26	9.77
939.44	8.44
939.61	4.79
939.79	10.20
939.96	9.56
940.14	-0.96
940.32	8.58
940.49	1.58
940.67	13.54
940.84	9.05
941.02	8.48
941.19	8.38
941.37	8.15
941.54	3.67
941.72	8.05
941.89	8.48
942.07	11.96
942.24	-1.31
942.42	6.80
942.59	-0.18
942.77	7.00
942.94	4.87
943.12	6.92
943.29	6.21
943.47	7.02
943.64	4.03
943.82	3.44
943.99	1.58
944.17	14.75
944.35	1.00
944.52	12.80
944.70	9.81
944.87	13.37
945.05	2.76
945.22	11.67
945.40	3.32
945.57	10.34
945.75	5.00
945.92	10.63
946.10	0.10
946.27	7.50
946.45	4.30
946.62	14.34
946.80	4.59
946.97	8.34
947.15	2.66
947.32	13.72
947.49	2.31
947.67	9.01
947.84	4.32
948.02	7.11
948.19	5.08
948.37	12.00
948.54	5.94
948.72	10.83
948.89	-1.54
949.07	11.71
949.24	-0.02
949.42	12.64
949.59	0.06
949.77	5.73
949.94	5.10
950.12	13.13
950.29	-4.36
950.47	0.31
950.64	2.50
950.82	5.14
950.99	1.82
951.16	8.68
951.34	5.65
951.51	4.28
951.69	2.40
951.86	10.08
952.04	1.52
952.21	8.77
952.39	0.18
952.56	4.79
952.74	2.62
952.91	13.29
953.09	-2.52
953.26	9.11
953.43	1.52
953.61	7.13
953.78	1.70
953.96	5.75
954.13	4.40
954.31	3.40
954.48	4.26
954.66	9.71
954.83	9.24
955.00	8.83
955.18	0.41
955.35	6.90
955.53	0.86
955.70	5.47
955.88	2.81
956.05	5.78
956.22	6.80
956.40	9.40
956.57	7.45
956.75	2.70
956.92	3.75
957.10	10.90
957.27	0.10
957.44	4.71
957.62	1.93
957.79	9.42
957.97	0.08
958.14	9.03
958.32	7.41
958.49	5.65
958.66	-0.61
958.84	13.05
959.01	3.75
959.19	11.43
959.36	2.97
959.53	8.70
959.71	4.83
959.88	8.91
960.06	-0.04
960.23	0.82
960.40	2.85
960.58	11.61
960.75	2.74
960.93	4.61
961.10	5.32
961.27	10.20
961.45	0.18
961.62	12.82
961.80	6.33
961.97	6.43
962.14	11.98
962.32	5.67
962.49	2.64
962.67	11.43
962.84	0.53
963.01	8.56
963.19	6.39
963.36	7.23
963.53	2.72
963.71	11.28
963.88	6.45
964.06	14.07
964.23	3.89
964.40	10.42
964.58	15.52
964.75	9.24
964.92	6.70
965.10	13.41
965.27	3.91
965.45	11.63
965.62	8.07
965.79	12.90
965.97	11.45
966.14	14.42
966.31	13.62
966.49	10.06
966.66	8.89
966.84	18.64
967.01	10.20
967.18	15.99
967.36	15.38
967.53	18.21
967.70	13.68
967.88	19.41
968.05	15.24
968.22	18.92
968.40	15.46
968.57	21.87
968.74	12.45
968.92	14.95
969.09	15.67
969.26	18.15
969.44	6.49
969.61	15.36
969.78	11.49
969.96	11.02
970.13	10.18
970.30	16.08
970.48	0.88
970.65	12.45
970.83	9.28
971.00	10.90
971.17	11.51
971.35	11.00
971.52	5.26
971.69	7.86
971.86	6.23
972.04	11.33
972.21	1.86
972.38	7.11
972.56	3.58
972.73	7.45
972.90	2.58
973.08	8.87
973.25	-0.72
973.42	6.53
973.60	7.82
973.77	7.58
973.94	-0.82
974.12	11.08
974.29	-1.95
974.46	6.31
974.64	6.82
974.81	4.20
974.98	3.28
975.16	5.69
975.33	3.60
975.50	10.47
975.67	7.21
975.85	13.05
976.02	3.69
976.19	6.18
976.37	-1.70
976.54	3.17
976.71	2.52
976.89	5.71
977.06	2.68
977.23	10.20
977.40	7.72
977.58	9.71
977.75	-0.45
977.92	6.41
978.10	3.81
978.27	9.50
978.44	6.14
978.61	5.51
978.79	8.68
978.96	9.50
979.13	6.08
979.31	4.38
979.48	1.54
979.65	3.32
979.82	5.73
980.00	10.55
980.17	4.28
980.34	6.57
980.51	4.94
980.69	6.70
980.86	5.90
981.03	6.08
981.21	-2.33
981.38	18.37
981.55	3.15
981.72	4.61
981.90	3.56
982.07	15.93
982.24	-1.02
982.41	8.23
982.59	8.36
982.76	11.84
982.93	1.13
983.10	6.37
983.28	0.04
983.45	5.45
983.62	5.51
983.79	8.91
983.97	5.53
984.14	6.23
984.31	2.03
984.48	3.15
984.66	1.09
984.83	11.90
985.00	8.21
985.17	7.60
985.35	6.74
985.52	5.06
985.69	7.07
985.86	7.76
986.04	9.03
986.21	5.51
986.38	9.95
986.55	5.73
986.72	0.98
986.90	3.93
987.07	4.46
987.24	6.33
987.41	3.52
987.59	10.61
987.76	1.99
987.93	5.86
988.10	-3.40
988.28	13.31
988.45	5.75
988.62	9.28
988.79	7.48
988.96	9.40
989.14	-4.67
989.31	10.79
989.48	4.69
989.65	5.75
989.82	10.44
990.00	5.39
990.17	-0.86
990.34	10.96
990.51	5.47
990.69	9.17
990.86	5.63
991.03	7.74
991.20	4.20
991.37	9.83
991.55	7.07
991.72	7.50
991.89	5.22
992.06	9.75
992.23	4.94
992.41	14.29
992.58	3.79
992.75	10.69
992.92	4.71
993.09	6.25
993.26	3.28
993.44	9.95
993.61	5.26
993.78	3.50
993.95	1.62
994.12	8.97
994.30	8.42
994.47	10.14
994.64	1.52
994.81	4.73
994.98	2.40
995.15	13.74
995.33	-0.31
995.50	6.86
995.67	5.49
995.84	11.24
996.01	1.80
996.19	8.34
996.36	-2.11
996.53	11.04
996.70	5.18
996.87	10.44
997.04	8.42
997.22	7.52
997.39	6.53
997.56	4.98
997.73	3.95
997.90	9.01
998.07	4.57
998.24	10.34
998.42	-0.16
998.59	6.47
998.76	5.28
998.93	14.72
999.10	-0.92
999.27	9.32
999.45	2.66
999.62	10.59
999.79	2.52
999.96	7.84
1000.13	0.41
1000.30	12.41
1000.47	9.97
1000.65	11.33
1000.82	-1.52
1000.99	12.00
1001.16	7.88
1001.33	5.55
1001.50	7.74
1001.67	8.54
1001.85	5.20
1002.02	4.28
1002.19	2.21
1002.36	4.69
1002.53	-4.38
1002.70	2.52
1002.87	0.06
1003.04	8.25
1003.22	4.40
1003.39	5.84
1003.56	7.82
1003.73	11.57
1003.90	5.71
1004.07	12.08
1004.24	5.61
1004.41	7.21
1004.59	4.77
1004.76	9.15
1004.93	3.17
1005.10	1.50
1005.27	0.66
1005.44	11.47
1005.61	0.92
1005.78	6.98
1005.95	0.12
1006.13	9.42
1006.30	-0.18
1006.47	8.23
1006.64	6.18
1006.81	1.99
1006.98	3.05
1007.15	5.84
1007.32	-0.51
1007.49	5.61
1007.66	-0.70
1007.84	10.26
1008.01	1.99
1008.18	2.85
1008.35	5.41
1008.52	10.53
1008.69	8.85
1008.86	5.55
1009.03	2.46
1009.20	9.17
1009.37	8.66
1009.55	7.21
1009.72	10.51
1009.89	12.53
1010.06	1.93
1010.23	6.10
1010.40	-1.95
1010.57	8.77
1010.74	7.41
1010.91	8.29
1011.08	13.46
1011.25	12.45
1011.42	2.48
1011.59	11.00
1011.77	5.20
1011.94	6.88
1012.11	4.14
1012.28	7.27
1012.45	7.35
1012.62	3.40
1012.79	5.69
1012.96	12.10
1013.13	1.54
1013.30	16.88
1013.47	1.97
1013.64	7.58
1013.81	2.25
1013.98	8.03
1014.15	2.13
1014.32	10.14
1014.50	4.24
1014.67	0.51
1014.84	8.01
1015.01	12.37
1015.18	4.65
1015.35	10.71
1015.52	7.64
1015.69	12.47
1015.86	0.82
1016.03	15.30
1016.20	4.03
1016.37	11.69
1016.54	1.82
1016.71	4.73
1016.88	5.32
1017.05	7.48
1017.22	1.70
1017.39	14.15
1017.56	8.89
1017.73	14.77
1017.90	2.58
1018.07	11.65
1018.24	8.31
1018.42	8.17
1018.59	11.92
1018.76	6.47
1018.93	9.20
1019.10	8.64
1019.27	-4.26
1019.44	10.90
1019.61	11.55
1019.78	14.23
1019.95	4.30
1020.12	15.83
1020.29	5.00
1020.46	14.68
1020.63	4.30
1020.80	11.24
1020.97	2.19
1021.14	5.61
1021.31	5.75
1021.48	17.47
1021.65	6.66
1021.82	9.81
1021.99	7.70
1022.16	14.87
1022.33	3.32
1022.50	9.69
1022.67	3.83
1022.84	9.65
1023.01	0.61
1023.18	8.64
1023.35	3.65
1023.52	13.23
1023.69	1.76
1023.86	11.26
1024.03	1.06
1024.20	9.38
1024.37	-0.47
1024.54	5.14
1024.71	-4.26
1024.88	4.69
1025.05	6.31
1025.22	9.99
1025.39	6.49
1025.56	10.73
1025.73	-4.79
1025.90	10.44
1026.07	3.95
1026.24	16.61
1026.41	9.17
1026.58	14.48
1026.75	4.67
1026.92	5.22
1027.09	1.88
1027.26	4.63
1027.43	-0.37
1027.60	4.32
1027.77	-2.79
1027.94	3.77
1028.11	1.64
1028.27	8.91
1028.44	13.68
1028.61	7.66
1028.78	-0.00
1028.95	9.93
1029.12	10.38
1029.29	9.67
1029.46	4.36
1029.63	10.65
1029.80	0.33
1029.97	9.15
1030.14	11.49
1030.31	4.96
1030.48	8.64
1030.65	10.24
1030.82	-0.27
1030.99	11.47
1031.16	5.32
1031.33	4.01
1031.50	2.89
1031.67	13.80
1031.84	0.33
1032.01	5.30
1032.17	5.32
1032.34	16.36
1032.51	2.31
1032.68	7.27
1032.85	2.87
1033.02	6.02
1033.19	-0.51
1033.36	2.36
1033.53	-0.82
1033.70	12.47
1033.87	-0.18
1034.04	12.35
1034.21	6.39
1034.38	11.45
1034.55	1.58
1034.72	6.31
1034.88	9.15
1035.05	8.21
1035.22	5.43
1035.39	5.37
1035.56	5.71
1035.73	6.06
1035.90	10.08
1036.07	5.26
1036.24	2.27
1036.41	4.71
1036.58	5.10
1036.75	11.43
1036.92	0.49
1037.08	11.37
1037.25	15.09
1037.42	10.55
1037.59	4.05
1037.76	8.19
1037.93	-2.15
1038.10	11.33
1038.27	9.97
1038.44	6.45
1038.61	2.66
1038.78	12.16
1038.94	8.64
1039.11	5.71
1039.28	6.31
1039.45	15.48
1039.62	1.11
1039.79	10.71
1039.96	1.54
1040.13	6.45
1040.30	4.94
1040.47	5.32
1040.63	11.43
1040.80	18.45
1040.97	3.58
1041.14	3.99
1041.31	8.17
1041.48	9.38
1041.65	2.52
1041.82	13.07
1041.99	10.01
1042.15	9.34
1042.32	2.76
1042.49	10.24
1042.66	4.12
1042.83	14.46
1043.00	4.83
