0.05    4.005   6.607   3.06607 6.5620144.74751
0.075   4.005   6.488   3.06488 6.3558784.598703
0.1     4.005   6.416   3.06416 6.3559524.598551
0.15    4.005   6.604   3.06604 6.2570544.525504
0.3     4.008   6.664   3.06664 6.3665574.602224
0.5     4.008   6.523   3.06523 6.3519214.591139
0.8     3.995   6.499   3.06499 6.3431144.599594
1       3.983   6.392   3.06392 6.3331544.606292
5       3.982   6.425   3.06425 6.3318974.60579
10      3.977   6.491   3.06491 6.3109114.597895
50      3.976   6.372   3.06372 6.2322234.537826
100     3.981   6.19    3.0619  0       0
