339.46	-2.51
339.68	-2.51
339.90	-2.51
340.13	-4.09
340.35	-3.59
340.57	-4.27
340.79	10.70
341.02	-4.56
341.24	2.98
341.46	2.47
341.68	6.52
341.91	-2.34
342.13	6.65
342.35	-5.74
342.57	11.97
342.79	-2.30
343.02	9.37
343.24	6.22
343.46	64.13
343.68	120.43
343.90	119.33
344.13	108.43
344.35	116.64
344.57	111.22
344.79	122.05
345.01	99.99
345.24	116.29
345.46	115.93
345.68	123.65
345.90	119.08
346.12	116.23
346.35	113.98
346.57	119.67
346.79	116.13
347.01	128.44
347.23	120.72
347.45	120.45
347.68	122.97
347.90	123.54
348.12	107.77
348.34	120.02
348.56	122.93
348.78	131.47
349.01	128.13
349.23	122.62
349.45	118.87
349.67	129.81
349.89	123.61
350.11	131.59
350.33	134.91
350.56	144.25
350.78	134.46
351.00	143.23
351.22	137.94
351.44	146.24
351.66	144.25
351.88	151.01
352.11	127.07
352.33	154.47
352.55	151.60
352.77	166.88
352.99	157.27
353.21	161.90
353.43	166.57
353.65	177.49
353.88	172.45
354.10	189.98
354.32	186.23
354.54	194.69
354.76	203.23
354.98	207.49
355.20	214.33
355.42	223.03
355.64	222.26
355.87	239.07
356.09	243.72
356.31	268.32
356.53	268.58
356.75	290.00
356.97	299.85
357.19	318.45
357.41	321.97
357.63	347.33
357.85	360.92
358.07	375.08
358.30	397.30
358.52	417.12
358.74	433.73
358.96	473.87
359.18	516.65
359.40	571.21
359.62	650.67
359.84	767.41
360.06	915.23
360.28	1197.03
360.50	1743.63
360.72	2555.94
360.94	3927.95
361.16	5946.70
361.38	8754.65
361.60	11783.88
361.83	14571.47
362.05	17564.91
362.27	20060.11
362.49	22353.20
362.71	25271.29
362.93	27601.06
363.15	29723.33
363.37	31417.94
363.59	33380.16
363.81	36059.70
364.03	37680.16
364.25	39574.63
364.47	41306.56
364.69	42743.92
364.91	43495.94
365.13	44904.45
365.35	45921.55
365.57	47309.01
365.79	46966.51
366.01	47169.28
366.23	48232.21
366.45	48723.83
366.67	49408.53
366.89	49069.53
367.11	47751.43
367.33	46934.97
367.55	45644.30
367.77	43036.64
367.99	38044.63
368.21	32663.23
368.43	25640.03
368.65	17839.54
368.87	12649.08
369.09	8734.62
369.31	6386.89
369.53	4790.62
369.75	3356.84
369.97	1981.95
370.19	1071.45
370.41	744.35
370.63	640.23
370.85	600.43
371.07	563.45
371.29	539.71
371.51	510.75
371.73	522.88
371.95	487.69
372.17	501.70
372.39	477.11
372.61	482.74
372.83	478.03
373.05	481.06
373.26	481.82
373.48	487.53
373.70	487.57
373.92	496.73
374.14	496.95
374.36	495.41
374.58	495.74
374.80	521.18
375.02	509.40
375.24	512.31
375.46	491.24
375.68	492.83
375.90	502.73
376.12	502.15
376.34	491.61
376.56	508.11
376.77	497.34
376.99	510.00
377.21	510.69
377.43	511.41
377.65	520.22
377.87	521.30
378.09	525.27
378.31	534.84
378.53	516.96
378.75	529.35
378.97	537.44
379.18	539.86
379.40	543.85
379.62	557.41
379.84	562.94
380.06	556.94
380.28	553.29
380.50	554.95
380.72	560.38
380.94	554.95
381.15	578.30
381.37	574.55
381.59	561.63
381.81	574.59
382.03	585.87
382.25	588.72
382.47	578.93
382.69	577.85
382.90	587.06
383.12	586.43
383.34	575.78
383.56	585.71
383.78	585.38
384.00	592.08
384.22	576.88
384.44	584.97
384.65	575.02
384.87	575.94
385.09	578.38
385.31	603.18
385.53	610.84
385.75	607.77
385.96	593.23
386.18	597.59
386.40	610.49
386.62	610.51
386.84	612.95
387.06	630.42
387.27	640.02
387.49	646.86
387.71	660.23
387.93	668.82
388.15	651.74
388.37	656.98
388.58	653.64
388.80	669.06
389.02	689.95
389.24	684.52
389.46	677.60
389.68	676.39
389.89	676.19
390.11	701.36
390.33	709.08
390.55	716.16
390.77	720.45
390.98	708.34
391.20	729.01
391.42	728.68
391.64	722.88
391.86	715.98
392.07	745.49
392.29	756.76
392.51	735.62
392.73	757.74
392.94	758.15
393.16	739.55
393.38	726.26
393.60	758.89
393.82	732.59
394.03	713.95
394.25	709.45
394.47	692.33
394.69	727.04
394.90	694.78
395.12	715.00
395.34	725.69
395.56	742.73
395.77	754.44
395.99	772.53
396.21	804.29
396.43	792.45
396.64	827.41
396.86	855.18
397.08	861.33
397.30	863.66
397.51	907.63
397.73	886.90
397.95	909.53
398.17	926.23
398.38	964.97
398.60	967.43
398.82	1073.76
399.04	1084.49
399.25	1158.77
399.47	1194.86
399.69	1346.88
399.91	1534.04
400.12	1718.69
400.34	2116.57
400.56	3212.25
400.77	5391.90
400.99	8580.18
401.21	12802.44
401.43	17980.85
401.64	21878.46
401.86	25941.10
402.08	29488.88
402.29	32601.22
402.51	34843.58
402.73	37735.58
402.95	43320.43
403.16	44332.92
403.38	44044.59
403.60	48505.99
403.81	49840.59
404.03	55460.07
404.25	56997.21
404.46	57367.20
404.68	59603.25
404.90	59519.37
405.11	62438.65
405.33	62356.81
405.55	64305.94
405.76	64241.92
405.98	63804.01
406.20	64312.72
406.41	64312.72
406.63	64312.72
406.85	64312.72
407.06	64180.40
407.28	63453.29
407.50	62845.64
407.71	56508.53
407.93	51855.42
408.15	42959.99
408.36	32361.30
408.58	22146.07
408.80	14394.61
409.01	8850.21
409.23	7353.24
409.45	7028.41
409.66	6794.90
409.88	6741.45
410.10	6294.75
410.31	6578.02
410.53	6318.55
410.74	6083.28
410.96	5473.82
411.18	4801.35
411.39	3900.96
411.61	2863.56
411.83	2031.49
412.04	1336.11
412.26	1014.59
412.47	939.91
412.69	925.71
412.91	925.71
413.12	909.86
413.34	897.43
413.55	925.47
413.77	897.70
413.99	900.58
414.20	901.26
414.42	897.59
414.63	909.76
414.85	857.76
415.07	873.92
415.28	874.72
415.50	853.99
415.71	897.80
415.93	863.72
416.15	897.92
416.36	898.78
416.58	895.44
416.79	867.33
417.01	912.54
417.23	901.96
417.44	930.16
417.66	921.88
417.87	945.05
418.09	923.05
418.30	909.82
418.52	941.05
418.74	934.64
418.95	913.73
419.17	888.50
419.38	912.50
419.60	945.25
419.81	882.46
420.03	880.86
420.24	852.97
420.46	845.00
420.68	828.82
420.89	839.23
421.11	815.61
421.32	827.02
421.54	837.22
421.75	792.17
421.97	824.65
422.18	838.08
422.40	847.44
422.61	857.04
422.83	801.18
423.04	821.14
423.26	841.25
423.48	808.04
423.69	801.42
423.91	753.36
424.12	760.05
424.34	743.03
424.55	772.83
424.77	763.53
424.98	781.78
425.20	820.22
425.41	781.23
425.63	840.23
425.84	816.60
426.06	832.90
426.27	911.68
426.49	931.78
426.70	936.40
426.92	938.70
427.13	986.91
427.35	989.43
427.56	1046.91
427.78	1105.44
427.99	1179.31
428.21	1195.16
428.42	1254.54
428.64	1296.87
428.85	1277.49
429.07	1320.30
429.28	1378.38
429.49	1431.40
429.71	1468.85
429.92	1635.62
430.14	1769.50
430.35	1938.25
430.57	2013.06
430.78	2274.69
431.00	2506.79
431.21	3127.30
431.43	3938.13
431.64	5160.40
431.86	7948.89
432.07	16674.67
432.28	28227.31
432.50	39776.03
432.71	52933.90
432.93	64312.72
433.14	64312.72
433.36	64312.72
433.57	64312.72
433.79	64312.72
434.00	64312.72
434.21	64312.72
434.43	64312.72
434.64	64312.72
434.86	64312.72
435.07	64312.72
435.29	64312.72
435.50	64312.72
435.71	64312.72
435.93	64312.72
436.14	64312.72
436.36	64312.72
436.57	64312.72
436.78	64312.72
437.00	64312.72
437.21	64312.72
437.43	64312.72
437.64	64312.72
437.86	64312.72
438.07	64312.72
438.28	64312.72
438.50	64312.72
438.71	64312.72
438.93	64312.72
439.14	64312.72
439.35	64312.72
439.57	64312.72
439.78	64312.72
439.99	64312.72
440.21	64312.72
440.42	64312.72
440.64	64312.72
440.85	64312.72
441.06	64312.72
441.28	64312.72
441.49	64312.72
441.70	64312.72
441.92	64312.72
442.13	64312.72
442.35	64312.72
442.56	64312.72
442.77	64312.72
442.99	64312.72
443.20	64312.72
443.41	64312.72
443.63	64312.72
443.84	64312.72
444.05	64312.72
444.27	64312.72
444.48	64312.72
444.69	64312.72
444.91	64312.72
445.12	64312.72
445.34	64312.72
445.55	64312.72
445.76	43339.86
445.98	42714.37
446.19	709.24
446.40	703.53
446.62	678.11
446.83	673.22
447.04	632.03
447.25	633.37
447.47	606.05
447.68	603.30
447.89	623.00
448.11	605.08
448.32	623.88
448.53	607.42
448.75	589.89
448.96	594.25
449.17	608.75
449.39	582.02
449.60	588.47
449.81	568.14
450.03	584.48
450.24	564.27
450.45	567.07
450.66	561.67
450.88	567.97
451.09	560.81
451.30	558.76
451.52	563.59
451.73	573.50
451.94	545.45
452.15	543.52
452.37	564.31
452.58	569.82
452.79	576.84
453.01	557.04
453.22	562.20
453.43	558.33
453.64	551.63
453.86	575.45
454.07	568.47
454.28	595.07
454.49	550.40
454.71	551.18
454.92	547.45
455.13	522.20
455.34	528.14
455.56	532.65
455.77	528.49
455.98	526.34
456.20	520.79
456.41	527.55
456.62	538.48
456.83	534.28
457.04	530.60
457.26	520.17
457.47	506.86
457.68	506.62
457.89	529.86
458.11	515.51
458.32	507.52
458.53	536.31
458.74	498.96
458.96	505.33
459.17	489.29
459.38	517.78
459.59	490.40
459.80	482.35
460.02	499.33
460.23	496.83
460.44	500.68
460.65	517.06
460.87	495.62
461.08	488.41
461.29	457.22
461.50	484.33
461.71	485.05
461.93	480.08
462.14	470.06
462.35	472.64
462.56	463.75
462.77	467.93
462.99	441.29
463.20	445.57
463.41	452.53
463.62	437.66
463.83	423.63
464.04	432.40
464.26	436.64
464.47	456.73
464.68	455.72
464.89	423.94
465.10	392.95
465.32	428.36
465.53	404.20
465.74	395.58
465.95	409.60
466.16	418.41
466.37	418.19
466.59	417.47
466.80	414.31
467.01	414.91
467.22	398.16
467.43	388.49
467.64	404.65
467.85	397.75
468.07	397.28
468.28	423.28
468.49	422.45
468.70	390.44
468.91	398.32
469.12	409.05
469.33	402.29
469.55	416.01
469.76	404.63
469.97	423.61
470.18	393.59
470.39	391.97
470.60	412.55
470.81	403.28
471.03	393.69
471.24	380.28
471.45	395.15
471.66	390.03
471.87	387.45
472.08	412.64
472.29	421.85
472.50	423.88
472.71	416.30
472.93	413.78
473.14	395.90
473.35	416.06
473.56	418.70
473.77	426.34
473.98	422.73
474.19	423.35
474.40	437.33
474.61	444.34
474.82	439.73
475.04	452.69
475.25	447.45
475.46	460.91
475.67	447.88
475.88	455.60
476.09	459.90
476.30	469.16
476.51	470.51
476.72	451.83
476.93	474.20
477.14	455.36
477.35	464.06
477.57	458.10
477.78	467.73
477.99	460.37
478.20	456.73
478.41	476.98
478.62	467.07
478.83	476.76
479.04	473.93
479.25	478.91
479.46	458.98
479.67	479.77
479.88	476.47
480.09	475.32
480.30	452.88
480.51	464.12
480.72	440.32
480.93	446.45
481.14	419.56
481.36	435.27
481.57	435.57
481.78	431.19
481.99	440.88
482.20	432.69
482.41	445.77
482.62	442.70
482.83	446.71
483.04	456.56
483.25	439.36
483.46	451.83
483.67	437.44
483.88	454.39
484.09	458.80
484.30	461.25
484.51	448.09
484.72	443.79
484.93	452.98
485.14	461.70
485.35	465.06
485.56	459.98
485.77	462.05
485.98	459.64
486.19	478.05
486.40	472.72
486.61	477.21
486.82	478.62
487.03	483.88
487.24	501.85
487.45	511.98
487.66	511.16
487.87	532.22
488.08	586.98
488.29	695.15
488.50	803.06
488.71	918.14
488.92	1030.04
489.13	1129.81
489.34	1238.36
489.55	1287.88
489.76	1389.46
489.97	1441.58
490.18	1498.78
490.39	1556.08
490.59	1625.79
490.80	1706.03
491.01	1770.15
491.22	1838.23
491.43	1891.94
491.64	1907.69
491.85	1952.73
492.06	1977.02
492.27	2007.59
492.48	1999.79
492.69	2002.08
492.90	2003.33
493.11	1983.24
493.32	1982.67
493.53	2031.47
493.74	1992.23
493.95	2001.06
494.16	1971.06
494.37	1971.59
494.57	1954.67
494.78	1930.10
494.99	1842.73
495.20	1673.34
495.41	1398.02
495.62	1135.57
495.83	911.79
496.04	745.33
496.25	616.74
496.46	525.40
496.67	465.76
496.88	440.96
497.08	435.18
497.29	432.44
497.50	426.68
497.71	422.96
497.92	425.13
498.13	419.66
498.34	410.81
498.55	425.15
498.76	415.75
498.97	427.97
499.17	424.35
499.38	430.78
499.59	420.81
499.80	437.05
500.01	443.25
500.22	430.29
500.43	432.03
500.64	422.28
500.85	420.66
501.05	428.06
501.26	422.34
501.47	430.08
501.68	423.02
501.89	422.16
502.10	423.53
502.31	426.75
502.51	418.62
502.72	425.93
502.93	423.51
503.14	430.66
503.35	425.97
503.56	426.93
503.77	429.57
503.97	434.06
504.18	432.11
504.39	439.53
504.60	426.42
504.81	429.80
505.02	430.62
505.23	436.90
505.43	417.78
505.64	423.98
505.85	420.32
506.06	424.76
506.27	406.37
506.48	413.48
506.68	403.91
506.89	398.09
507.10	396.58
507.31	394.59
507.52	392.81
507.72	391.99
507.93	392.38
508.14	390.39
508.35	391.99
508.56	398.34
508.77	386.40
508.97	395.43
509.18	388.00
509.39	389.90
509.60	396.29
509.81	400.96
510.01	389.31
510.22	379.21
510.43	376.61
510.64	390.01
510.85	385.15
511.05	385.27
511.26	383.88
511.47	386.40
511.68	383.53
511.89	393.98
512.09	384.39
512.30	391.62
512.51	385.52
512.72	397.40
512.92	394.55
513.13	402.01
513.34	398.65
513.55	411.88
513.76	411.94
513.96	416.73
514.17	410.61
514.38	422.36
514.59	426.89
514.79	430.29
515.00	427.36
515.21	428.40
515.42	436.33
515.62	447.90
515.83	448.86
516.04	463.36
516.25	469.98
516.45	481.59
516.66	490.48
516.87	493.31
517.08	515.10
517.28	516.63
517.49	521.22
517.70	532.83
517.91	545.47
518.11	555.75
518.32	558.61
518.53	570.19
518.73	581.00
518.94	594.07
519.15	602.46
519.36	622.55
519.56	627.51
519.77	642.32
519.98	645.00
520.19	652.96
520.39	648.11
520.60	650.81
520.81	651.98
521.01	672.48
521.22	669.88
521.43	676.70
521.64	687.39
521.84	695.85
522.05	696.44
522.26	714.20
522.46	721.57
522.67	711.72
522.88	722.25
523.08	725.67
523.29	734.72
523.50	741.99
523.70	742.52
523.91	750.02
524.12	756.59
524.33	764.29
524.53	777.87
524.74	771.38
524.95	778.38
525.15	793.95
525.36	789.36
525.57	802.00
525.77	805.03
525.98	803.08
526.19	813.91
526.39	816.43
526.60	813.69
526.81	812.50
527.01	800.68
527.22	806.77
527.43	820.67
527.63	814.02
527.84	815.53
528.05	811.58
528.25	814.49
528.46	815.08
528.66	806.03
528.87	803.02
529.08	802.28
529.28	768.43
529.49	793.09
529.70	803.63
529.90	792.53
530.11	799.97
530.32	798.31
530.52	804.13
530.73	793.27
530.93	794.38
531.14	793.82
531.35	790.85
531.55	794.29
531.76	789.85
531.97	776.83
532.17	786.86
532.38	792.14
532.58	788.66
532.79	771.26
533.00	793.29
533.20	777.93
533.41	785.71
533.61	776.66
533.82	789.91
534.03	787.43
534.23	792.84
534.44	787.05
534.65	806.71
534.85	801.65
535.06	816.41
535.26	808.86
535.47	829.68
535.67	826.78
535.88	851.19
536.09	834.39
536.29	846.48
536.50	837.96
536.70	849.63
536.91	859.30
537.12	880.41
537.32	868.37
537.53	917.17
537.73	938.72
537.94	989.77
538.14	1031.00
538.35	1103.72
538.56	1157.54
538.76	1271.96
538.97	1394.92
539.17	1506.41
539.38	1620.32
539.58	1726.39
539.79	1829.05
539.99	1947.20
540.20	2068.27
540.41	2206.55
540.61	2316.65
540.82	2491.49
541.02	2667.82
541.23	2850.41
541.43	3103.83
541.64	3443.79
541.84	4040.16
542.05	6249.49
542.25	16625.26
542.46	38555.21
542.67	64312.72
542.87	64312.72
543.08	64312.72
543.28	64312.72
543.49	64312.72
543.69	64312.72
543.90	64312.72
544.10	64312.72
544.31	64312.72
544.51	64312.72
544.72	64312.72
544.92	64312.72
545.13	64312.72
545.33	64312.72
545.54	64312.72
545.74	64312.72
545.95	64312.72
546.15	64312.72
546.36	64312.72
546.56	64312.72
546.77	64312.72
546.97	64312.72
547.18	64312.72
547.38	64312.72
547.59	64312.72
547.79	64312.72
548.00	64312.72
548.20	64312.72
548.41	64312.72
548.61	64312.72
548.82	64312.72
549.02	64312.72
549.23	64312.72
549.43	64312.72
549.64	64312.72
549.84	64312.72
550.05	64312.72
550.25	64312.72
550.46	64312.72
550.66	64312.72
550.86	64312.72
551.07	64312.72
551.27	64312.72
551.48	64312.72
551.68	64312.72
551.89	64312.72
552.09	64312.72
552.30	64312.72
552.50	64312.72
552.71	64312.72
552.91	64312.72
553.11	64312.72
553.32	64312.72
553.52	64312.72
553.73	64312.72
553.93	64312.72
554.14	64312.72
554.34	64312.72
554.55	64312.72
554.75	64312.72
554.95	64312.72
555.16	64312.72
555.36	64312.72
555.57	64312.72
555.77	64312.72
555.98	64312.72
556.18	64312.72
556.38	64312.72
556.59	64312.72
556.79	64312.72
557.00	64312.72
557.20	64312.72
557.40	64312.72
557.61	64312.72
557.81	64312.72
558.02	64312.72
558.22	64312.72
558.42	64312.72
558.63	64312.72
558.83	64312.72
559.04	64312.72
559.24	64312.72
559.44	64312.72
559.65	64312.72
559.85	64312.72
560.06	64312.72
560.26	64312.72
560.46	64312.72
560.67	64312.72
560.87	64312.72
561.08	64312.72
561.28	64312.72
561.48	64312.72
561.69	64312.72
561.89	64312.72
562.09	64312.72
562.30	64312.72
562.50	64312.72
562.71	64312.72
562.91	64312.72
563.11	64312.72
563.32	64312.72
563.52	64312.72
563.72	64312.72
563.93	64312.72
564.13	64312.72
564.33	64312.72
564.54	64312.72
564.74	64312.72
564.95	64312.72
565.15	64312.72
565.35	64312.72
565.56	64312.72
565.76	64312.72
565.96	64312.72
566.17	64312.72
566.37	64312.72
566.57	64312.72
566.78	64312.72
566.98	64312.72
567.18	64312.72
567.39	64312.72
567.59	64312.72
567.79	64312.72
568.00	64312.72
568.20	64312.72
568.40	64312.72
568.61	64312.72
568.81	64312.72
569.01	64312.72
569.22	64312.72
569.42	64312.72
569.62	64312.72
569.82	64312.72
570.03	64312.72
570.23	64312.72
570.43	64312.72
570.64	64312.72
570.84	64312.72
571.04	64312.72
571.25	64312.72
571.45	64312.72
571.65	64312.72
571.85	64312.72
572.06	64312.72
572.26	64312.72
572.46	64312.72
572.67	64312.72
572.87	64312.72
573.07	64312.72
573.27	64312.72
573.48	64312.72
573.68	64312.72
573.88	64312.72
574.09	64312.72
574.29	58144.83
574.49	47331.87
574.69	49624.16
574.90	54523.94
575.10	59899.49
575.30	64312.72
575.50	64312.72
575.71	64312.72
575.91	64312.72
576.11	64312.72
576.32	64312.72
576.52	64312.72
576.72	64312.72
576.92	64312.72
577.13	64312.72
577.33	64312.72
577.53	64312.72
577.73	64312.72
577.94	64312.72
578.14	64312.72
578.34	64312.72
578.54	64312.72
578.74	64312.72
578.95	64312.72
579.15	64312.72
579.35	64312.72
579.55	64312.72
579.76	64312.72
579.96	64312.72
580.16	64312.72
580.36	64312.72
580.57	64312.72
580.77	64312.72
580.97	64312.72
581.17	64312.72
581.37	64312.72
581.58	64312.72
581.78	64312.72
581.98	64312.72
582.18	64312.72
582.39	64312.72
582.59	64312.72
582.79	64312.72
582.99	64312.72
583.19	64312.72
583.40	64312.72
583.60	64312.72
583.80	64312.72
584.00	64312.72
584.20	64312.72
584.41	64312.72
584.61	64312.72
584.81	64312.72
585.01	64312.72
585.21	64312.72
585.41	64312.72
585.62	64312.72
585.82	64312.72
586.02	64312.72
586.22	64312.72
586.42	64312.72
586.63	64312.72
586.83	64312.72
587.03	64312.72
587.23	64312.72
587.43	64312.72
587.63	64312.72
587.84	64312.72
588.04	64312.72
588.24	64312.72
588.44	64312.72
588.64	41078.48
588.84	7544.36
589.04	617.10
589.25	598.96
589.45	569.14
589.65	514.32
589.85	552.04
590.05	555.56
590.25	537.56
590.46	537.07
590.66	523.18
590.86	521.65
591.06	518.82
591.26	513.64
591.46	515.36
591.66	510.57
591.86	503.77
592.07	501.15
592.27	493.00
592.47	489.84
592.67	479.83
592.87	468.34
593.07	462.24
593.27	468.81
593.47	454.86
593.68	452.80
593.88	456.38
594.08	451.32
594.28	443.60
594.48	438.79
594.68	436.84
594.88	434.94
595.08	409.46
595.28	425.87
595.49	407.58
595.69	405.59
595.89	395.15
596.09	404.94
596.29	388.61
596.49	387.43
596.69	377.10
596.89	382.02
597.09	368.48
597.29	376.84
597.50	366.78
597.70	369.69
597.90	363.71
598.10	359.80
598.30	364.28
598.50	369.61
598.70	365.25
598.90	365.08
599.10	363.10
599.30	365.12
599.50	354.84
599.70	377.88
599.90	372.54
600.11	382.74
600.31	377.70
600.51	390.56
600.71	378.37
600.91	389.00
601.11	395.70
601.31	403.93
601.51	408.89
601.71	407.27
601.91	414.44
602.11	417.43
602.31	417.24
602.51	426.13
602.71	424.51
602.91	445.89
603.11	439.18
603.31	444.22
603.51	436.17
603.71	442.82
603.91	450.91
604.12	450.71
604.32	450.24
604.52	461.21
604.72	463.18
604.92	467.40
605.12	460.03
605.32	462.81
605.52	459.84
605.72	456.22
605.92	448.52
606.12	462.59
606.32	449.83
606.52	451.69
606.72	430.51
606.92	431.33
607.12	414.05
607.32	412.41
607.52	401.95
607.72	386.59
607.92	374.71
608.12	379.60
608.32	365.88
608.52	366.95
608.72	351.36
608.92	364.77
609.12	367.81
609.32	368.99
609.52	366.78
609.72	377.39
609.92	364.45
610.12	367.72
610.32	361.85
610.52	370.08
610.72	365.88
610.92	361.21
611.12	359.68
611.32	358.36
611.52	352.79
611.72	362.50
611.92	352.08
612.12	329.80
612.32	360.39
612.51	361.80
612.71	355.23
612.91	363.69
613.11	349.23
613.31	357.69
613.51	347.86
613.71	355.37
613.91	352.04
614.11	348.92
614.31	351.95
614.51	348.35
614.71	340.40
614.91	341.69
615.11	332.07
615.31	329.98
615.51	324.59
615.71	326.58
615.91	305.32
616.11	298.46
616.31	280.48
616.50	286.54
616.70	275.26
616.90	277.49
617.10	278.17
617.30	276.57
617.50	263.30
617.70	265.69
617.90	262.29
618.10	268.64
618.30	265.04
618.50	259.57
618.70	261.56
618.90	267.99
619.10	259.26
619.29	257.48
619.49	254.47
619.69	264.55
619.89	267.86
620.09	272.96
620.29	270.96
620.49	269.30
620.69	268.07
620.89	269.97
621.09	271.80
621.28	261.50
621.48	263.32
621.68	270.96
621.88	265.96
622.08	275.83
622.28	272.31
622.48	273.27
622.68	279.13
622.88	280.19
623.07	277.84
623.27	273.11
623.47	280.21
623.67	280.23
623.87	280.11
624.07	289.47
624.27	275.38
624.47	279.29
624.66	274.17
624.86	274.13
625.06	268.42
625.26	267.99
625.46	261.70
625.66	264.14
625.86	261.84
626.05	261.74
626.25	261.35
626.45	258.63
626.65	246.12
626.85	247.30
627.05	236.53
627.25	226.93
627.44	222.19
627.64	222.50
627.84	215.29
628.04	214.11
628.24	202.29
628.44	212.04
628.64	211.46
628.83	210.32
629.03	207.24
629.23	219.37
629.43	205.79
629.63	213.37
629.83	209.70
630.02	209.15
630.22	205.79
630.42	210.73
630.62	209.05
630.82	218.16
631.01	208.72
631.21	215.25
631.41	207.16
631.61	212.24
631.81	208.33
632.01	213.45
632.20	210.17
632.40	210.40
632.60	206.41
632.80	211.61
633.00	204.07
633.19	210.93
633.39	193.75
633.59	201.10
633.79	192.07
633.99	201.37
634.18	190.27
634.38	193.97
634.58	185.82
634.78	192.81
634.97	188.75
635.17	193.85
635.37	186.46
635.57	190.88
635.77	190.43
635.96	194.06
636.16	188.10
636.36	190.98
636.56	199.28
636.76	184.21
636.95	193.15
637.15	201.90
637.35	202.62
637.55	204.40
637.74	203.44
637.94	207.02
638.14	214.90
638.34	215.93
638.53	218.61
638.73	238.44
638.93	225.90
639.13	241.28
639.32	234.09
639.52	242.41
639.72	233.07
639.92	249.78
640.11	245.89
640.31	245.95
640.51	244.82
640.71	255.23
640.90	252.96
641.10	257.26
641.30	252.65
641.50	261.62
641.69	263.13
641.89	255.17
642.09	244.68
642.29	244.70
642.48	249.29
642.68	245.30
642.88	241.14
643.07	241.53
643.27	239.93
643.47	237.74
643.67	232.50
643.86	243.70
644.06	236.47
644.26	239.32
644.45	233.38
644.65	238.29
644.85	233.77
645.05	219.98
645.24	212.16
645.44	208.04
645.64	187.83
645.83	187.77
646.03	179.66
646.23	180.58
646.43	175.01
646.62	171.22
646.82	166.67
647.02	172.06
647.21	167.78
647.41	172.57
647.61	161.88
647.80	172.08
648.00	168.27
648.20	177.08
648.39	172.61
648.59	174.66
648.79	161.14
648.98	164.03
649.18	175.19
649.38	176.75
649.57	163.27
649.77	165.92
649.97	170.50
650.16	169.79
650.36	168.54
650.56	166.86
650.75	163.11
650.95	154.02
651.15	164.46
651.34	171.41
651.54	162.95
651.74	167.80
651.93	155.88
652.13	171.51
652.33	161.94
652.52	166.12
652.72	160.43
652.92	167.56
653.11	156.21
653.31	159.79
653.51	157.32
653.70	153.71
653.90	165.02
654.09	164.38
654.29	155.31
654.49	164.20
654.68	155.04
654.88	149.55
655.08	154.80
655.27	161.17
655.47	151.36
655.67	157.87
655.86	147.49
656.06	156.58
656.25	155.59
656.45	152.05
656.65	150.00
656.84	163.01
657.04	152.97
657.23	156.37
657.43	150.07
657.63	158.38
657.82	144.15
658.02	156.99
658.21	148.32
658.41	151.74
658.61	150.91
658.80	151.66
659.00	146.54
659.19	152.93
659.39	150.86
659.59	155.66
659.78	151.54
659.98	158.44
660.17	151.93
660.37	161.62
660.57	144.47
660.76	155.59
660.96	148.30
661.15	159.79
661.35	151.29
661.55	158.05
661.74	161.58
661.94	156.62
662.13	154.65
662.33	161.19
662.52	158.11
662.72	158.05
662.92	166.22
663.11	159.69
663.31	167.00
663.50	167.39
663.70	182.73
663.89	202.58
664.09	215.70
664.28	250.05
664.48	271.43
664.68	291.05
664.87	316.09
665.07	330.41
665.26	347.51
665.46	360.72
665.65	372.45
665.85	403.79
666.04	409.60
666.24	429.90
666.43	441.04
666.63	466.66
666.83	469.30
667.02	490.07
667.22	496.93
667.41	509.05
667.61	515.98
667.80	528.16
668.00	542.42
668.19	534.43
668.39	550.61
668.58	562.18
668.78	554.89
668.97	559.09
669.17	550.63
669.36	566.56
669.56	559.68
669.75	548.19
669.95	547.64
670.14	559.47
670.34	550.91
670.53	543.66
670.73	513.99
670.92	467.97
671.12	391.46
671.31	363.61
671.51	336.37
671.70	325.80
671.90	299.55
672.09	293.38
672.29	286.73
672.48	281.14
672.68	275.65
672.87	287.77
673.07	281.85
673.26	293.18
673.46	285.83
673.65	296.54
673.85	299.01
674.04	308.21
674.24	311.20
674.43	311.55
674.63	311.98
674.82	307.62
675.02	312.26
675.21	299.06
675.41	286.30
675.60	292.67
675.80	275.32
675.99	283.65
676.18	280.15
676.38	273.27
676.57	270.34
676.77	278.56
676.96	269.44
677.16	277.04
677.35	277.84
677.55	276.34
677.74	269.30
677.94	272.98
678.13	255.92
678.32	254.20
678.52	233.25
678.71	233.75
678.91	192.54
679.10	195.65
679.30	175.77
679.49	172.02
679.69	164.65
679.88	164.93
680.07	155.08
680.27	158.54
680.46	148.63
680.66	149.16
680.85	147.42
681.05	145.27
681.24	145.72
681.43	151.38
681.63	152.65
681.82	156.93
682.02	144.90
682.21	153.94
682.41	145.85
682.60	151.15
682.79	153.06
682.99	149.23
683.18	156.99
683.38	173.90
683.57	171.94
683.76	184.47
683.96	202.94
684.15	203.37
684.35	196.64
684.54	221.13
684.73	212.24
684.93	227.95
685.12	228.83
685.32	232.84
685.51	244.17
685.70	251.48
685.90	252.01
686.09	263.22
686.28	261.99
686.48	300.47
686.67	327.77
686.87	381.75
687.06	427.75
687.25	501.37
687.45	553.76
687.64	584.56
687.84	632.96
688.03	679.90
688.22	714.96
688.42	758.68
688.61	775.45
688.80	817.74
689.00	835.81
689.19	888.99
689.38	920.06
689.58	951.44
689.77	987.97
689.97	1007.67
690.16	1017.91
690.35	1037.74
690.55	1046.77
690.74	1052.32
690.93	1045.70
691.13	1066.14
691.32	1053.40
691.51	1070.57
691.71	1086.09
691.90	1147.18
692.09	1386.63
692.29	2069.18
692.48	3049.80
692.67	4506.24
692.87	6230.67
693.06	7871.17
693.25	9339.55
693.45	10835.87
693.64	11697.68
693.83	12899.53
694.03	14079.32
694.22	14879.22
694.41	16032.92
694.61	16876.69
694.80	17701.57
694.99	19111.10
695.19	20324.81
695.38	21083.91
695.57	21931.65
695.76	22897.90
695.96	23422.28
696.15	23810.02
696.34	24415.12
696.54	24811.36
696.73	25124.53
696.92	25297.20
697.12	25687.97
697.31	25368.16
697.50	25773.94
697.70	25698.03
697.89	25192.50
698.08	25032.35
698.27	25195.19
698.47	24798.56
698.66	24799.58
698.85	24785.57
699.05	24498.39
699.24	23213.45
699.43	20727.20
699.62	17353.90
699.82	13905.51
700.01	10676.15
700.20	8057.68
700.39	5969.25
700.59	4272.38
700.78	3007.82
700.97	2091.17
701.17	1469.57
701.36	1043.41
701.55	763.88
701.74	572.17
701.94	470.16
702.13	423.80
702.32	526.81
702.51	735.93
702.71	1082.49
702.90	1563.82
703.09	2047.96
703.28	2543.18
703.48	2986.75
703.67	3274.96
703.86	3675.28
704.05	4014.03
704.25	4384.32
704.44	4735.61
704.63	5019.09
704.82	5282.09
705.02	5637.68
705.21	6038.43
705.40	6374.21
705.59	6575.75
705.79	6855.28
705.98	7107.16
706.17	7278.70
706.36	7427.95
706.56	7579.07
706.75	7623.12
706.94	7635.76
707.13	7787.70
707.32	7854.52
707.52	7794.17
707.71	7896.63
707.90	7764.43
708.09	7771.93
708.28	7772.95
708.48	7626.03
708.67	7657.47
708.86	7708.28
709.05	7554.50
709.25	7473.56
709.44	6986.08
709.63	6114.96
709.82	5132.43
710.01	4143.81
710.21	3261.77
710.40	2572.24
710.59	1987.40
710.78	1561.73
710.97	1256.30
711.17	1078.59
711.36	935.77
711.55	867.90
711.74	809.98
711.93	813.34
712.12	802.49
712.32	816.52
712.51	833.19
712.70	861.00
712.89	872.45
713.08	927.41
713.28	956.72
713.47	1010.36
713.66	1026.60
713.85	1055.19
714.04	1068.74
714.23	1095.35
714.43	1113.98
714.62	1133.25
714.81	1135.49
715.00	1149.49
715.19	1122.77
715.38	1146.14
715.58	1154.00
715.77	1146.12
715.96	1140.73
716.15	1115.66
716.34	1125.08
716.53	1125.37
716.72	1108.02
716.92	1116.44
717.11	1109.25
717.30	1071.94
717.49	976.54
717.68	848.53
717.87	719.61
718.06	592.96
718.26	481.16
718.45	404.42
718.64	323.84
718.83	269.71
719.02	227.36
719.21	204.09
719.40	184.08
719.60	173.11
719.79	171.75
719.98	170.24
720.17	153.75
720.36	160.47
720.55	158.26
720.74	158.91
720.93	156.64
721.12	166.29
721.32	163.93
721.51	154.76
721.70	169.28
721.89	179.06
722.08	164.79
722.27	174.56
722.46	186.46
722.65	218.86
722.84	331.13
723.04	543.42
723.23	823.07
723.42	1183.51
723.61	1565.58
723.80	1936.55
723.99	2247.47
724.18	2522.66
724.37	2808.84
724.56	3121.03
724.75	3283.58
724.94	3581.17
725.14	3730.02
725.33	3955.93
725.52	4206.76
725.71	4423.11
725.90	4752.47
726.09	4999.47
726.28	5071.52
726.47	5295.91
726.66	5458.28
726.85	5599.87
727.04	5656.48
727.23	5765.62
727.42	5750.54
727.62	5805.24
727.81	5883.56
728.00	5873.67
728.19	5971.31
728.38	5938.75
728.57	5830.99
728.76	5872.07
728.95	5857.20
729.14	5816.94
729.33	5809.12
729.52	5819.13
729.71	5717.12
729.90	5344.57
730.09	4818.76
730.28	4058.25
730.47	3303.08
730.66	2620.98
730.85	2005.10
731.04	1515.67
731.24	1121.34
731.43	839.62
731.62	633.82
731.81	508.56
732.00	426.97
732.19	360.35
732.38	303.05
732.57	291.50
732.76	271.90
732.95	284.64
733.14	279.05
733.33	299.49
733.52	306.39
733.71	391.03
733.90	612.89
734.09	1039.83
734.28	1604.27
734.47	2394.68
734.66	3237.81
734.85	4104.00
735.04	4718.72
735.23	5376.93
735.42	6012.17
735.61	6604.03
735.80	7161.37
735.99	7547.25
736.18	8158.32
736.37	8450.20
736.56	9068.27
736.75	9638.76
736.94	10233.69
737.13	10778.65
737.32	11223.51
737.51	11551.23
737.70	11957.94
737.89	12121.47
738.08	12307.22
738.27	12501.82
738.46	12743.50
738.65	12674.01
738.84	12631.68
739.03	12718.06
739.22	12858.45
739.41	12665.14
739.60	12711.08
739.79	12615.66
739.98	12723.20
740.17	12491.47
740.36	12481.77
740.55	12352.58
740.74	12291.86
740.93	11923.86
741.12	10801.90
741.30	9056.85
741.49	7472.54
741.68	5989.64
741.87	4522.05
742.06	3403.69
742.25	2483.34
742.44	1822.13
742.63	1333.46
742.82	981.36
743.01	741.05
743.20	582.49
743.39	472.74
743.58	416.36
743.77	369.63
743.96	350.27
744.15	345.32
744.34	351.14
744.53	354.84
744.72	359.92
744.90	358.98
745.09	343.82
745.28	390.76
745.47	442.76
745.66	637.73
745.85	1283.78
746.04	2521.88
746.23	4209.55
746.42	6584.03
746.61	9001.49
746.80	11691.99
746.99	14151.17
747.18	16307.78
747.37	18484.81
747.55	21473.74
747.74	23815.68
747.93	26070.49
748.12	27781.57
748.31	29873.18
748.50	32531.85
748.69	34632.92
748.88	36915.84
749.07	38600.97
749.26	40201.53
749.45	41770.48
749.63	43568.01
749.82	44653.72
750.01	45499.16
750.20	46849.34
750.39	47654.32
750.58	48352.18
750.77	48698.15
750.96	49190.54
751.15	49628.99
751.33	49691.78
751.52	49704.95
751.71	49224.91
751.90	49839.38
752.09	49577.63
752.28	49113.25
752.47	49423.66
752.66	48835.07
752.84	48067.99
753.03	44194.99
753.22	40127.09
753.41	35568.19
753.60	30568.09
753.79	25798.85
753.98	21993.50
754.17	18080.79
754.35	14077.83
754.54	11087.61
754.73	8283.12
754.92	6194.46
755.11	4479.47
755.30	3234.10
755.49	2284.05
755.67	1654.95
755.86	1190.84
756.05	884.84
756.24	683.48
756.43	539.83
756.62	462.97
756.81	401.70
756.99	382.06
757.18	372.39
757.37	362.05
757.56	364.69
757.75	370.88
757.94	371.25
758.12	373.89
758.31	392.73
758.50	416.14
758.69	554.70
758.88	1106.94
759.07	2556.96
759.25	4785.11
759.44	7547.53
759.63	11101.44
759.82	14867.36
760.01	18405.68
760.19	21119.85
760.38	23601.83
760.57	26259.89
760.76	28749.09
760.95	30619.15
761.14	32488.07
761.32	34635.75
761.51	36817.16
761.70	39056.70
761.89	41707.84
762.08	44493.77
762.26	46161.39
762.45	47629.87
762.64	49284.91
762.83	50213.30
763.02	51485.64
763.20	51914.85
763.39	53011.46
763.58	53485.30
763.77	53585.81
763.96	53827.35
764.14	54417.20
764.33	54458.51
764.52	53787.55
764.71	53496.48
764.89	53426.85
765.08	53341.57
765.27	52987.99
765.46	52974.92
765.65	53185.29
765.83	53104.76
766.02	50489.69
766.21	45361.19
766.40	38365.57
766.58	31345.65
766.77	24703.22
766.96	18481.15
767.15	13551.79
767.34	9785.43
767.52	6978.20
767.71	5084.32
767.90	4154.64
768.09	4206.42
768.27	4728.91
768.46	6040.88
768.65	7558.55
768.84	9219.23
769.02	10657.09
769.21	11836.31
769.40	12896.23
769.59	14329.20
769.77	15561.91
769.96	16205.22
770.15	16996.94
770.34	18146.67
770.52	19252.15
770.71	20372.90
770.90	21473.66
771.09	22678.89
771.27	23841.11
771.46	24565.72
771.65	25392.00
771.84	25968.28
772.02	26527.33
772.21	26924.51
772.40	27076.27
772.58	27368.06
772.77	27486.70
772.96	27532.06
773.15	27609.93
773.33	27766.43
773.52	27829.71
773.71	27510.11
773.89	27238.22
774.08	27580.99
774.27	27188.00
774.46	27342.46
774.64	27068.91
774.83	26309.98
775.02	24449.91
775.20	20954.68
775.39	17472.50
775.58	14214.41
775.77	10957.11
775.95	7964.48
776.14	5815.75
776.33	4174.14
776.51	2893.32
776.70	2020.35
776.89	1425.58
777.07	1001.04
777.26	710.31
777.45	503.79
777.64	374.65
777.82	289.33
778.01	233.29
778.20	207.82
778.38	184.29
778.57	172.14
778.76	157.54
778.94	149.61
779.13	137.00
779.32	145.38
779.50	136.94
779.69	131.22
779.88	127.76
780.06	131.12
780.25	124.22
780.44	124.24
780.62	125.31
780.81	123.93
781.00	115.23
781.18	124.65
781.37	119.53
781.56	123.81
781.74	120.31
781.93	119.65
782.12	111.85
782.30	121.80
782.49	114.47
782.68	117.77
782.86	117.30
783.05	127.03
783.24	114.70
783.42	120.86
783.61	114.19
783.79	119.30
783.98	119.16
784.17	125.84
784.35	116.34
784.54	130.96
784.73	117.87
784.91	129.22
785.10	125.65
785.29	127.60
785.47	127.80
785.66	133.40
785.84	131.86
786.03	136.41
786.22	136.84
786.40	139.76
786.59	138.41
786.78	140.34
786.96	134.36
787.15	150.25
787.33	143.39
787.52	146.93
787.71	152.46
787.89	159.77
788.08	147.69
788.26	155.57
788.45	160.80
788.64	171.18
788.82	165.28
789.01	171.22
789.20	172.47
789.38	172.37
789.57	179.62
789.75	187.65
789.94	200.75
790.13	270.92
790.31	491.89
790.50	942.77
790.68	1516.98
790.87	2285.24
791.05	3092.69
791.24	3886.73
791.43	4542.24
791.61	5113.19
791.80	5651.93
791.98	6259.40
792.17	6685.30
792.36	7093.76
792.54	7445.32
792.73	7860.07
792.91	8302.09
793.10	8867.88
793.28	9502.30
793.47	10046.55
793.66	10287.61
793.84	10643.65
794.03	11105.16
794.21	11236.11
794.40	11525.06
794.58	11852.30
794.77	11733.09
794.96	11947.72
795.14	11905.00
795.33	12154.50
795.51	12372.28
795.70	12357.23
795.88	12352.09
796.07	12390.88
796.25	12725.06
796.44	13191.84
796.63	13701.56
796.81	14376.49
797.00	15471.10
797.18	16290.09
797.37	16628.31
797.55	16468.08
797.74	16039.25
797.92	15678.97
798.11	15026.61
798.29	14211.73
798.48	13879.59
798.66	13872.62
798.85	13955.46
799.04	14596.79
799.22	15034.83
799.41	15489.88
799.59	15999.79
799.78	16706.40
799.96	17228.36
800.15	17829.59
800.33	18501.16
800.52	18792.09
800.70	19256.92
800.89	19320.45
801.07	19396.90
801.26	19718.39
801.44	19825.84
801.63	20012.82
801.81	20084.19
802.00	20045.94
802.18	20128.25
802.37	20138.81
802.55	20048.29
802.74	20017.49
802.92	20118.85
803.11	19647.51
803.29	18975.40
803.48	17555.75
803.66	16223.04
803.85	15113.79
804.03	13237.10
804.22	11130.50
804.40	9083.43
804.59	7312.26
804.77	5591.83
804.96	4163.82
805.14	2957.87
805.33	2156.01
805.51	1571.72
805.70	1244.58
805.88	1153.20
806.07	1456.75
806.25	1976.57
806.44	2762.37
806.62	3655.88
806.81	4617.50
806.99	5717.59
807.18	6987.07
807.36	8675.33
807.54	10808.70
807.73	13370.42
807.91	15747.31
808.10	17988.12
808.28	19455.10
808.47	21462.74
808.65	23219.51
808.84	24935.50
809.02	26360.48
809.21	27691.70
809.39	28803.44
809.58	30091.74
809.76	31610.02
809.94	32973.33
810.13	34766.33
810.31	35716.93
810.50	37117.58
810.68	37448.31
810.87	38539.77
811.05	38647.52
811.24	39641.85
811.42	39666.05
811.60	39937.94
811.79	39982.91
811.97	40153.35
812.16	39965.22
812.34	40530.40
812.53	40556.00
812.71	40188.65
812.89	39789.91
813.08	39051.44
813.26	37603.99
813.45	35383.59
813.63	34021.32
813.82	31858.93
814.00	29768.40
814.18	27629.24
814.37	23186.03
814.55	19034.82
814.74	15350.17
814.92	11563.68
815.10	8284.29
815.29	5950.53
815.47	4234.27
815.66	3042.35
815.84	2107.21
816.03	1519.42
816.21	1069.97
816.39	778.18
816.58	560.93
816.76	447.04
816.95	344.54
817.13	290.45
817.31	246.87
817.50	218.69
817.68	195.57
817.87	195.37
818.05	175.99
818.23	177.51
818.42	169.60
818.60	166.90
818.78	158.54
818.97	163.44
819.15	153.79
819.34	163.97
819.52	145.97
819.70	154.53
819.89	143.02
820.07	158.87
820.26	149.00
820.44	159.04
820.62	150.39
820.81	166.18
820.99	157.15
821.17	173.58
821.36	172.65
821.54	194.22
821.72	223.81
821.91	363.77
822.09	761.02
822.28	1562.96
822.46	2607.30
822.64	3978.09
822.83	5319.10
823.01	6690.17
823.19	7793.17
823.38	8569.49
823.56	9488.17
823.74	10317.74
823.93	11085.65
824.11	11842.74
824.29	12328.43
824.48	12846.30
824.66	13559.53
824.84	14614.30
825.03	15444.73
825.21	16345.46
825.39	16974.66
825.58	17656.94
825.76	17949.35
825.94	18450.10
826.13	18671.53
826.31	19009.65
826.49	19167.38
826.68	19456.72
826.86	19554.71
827.04	19693.24
827.23	19841.02
827.41	19923.53
827.59	20045.08
827.78	19884.54
827.96	19654.59
828.14	19658.57
828.33	19512.48
828.51	19596.76
828.69	19586.23
828.88	19887.34
829.06	19311.82
829.24	17475.74
829.43	14885.24
829.61	12351.95
829.79	9679.65
829.98	7127.13
830.16	5077.89
830.34	3639.74
830.52	2603.53
830.71	1855.06
830.89	1326.87
831.07	966.61
831.26	696.77
831.44	500.41
831.62	367.68
831.80	291.76
831.99	230.22
832.17	204.11
832.35	179.66
832.54	173.27
832.72	156.33
832.90	151.38
833.08	134.89
833.27	154.71
833.45	134.54
833.63	150.07
833.82	125.78
834.00	143.18
834.18	132.99
834.36	124.94
834.55	125.04
834.73	139.81
834.91	138.02
835.10	140.32
835.28	148.41
835.46	156.54
835.64	156.00
835.83	168.97
836.01	165.77
836.19	199.89
836.37	279.42
836.56	577.62
836.74	1062.70
836.92	1767.80
837.10	2602.82
837.29	3495.55
837.47	4369.56
837.65	5010.26
837.83	5512.92
838.02	6084.48
838.20	6862.53
838.38	7844.24
838.56	9009.37
838.75	10329.00
838.93	11656.99
839.11	13114.38
839.29	14561.07
839.48	15635.84
839.66	16676.40
839.84	17676.73
840.02	18609.96
840.20	19206.87
840.39	19814.19
840.57	20568.52
840.75	21395.45
840.93	21935.97
841.12	22647.53
841.30	23277.39
841.48	23917.36
841.66	24707.36
841.85	24891.17
842.03	25239.77
842.21	25306.84
842.39	25864.09
842.57	25817.05
842.76	26125.62
842.94	25922.42
843.12	26078.39
843.30	26479.63
843.48	25974.03
843.67	25377.74
843.85	23649.13
844.03	22184.04
844.21	20468.70
844.39	18461.86
844.58	17364.35
844.76	16330.92
844.94	15634.98
845.12	15065.65
845.30	13714.19
845.49	11730.10
845.67	9615.35
845.85	7660.32
846.03	5679.93
846.21	4030.15
846.40	2834.67
846.58	2025.92
846.76	1451.26
846.94	1029.83
847.12	730.50
847.30	500.15
847.49	362.52
847.67	280.68
847.85	304.56
848.03	429.72
848.21	693.23
848.40	1023.28
848.58	1428.45
848.76	1838.00
848.94	2217.76
849.12	2493.72
849.30	2747.40
849.49	2961.64
849.67	3191.97
849.85	3363.04
850.03	3509.37
850.21	3619.69
850.39	3839.97
850.58	4073.26
850.76	4334.00
850.94	4605.89
851.12	4892.08
851.30	5054.07
851.48	5212.05
851.66	5268.64
851.85	5437.74
852.03	5584.96
852.21	5647.49
852.39	5678.88
852.57	5708.54
852.75	5804.24
852.93	5809.48
853.12	5826.34
853.30	5851.32
853.48	5880.40
853.66	5835.25
853.84	5909.79
854.02	5865.76
854.20	5889.13
854.39	5925.91
854.57	5937.89
854.75	5911.66
854.93	5755.31
855.11	5309.57
855.29	4548.14
855.47	3746.73
855.65	2957.56
855.83	2153.55
856.02	1493.02
856.20	1084.18
856.38	757.37
856.56	538.73
856.74	357.67
856.92	258.36
857.10	179.25
857.28	139.58
857.47	116.11
857.65	103.00
857.83	89.26
858.01	84.00
858.19	74.84
858.37	82.22
858.55	73.37
858.73	79.21
858.91	66.92
859.09	79.29
859.28	66.36
859.46	72.00
859.64	66.41
859.82	77.24
860.00	63.87
860.18	72.00
860.36	65.16
860.54	65.69
860.72	71.89
860.90	68.49
861.08	66.73
861.26	75.36
861.45	62.21
861.63	74.58
861.81	66.49
861.99	73.43
862.17	65.69
862.35	71.28
862.53	72.06
862.71	86.07
862.89	117.56
863.07	163.13
863.25	214.84
863.43	267.37
863.61	318.86
863.79	375.67
863.98	403.48
864.16	437.35
864.34	467.25
864.52	499.51
864.70	514.21
864.88	549.05
865.06	562.01
865.24	594.74
865.42	611.12
865.60	654.21
865.78	683.89
865.96	718.05
866.14	748.87
866.32	752.72
866.50	769.33
866.68	790.28
866.86	805.29
867.04	809.02
867.22	815.88
867.40	836.20
867.59	824.26
867.77	845.17
867.95	840.70
868.13	851.72
868.31	844.20
868.49	843.96
868.67	845.97
868.85	856.47
869.03	847.44
869.21	857.99
869.39	856.78
869.57	840.64
869.75	823.93
869.93	760.30
870.11	659.62
870.29	542.85
870.47	411.73
870.65	310.09
870.83	225.06
871.01	167.17
871.19	121.48
871.37	99.87
871.55	73.04
871.73	65.07
871.91	51.37
872.09	55.12
872.27	50.68
872.45	47.01
872.63	48.32
872.81	54.08
872.99	44.12
873.17	50.60
873.35	46.05
873.53	55.53
873.71	44.08
873.89	48.26
874.07	45.95
874.25	53.85
874.43	49.26
874.61	54.61
874.79	44.92
874.97	54.67
875.15	49.61
875.33	56.25
875.51	49.90
875.69	54.22
875.87	47.50
876.05	60.43
876.23	49.00
876.41	56.13
876.59	50.41
876.77	53.40
876.95	47.28
877.13	54.81
877.31	50.92
877.49	50.19
877.67	50.98
877.85	62.17
878.02	49.55
878.20	53.67
878.38	51.17
878.56	55.02
878.74	48.47
878.92	53.91
879.10	44.92
879.28	57.87
879.46	50.31
879.64	46.89
879.82	50.90
880.00	51.74
880.18	44.70
880.36	47.18
880.54	40.68
880.72	39.52
880.90	39.60
881.08	44.82
881.26	33.37
881.44	38.88
881.61	35.32
881.79	38.90
881.97	41.09
882.15	48.24
882.33	42.67
882.51	45.70
882.69	39.76
882.87	39.86
883.05	37.24
883.23	38.92
883.41	41.03
883.59	29.15
883.77	35.79
883.95	44.14
884.12	32.43
884.30	39.31
884.48	37.47
884.66	50.35
884.84	34.50
885.02	32.61
885.20	32.12
885.38	42.85
885.56	35.09
885.74	43.43
885.92	34.87
886.10	33.64
886.27	35.58
886.45	45.60
886.63	34.70
886.81	39.17
886.99	38.43
887.17	37.04
887.35	37.02
887.53	37.80
887.71	36.26
887.89	41.61
888.06	39.17
888.24	36.96
888.42	36.63
888.60	40.09
888.78	23.38
888.96	37.61
889.14	31.28
889.32	36.49
889.49	28.05
889.67	39.48
889.85	39.19
890.03	36.46
890.21	37.45
890.39	34.33
890.57	28.19
890.75	33.72
890.93	35.52
891.10	33.39
891.28	36.92
891.46	35.52
891.64	30.20
891.82	44.84
892.00	30.32
892.18	30.38
892.35	27.86
892.53	35.69
892.71	30.63
892.89	36.08
893.07	25.69
893.25	34.66
893.43	24.38
893.60	31.98
893.78	33.50
893.96	40.23
894.14	37.49
894.32	36.92
894.50	27.19
894.68	29.07
894.85	36.06
895.03	41.93
895.21	35.81
895.39	43.24
895.57	33.66
895.75	34.72
895.92	32.66
896.10	38.12
896.28	31.41
896.46	32.41
896.64	41.93
896.82	38.33
896.99	36.30
897.17	36.32
897.35	37.24
897.53	35.56
897.71	35.05
897.89	37.92
898.06	33.29
898.24	43.92
898.42	36.26
898.60	40.64
898.78	37.14
898.96	40.05
899.13	41.85
899.31	42.87
899.49	32.47
899.67	41.89
899.85	32.72
900.02	36.71
900.20	31.69
900.38	48.12
900.56	41.32
900.74	44.43
900.91	39.80
901.09	40.68
901.27	38.84
901.45	41.97
901.63	49.90
901.80	37.41
901.98	47.71
902.16	52.60
902.34	36.57
902.52	53.36
902.69	36.34
902.87	46.42
903.05	45.29
903.23	39.84
903.41	39.09
903.58	45.72
903.76	52.75
903.94	50.43
904.12	48.12
904.29	50.29
904.47	60.30
904.65	61.14
904.83	59.32
905.01	68.31
905.18	60.32
905.36	65.36
905.54	62.56
905.72	69.09
905.89	65.10
906.07	78.67
906.25	81.40
906.43	84.10
906.61	67.10
906.78	80.54
906.96	80.09
907.14	73.14
907.32	84.71
907.49	88.69
907.67	91.84
907.85	96.74
908.03	117.15
908.20	116.77
908.38	128.79
908.56	168.42
908.74	284.43
908.91	704.12
909.09	1679.86
909.27	3107.46
909.45	4578.29
909.62	6019.61
909.80	7516.06
909.98	8784.40
910.16	9587.86
910.33	10514.71
910.51	11162.12
910.69	11839.48
910.86	12326.65
911.04	12460.55
911.22	13071.42
911.40	13822.02
911.57	14687.92
911.75	15729.52
911.93	16820.24
912.11	17635.83
912.28	18243.54
912.46	18248.17
912.64	18764.59
912.82	19173.69
912.99	19606.34
913.17	20185.84
913.35	20216.70
913.52	20483.36
913.70	20564.42
913.88	20551.64
914.06	20755.54
914.23	20824.43
914.41	20701.15
914.59	20584.66
914.76	20585.89
914.94	20601.12
915.12	20809.30
915.29	20669.52
915.47	20663.59
915.65	20250.61
915.83	19869.85
916.00	19201.46
916.18	17163.26
916.36	13834.41
916.53	9930.53
916.71	6557.34
916.89	4144.38
917.06	2767.72
917.24	1952.89
917.42	1495.48
917.60	1137.19
917.77	916.39
917.95	710.70
918.13	561.81
918.30	439.59
918.48	355.85
918.66	286.30
918.83	254.94
919.01	229.96
919.19	255.97
919.36	377.98
919.54	634.55
919.72	903.80
919.89	1189.70
920.07	1507.30
920.25	1761.53
920.42	1929.38
920.60	2045.95
920.78	2185.97
920.95	2329.15
921.13	2385.24
921.31	2450.71
921.48	2556.69
921.66	2680.19
921.84	2803.70
922.01	2989.53
922.19	3185.16
922.37	3380.24
922.54	3448.22
922.72	3565.71
922.90	3560.42
923.07	3666.43
923.25	3748.33
923.43	3833.13
923.60	3829.34
923.78	3895.84
923.96	3907.21
924.13	3905.28
924.31	3945.48
924.49	4001.86
924.66	3987.08
924.84	3972.05
925.01	3870.14
925.19	3881.34
925.37	3890.64
925.54	3825.43
925.72	3822.16
925.90	3772.92
926.07	3665.75
926.25	3622.79
926.43	3405.76
926.60	2949.02
926.78	2250.95
926.95	1563.31
927.13	1049.45
927.31	722.23
927.48	519.58
927.66	408.38
927.84	325.66
928.01	270.77
928.19	225.21
928.36	198.83
928.54	155.92
928.72	138.68
928.89	122.66
929.07	111.22
929.24	97.00
929.42	94.36
929.60	78.39
929.77	73.47
929.95	73.31
930.12	85.96
930.30	76.07
930.48	83.83
930.65	71.01
930.83	79.16
931.00	69.01
931.18	81.25
931.36	65.03
931.53	79.53
931.71	66.63
931.88	65.75
932.06	71.69
932.24	72.18
932.41	69.36
932.59	76.79
932.76	79.57
932.94	103.72
933.12	110.97
933.29	122.36
933.47	130.59
933.64	135.87
933.82	136.12
933.99	142.26
934.17	130.71
934.35	140.48
934.52	138.15
934.70	137.80
934.87	147.98
935.05	147.01
935.22	157.34
935.40	169.05
935.58	186.54
935.75	192.83
935.93	178.98
936.10	179.74
936.28	191.29
936.45	201.45
936.63	196.37
936.81	203.89
936.98	199.97
937.16	195.98
937.33	206.10
937.51	208.27
937.68	199.24
937.86	204.28
938.03	207.55
938.21	206.90
938.39	200.04
938.56	206.32
938.74	189.49
938.91	195.80
939.09	188.22
939.26	191.64
939.44	182.98
939.61	186.07
939.79	161.08
939.96	134.36
940.14	91.35
940.32	82.11
940.49	56.53
940.67	55.82
940.84	43.63
941.02	43.47
941.19	39.09
941.37	35.79
941.54	33.47
941.72	31.47
941.89	26.78
942.07	31.04
942.24	24.09
942.42	21.02
942.59	26.10
942.77	29.52
942.94	25.43
943.12	33.00
943.29	27.92
943.47	30.85
943.64	21.21
943.82	22.21
943.99	18.26
944.17	30.65
944.35	18.05
944.52	25.26
944.70	24.40
944.87	31.43
945.05	10.68
945.22	32.72
945.40	28.07
945.57	29.79
945.75	28.03
945.92	27.33
946.10	18.01
946.27	25.14
946.45	25.24
946.62	28.46
946.80	17.91
946.97	25.14
947.15	21.27
947.32	26.18
947.49	24.85
947.67	29.07
947.84	22.48
948.02	21.92
948.19	23.73
948.37	23.52
948.54	25.67
948.72	22.05
948.89	27.21
949.07	30.24
949.24	20.92
949.42	26.10
949.59	24.40
949.77	29.13
949.94	24.32
950.12	28.19
950.29	19.96
950.47	25.30
950.64	19.53
950.82	25.63
950.99	13.40
951.16	26.92
951.34	15.76
951.51	29.28
951.69	17.77
951.86	20.18
952.04	16.85
952.21	24.65
952.39	22.29
952.56	21.88
952.74	21.39
952.91	25.59
953.09	16.19
953.26	28.81
953.43	17.28
953.61	23.81
953.78	14.06
953.96	26.47
954.13	12.01
954.31	24.07
954.48	18.11
954.66	25.28
954.83	21.17
955.00	21.47
955.18	21.06
955.35	24.52
955.53	16.19
955.70	30.28
955.88	17.23
956.05	18.95
956.22	21.97
956.40	26.61
956.57	26.33
956.75	25.10
956.92	20.59
957.10	20.33
957.27	19.32
957.44	30.63
957.62	15.29
957.79	31.47
957.97	22.05
958.14	25.51
958.32	18.81
958.49	28.07
958.66	17.56
958.84	26.96
959.01	19.98
959.19	21.84
959.36	16.62
959.53	20.45
959.71	24.46
959.88	25.67
960.06	19.84
960.23	28.54
960.40	23.50
960.58	24.03
960.75	29.95
960.93	28.64
961.10	21.15
961.27	25.08
961.45	21.64
961.62	33.54
961.80	23.60
961.97	27.95
962.14	18.50
962.32	31.04
962.49	28.25
962.67	35.11
962.84	23.93
963.01	40.56
963.19	37.28
963.36	52.21
963.53	60.63
963.71	138.45
963.88	258.44
964.06	441.35
964.23	591.12
964.40	787.43
964.58	962.66
964.75	1092.58
964.92	1200.33
965.10	1274.11
965.27	1342.82
965.45	1449.13
965.62	1498.65
965.79	1536.05
965.97	1576.93
966.14	1690.20
966.31	1801.73
966.49	1909.09
966.66	1999.93
966.84	2076.94
967.01	2179.19
967.18	2267.58
967.36	2366.01
967.53	2470.62
967.70	2504.06
967.88	2520.02
968.05	2540.45
968.22	2551.10
968.40	2557.47
968.57	2553.89
968.74	2562.10
968.92	2587.62
969.09	2641.77
969.26	2650.45
969.44	2581.09
969.61	2532.47
969.78	2525.89
969.96	2526.77
970.13	2485.49
970.30	2434.45
970.48	2351.71
970.65	2305.59
970.83	2176.45
971.00	1978.31
971.17	1660.03
971.35	1278.68
971.52	952.25
971.69	755.26
971.86	587.92
972.04	459.90
972.21	366.33
972.38	299.49
972.56	242.37
972.73	199.20
972.90	165.73
973.08	138.78
973.25	114.86
973.42	99.91
973.60	73.57
973.77	69.72
973.94	55.63
974.12	45.11
974.29	33.43
974.46	40.34
974.64	32.84
974.81	23.91
974.98	21.25
975.16	17.56
975.33	16.01
975.50	33.97
975.67	26.29
975.85	24.14
976.02	13.71
976.19	18.89
976.37	23.66
976.54	26.78
976.71	29.58
976.89	31.71
977.06	41.07
977.23	49.08
977.40	55.94
977.58	65.73
977.75	74.35
977.92	85.57
978.10	90.57
978.27	93.21
978.44	101.98
978.61	108.92
978.79	104.35
978.96	110.95
979.13	108.88
979.31	110.95
979.48	120.92
979.65	132.94
979.82	129.75
980.00	145.17
980.17	140.83
980.34	152.85
980.51	170.48
980.69	155.64
980.86	161.45
981.03	166.92
981.21	167.94
981.38	176.38
981.55	168.07
981.72	171.98
981.90	168.03
982.07	175.87
982.24	165.02
982.41	183.67
982.59	168.17
982.76	171.22
982.93	169.48
983.10	169.44
983.28	158.38
983.45	162.19
983.62	157.83
983.79	150.84
983.97	144.06
984.14	137.94
984.31	112.96
984.48	96.74
984.66	79.25
984.83	68.58
985.00	54.61
985.17	44.66
985.35	42.53
985.52	40.05
985.69	26.68
985.86	36.77
986.04	17.30
986.21	29.05
986.38	27.68
986.55	23.69
986.72	20.51
986.90	17.89
987.07	15.92
987.24	16.85
987.41	18.01
987.59	16.97
987.76	16.62
987.93	18.48
988.10	15.74
988.28	19.43
988.45	11.05
988.62	14.45
988.79	15.82
988.96	11.66
989.14	13.12
989.31	18.69
989.48	14.76
989.65	15.64
989.82	16.72
990.00	20.76
990.17	9.02
990.34	18.67
990.51	8.51
990.69	10.37
990.86	15.31
991.03	11.62
991.20	8.67
991.37	14.08
991.55	9.94
991.72	16.27
991.89	15.10
992.06	18.34
992.23	17.93
992.41	15.51
992.58	10.29
992.75	12.40
992.92	7.67
993.09	13.45
993.26	6.91
993.44	21.64
993.61	14.22
993.78	18.71
993.95	3.47
994.12	17.99
994.30	18.40
994.47	15.10
994.64	18.75
994.81	19.16
994.98	20.12
995.15	12.83
995.33	10.31
995.50	13.12
995.67	10.19
995.84	16.27
996.01	7.55
996.19	13.10
996.36	11.93
996.53	18.40
996.70	8.43
996.87	19.36
997.04	13.32
997.22	10.80
997.39	12.01
997.56	18.38
997.73	12.01
997.90	14.39
998.07	11.21
998.24	13.75
998.42	9.02
998.59	14.39
998.76	17.99
998.93	17.05
999.10	7.67
999.27	15.58
999.45	13.83
999.62	21.04
999.79	12.54
999.96	20.18
1000.13	7.51
1000.30	12.97
1000.47	11.11
1000.65	18.71
1000.82	11.68
1000.99	18.05
1001.16	5.34
1001.33	18.75
1001.50	15.62
1001.67	12.77
1001.85	9.27
1002.02	17.01
1002.19	18.81
1002.36	19.51
1002.53	16.01
1002.70	15.76
1002.87	11.03
1003.04	21.13
1003.22	10.68
1003.39	17.34
1003.56	16.42
1003.73	14.33
1003.90	9.70
1004.07	15.68
1004.24	14.20
1004.41	14.59
1004.59	14.10
1004.76	13.94
1004.93	8.61
1005.10	16.31
1005.27	16.85
1005.44	13.81
1005.61	14.16
1005.78	21.10
1005.95	8.96
1006.13	13.61
1006.30	11.68
1006.47	16.56
1006.64	10.05
1006.81	21.53
1006.98	12.91
1007.15	17.79
1007.32	7.40
1007.49	24.87
1007.66	11.38
1007.84	10.50
1008.01	12.48
1008.18	20.08
1008.35	15.58
1008.52	16.78
1008.69	11.21
1008.86	11.13
1009.03	7.04
1009.20	19.77
1009.37	10.62
1009.55	16.80
1009.72	10.11
1009.89	11.77
1010.06	9.66
1010.23	19.16
1010.40	13.42
1010.57	17.79
1010.74	8.51
1010.91	22.31
1011.08	6.85
1011.25	21.33
1011.42	13.94
1011.59	17.21
1011.77	12.46
1011.94	18.87
1012.11	16.27
1012.28	11.44
1012.45	8.94
1012.62	23.05
1012.79	12.89
1012.96	18.75
1013.13	13.20
1013.30	17.54
1013.47	18.87
1013.64	30.26
1013.81	23.13
1013.98	39.68
1014.15	46.75
1014.32	78.55
1014.50	106.24
1014.67	139.19
1014.84	165.20
1015.01	205.40
1015.18	208.06
1015.35	261.31
1015.52	280.75
1015.69	310.79
1015.86	338.40
1016.03	369.20
1016.20	381.10
1016.37	413.84
1016.54	441.80
1016.71	480.18
1016.88	488.84
1017.05	528.08
1017.22	553.76
1017.39	591.40
1017.56	606.41
1017.73	639.22
1017.90	654.25
1018.07	673.96
1018.24	700.58
1018.42	717.82
1018.59	724.17
1018.76	747.70
1018.93	755.77
1019.10	774.65
1019.27	771.07
1019.44	790.32
1019.61	786.08
1019.78	797.08
1019.95	803.31
1020.12	806.19
1020.29	802.51
1020.46	814.06
1020.63	803.20
1020.80	806.66
1020.97	782.29
1021.14	777.85
1021.31	757.60
1021.48	733.55
1021.65	689.34
1021.82	648.13
1021.99	580.71
1022.16	520.71
1022.33	455.83
1022.50	402.19
1022.67	355.95
1022.84	322.89
1023.01	294.98
1023.18	255.54
1023.35	218.61
1023.52	207.22
1023.69	167.49
1023.86	127.70
1024.03	122.19
1024.20	107.92
1024.37	71.91
1024.54	63.70
1024.71	49.45
1024.88	49.98
1025.05	31.63
1025.22	30.51
1025.39	24.55
1025.56	16.66
1025.73	24.16
1025.90	26.06
1026.07	23.48
1026.24	16.25
1026.41	17.17
1026.58	16.66
1026.75	8.35
1026.92	19.14
1027.09	16.39
1027.26	13.61
1027.43	18.01
1027.60	22.93
1027.77	11.81
1027.94	14.88
1028.11	19.30
1028.27	18.30
1028.44	11.97
1028.61	11.54
1028.78	14.69
1028.95	14.31
1029.12	5.36
1029.29	19.47
1029.46	9.55
1029.63	17.42
1029.80	10.00
1029.97	13.42
1030.14	5.13
1030.31	17.44
1030.48	11.87
1030.65	17.17
1030.82	12.99
1030.99	18.61
1031.16	11.13
1031.33	15.84
1031.50	13.92
1031.67	17.60
1031.84	4.00
1032.01	12.61
1032.17	4.43
1032.34	13.69
1032.51	14.84
1032.68	13.96
1032.85	11.60
1033.02	21.21
1033.19	6.28
1033.36	18.50
1033.53	14.90
1033.70	8.76
1033.87	6.46
1034.04	13.69
1034.21	14.92
1034.38	15.49
1034.55	4.72
1034.72	20.94
1034.88	13.30
1035.05	12.52
1035.22	2.92
1035.39	14.14
1035.56	-0.38
1035.73	18.83
1035.90	10.58
1036.07	11.52
1036.24	14.20
1036.41	13.75
1036.58	9.55
1036.75	13.30
1036.92	6.46
1037.08	11.54
1037.25	15.64
1037.42	9.76
1037.59	0.97
1037.76	17.40
1037.93	14.26
1038.10	11.68
1038.27	9.08
1038.44	15.51
1038.61	4.93
1038.78	10.66
1038.94	6.52
1039.11	20.08
1039.28	9.37
1039.45	14.18
1039.62	11.87
1039.79	11.79
1039.96	18.57
1040.13	9.96
1040.30	8.51
1040.47	13.20
1040.63	9.43
1040.80	16.39
1040.97	10.66
1041.14	22.76
1041.31	13.34
1041.48	9.74
1041.65	11.62
1041.82	15.82
1041.99	1.12
1042.15	18.71
1042.32	9.41
1042.49	11.89
1042.66	11.25
1042.83	13.96
1043.00	6.44
