File Dati SpectraSuite
++++++++++++++++++++++++++++++++++++
Data: Mon Feb 25 16:30:41 CET 2019
Utente: Studente
Spettro Scuro Presente: Si
Spettro di Riferimento Presente: No
Numero di Componenti Spettri Campionati: 1
Spettrometri: USB4F01341
Tempo di integrazione (usec): 70000 (USB4F01341)
Media Spettri: 10 (USB4F01341)
Appiattimento Boxcar: 0 (USB4F01341)
Correggi Oscurità Elettronica: Si (USB4F01341)
Strobo/Lampada Abilitato: No (USB4F01341)
Correct for Detector Non-linearity: No (USB4F01341)
Correggi Stray Light: No (USB4F01341)
Numero di Pixel nello Spettro Elaborato: 3648
>>>>>Comincia Dati dello Spettro Elaborati<<<<<
337,57	-76,06
337,79	-76,06
338,02	-76,06
338,24	-77,09
338,47	-52,31
338,69	8,52
338,92	22,85
339,14	0,74
339,36	33,91
339,59	48,66
339,81	-10,53
340,04	31,05
340,26	45,38
340,49	23,88
340,71	51,53
340,93	19,58
341,16	34,73
341,38	2,58
341,61	24,49
341,83	75,08
342,05	28,79
342,28	37,19
342,50	57,26
342,73	17,12
342,95	35,76
343,17	1,15
343,40	23,06
343,62	18,14
343,85	9,13
344,07	17,73
344,29	9,95
344,52	9,34
344,74	26,54
344,97	13,02
345,19	17,53
345,41	21,22
345,64	24,29
345,86	64,84
346,08	40,26
346,31	-2,34
346,53	1,15
346,76	-10,73
346,98	100,27
347,20	66,27
347,43	30,43
347,65	31,25
347,87	63,81
348,10	2,78
348,32	40,06
348,54	26,95
348,77	44,15
348,99	47,84
349,21	60,95
349,44	31,46
349,66	36,58
349,88	32,07
350,11	24,70
350,33	23,06
350,55	31,66
350,78	3,81
351,00	83,68
351,22	31,87
351,45	13,23
351,67	15,07
351,89	1,76
352,12	4,83
352,34	23,88
352,56	18,96
352,79	33,30
353,01	23,26
353,23	50,09
353,45	27,15
353,68	64,84
353,90	47,02
354,12	32,68
354,35	36,58
354,57	51,94
354,79	54,39
355,01	62,79
355,24	28,38
355,46	44,36
355,68	-13,80
355,91	69,34
356,13	22,24
356,35	-6,23
356,57	30,23
356,80	-2,95
357,02	16,71
357,24	2,58
357,46	16,51
357,69	34,53
357,91	31,46
358,13	16,51
358,35	47,63
358,58	56,85
358,80	13,84
359,02	61,97
359,24	18,96
359,47	54,19
359,69	58,90
359,91	-10,32
360,13	45,59
360,36	20,40
360,58	41,90
360,80	18,14
361,02	13,84
361,25	15,89
361,47	39,24
361,69	47,63
361,91	39,24
362,13	34,53
362,36	71,60
362,58	19,17
362,80	55,42
363,02	19,58
363,25	46,82
363,47	22,44
363,69	31,25
363,91	106,82
364,13	30,64
364,36	11,18
364,58	33,50
364,80	37,60
365,02	44,97
365,24	24,49
365,47	-7,66
365,69	15,89
365,91	35,14
366,13	22,03
366,35	34,73
366,57	33,09
366,80	-4,38
367,02	24,29
367,24	36,78
367,46	35,14
367,68	51,53
367,90	37,60
368,13	80,81
368,35	39,65
368,57	53,98
368,79	58,90
369,01	57,46
369,23	24,29
369,46	37,60
369,68	27,56
369,90	4,22
370,12	75,49
370,34	10,98
370,56	39,65
370,78	33,50
371,01	30,84
371,23	48,66
371,45	38,01
371,67	43,33
371,89	65,66
372,11	97,60
372,33	24,90
372,56	28,18
372,78	70,37
373,00	31,66
373,22	30,64
373,44	27,15
373,66	24,90
373,88	19,58
374,10	48,45
374,32	12,82
374,55	41,49
374,77	22,03
374,99	43,13
375,21	27,56
375,43	45,59
375,65	45,38
375,87	49,68
376,09	39,65
376,31	24,49
376,53	33,30
376,75	31,46
376,98	55,21
377,20	65,45
377,42	27,97
377,64	13,02
377,86	31,05
378,08	33,91
378,30	15,69
378,52	29,00
378,74	32,27
378,96	33,71
379,18	37,80
379,40	53,57
379,62	71,60
379,84	2,78
380,07	71,39
380,29	35,55
380,51	12,82
380,73	37,60
380,95	0,53
381,17	12,20
381,39	29,61
381,61	14,87
381,83	33,50
382,05	31,05
382,27	34,94
382,49	36,99
382,71	-0,08
382,93	52,55
383,15	48,86
383,37	24,90
383,59	26,75
383,81	40,67
384,03	3,40
384,25	13,02
384,47	16,91
384,69	37,19
384,91	-6,23
385,13	46,61
385,35	20,40
385,57	63,40
385,79	47,22
386,01	-26,71
386,23	16,51
386,45	38,83
386,67	5,24
386,89	37,39
387,11	46,20
387,33	35,76
387,55	23,06
387,77	55,01
387,99	52,55
388,21	-6,02
388,43	51,12
388,65	28,59
388,87	6,06
389,09	15,07
389,31	35,35
389,53	21,83
389,75	53,78
389,97	5,45
390,19	59,51
390,41	21,63
390,63	22,85
390,85	32,68
391,07	70,57
391,29	55,01
391,51	15,89
391,72	44,36
391,94	53,98
392,16	1,76
392,38	59,10
392,60	25,52
392,82	18,35
393,04	3,81
393,26	23,26
393,48	21,83
393,70	36,17
393,92	36,99
394,14	40,67
394,36	23,06
394,58	90,03
394,80	18,55
395,01	-9,50
395,23	25,11
395,45	0,74
395,67	43,95
395,89	60,95
396,11	18,55
396,33	40,06
396,55	46,20
396,77	55,42
396,99	57,26
397,21	33,91
397,42	41,08
397,64	19,78
397,86	2,78
398,08	34,12
398,30	26,13
398,52	40,47
398,74	58,28
398,96	39,24
399,17	30,43
399,39	42,51
399,61	65,45
399,83	22,03
400,05	73,85
400,27	53,98
400,49	41,90
400,71	-20,97
400,92	41,49
401,14	42,92
401,36	57,26
401,58	60,13
401,80	68,52
402,02	39,85
402,24	61,77
402,45	13,64
402,67	66,27
402,89	38,42
403,11	73,64
403,33	59,31
403,55	23,26
403,76	17,94
403,98	83,06
404,20	36,37
404,42	53,37
404,64	23,26
404,86	27,77
405,07	13,02
405,29	60,74
405,51	14,46
405,73	50,50
405,95	37,19
406,17	76,92
406,38	25,52
406,60	25,31
406,82	37,80
407,04	42,31
407,26	57,26
407,47	10,36
407,69	16,91
407,91	41,49
408,13	55,42
408,35	50,71
408,56	48,86
408,78	51,12
409,00	9,75
409,22	49,07
409,44	1,35
409,65	56,65
409,87	56,85
410,09	62,99
410,31	41,08
410,52	55,21
410,74	71,80
410,96	5,65
411,18	18,96
411,40	46,82
411,61	35,35
411,83	47,43
412,05	20,19
412,27	36,17
412,48	41,29
412,70	50,50
412,92	21,63
413,14	35,76
413,35	13,64
413,57	34,12
413,79	44,15
414,01	75,28
414,22	26,34
414,44	62,18
414,66	54,60
414,87	69,14
415,09	38,83
415,31	40,26
415,53	53,57
415,74	65,25
415,96	66,07
416,18	64,02
416,40	42,31
416,61	70,16
416,83	49,27
417,05	18,76
417,26	22,03
417,48	25,11
417,70	97,81
417,92	60,13
418,13	59,92
418,35	56,03
418,57	46,82
418,78	63,20
419,00	77,53
419,22	81,84
419,43	80,61
419,65	66,48
419,87	49,27
420,09	46,82
420,30	48,04
420,52	22,85
420,74	55,21
420,95	67,09
421,17	68,73
421,39	56,44
421,60	71,80
421,82	79,17
422,04	68,11
422,25	84,50
422,47	62,58
422,69	85,11
422,90	42,10
423,12	98,01
423,34	50,71
423,55	50,71
423,77	34,53
423,99	35,35
424,20	93,51
424,42	26,75
424,64	86,75
424,85	62,38
425,07	72,82
425,28	77,13
425,50	71,80
425,72	111,74
425,93	73,64
426,15	88,18
426,37	72,82
426,58	92,08
426,80	53,37
427,01	55,21
427,23	81,22
427,45	102,72
427,66	84,29
427,88	66,48
428,10	47,43
428,31	43,74
428,53	47,22
428,74	92,08
428,96	81,84
429,18	59,10
429,39	61,15
429,61	63,61
429,82	51,53
430,04	129,14
430,26	93,10
430,47	69,55
430,69	46,82
430,90	64,63
431,12	60,33
431,34	157,61
431,55	72,01
431,77	95,56
431,98	79,17
432,20	107,44
432,41	110,51
432,63	97,60
432,85	105,18
433,06	74,05
433,28	117,68
433,49	120,75
433,71	104,77
433,92	116,45
434,14	124,23
434,35	104,77
434,57	137,34
434,79	135,70
435,00	198,57
435,22	202,67
435,43	214,13
435,65	264,92
435,86	315,92
436,08	369,17
436,29	510,89
436,51	728,58
436,72	970,04
436,94	1279,28
437,16	1723,49
437,37	2134,51
437,59	2555,58
437,80	2980,53
438,02	3645,51
438,23	3997,96
438,45	4605,80
438,66	4780,29
438,88	5791,98
439,09	6420,91
439,31	7009,50
439,52	7694,95
439,74	8086,73
439,95	8582,34
440,17	9190,18
440,38	9091,67
440,60	9586,87
440,81	10085,14
441,03	9893,45
441,24	9672,88
441,46	10081,45
441,67	10115,65
441,89	10378,20
442,10	9756,24
442,32	9475,46
442,53	9602,84
442,75	9531,78
442,96	9667,76
443,18	9460,51
443,39	9005,04
443,61	7940,51
443,82	7867,19
444,04	7023,63
444,25	6480,30
444,46	5723,58
444,68	5097,52
444,89	4590,23
445,11	4066,98
445,32	3807,71
445,54	3375,38
445,75	2810,75
445,97	2187,56
446,18	1787,18
446,40	1318,81
446,61	990,11
446,82	800,06
447,04	559,22
447,25	417,91
447,47	311,41
447,68	241,17
447,90	186,90
448,11	175,84
448,32	125,87
448,54	165,19
448,75	93,92
448,97	148,39
449,18	168,26
449,40	147,58
449,61	100,68
449,82	89,41
450,04	118,70
450,25	129,96
450,47	94,94
450,68	183,41
450,89	153,10
451,11	124,43
451,32	143,68
451,54	140,41
451,75	120,34
451,96	129,35
452,18	121,16
452,39	119,72
452,61	123,20
452,82	130,99
453,03	125,05
453,25	103,95
453,46	125,46
453,68	114,81
453,89	156,59
454,10	176,86
454,32	141,23
454,53	119,72
454,74	144,09
454,96	104,16
455,17	110,30
455,39	110,92
455,60	139,38
455,81	102,32
456,03	158,43
456,24	124,02
456,45	96,79
456,67	79,79
456,88	82,45
457,09	141,23
457,31	134,88
457,52	115,42
457,73	138,77
457,95	94,33
458,16	101,70
458,37	82,25
458,59	84,50
458,80	69,34
459,01	118,49
459,23	129,96
459,44	119,93
459,65	108,25
459,87	103,54
460,08	80,40
460,29	95,76
460,51	81,63
460,72	112,56
460,93	90,85
461,15	88,39
461,36	97,81
461,57	62,58
461,79	78,76
462,00	57,87
462,21	68,93
462,42	130,17
462,64	82,45
462,85	78,56
463,06	90,44
463,28	93,10
463,49	78,76
463,70	85,32
463,92	68,32
464,13	92,89
464,34	80,81
464,55	91,67
464,77	64,43
464,98	72,41
465,19	59,72
465,40	74,87
465,62	76,51
465,83	128,32
466,04	68,52
466,26	96,79
466,47	35,96
466,68	75,28
466,89	95,35
467,11	72,21
467,32	49,48
467,53	59,10
467,74	51,53
467,96	78,76
468,17	71,19
468,38	79,17
468,59	50,91
468,81	70,57
469,02	61,15
469,23	79,79
469,44	116,45
469,66	55,42
469,87	85,11
470,08	15,48
470,29	72,01
470,50	73,03
470,72	74,26
470,93	75,90
471,14	67,30
471,35	58,90
471,57	85,11
471,78	108,25
471,99	41,49
472,20	38,62
472,41	89,41
472,63	49,68
472,84	44,56
473,05	35,14
473,26	78,76
473,47	82,65
473,69	50,91
473,90	52,34
474,11	74,67
474,32	94,94
474,53	85,52
474,75	61,15
474,96	72,82
475,17	104,98
475,38	35,76
475,59	82,04
475,80	40,67
476,02	38,83
476,23	62,79
476,44	51,12
476,65	29,82
476,86	103,54
477,08	93,92
477,29	28,18
477,50	79,79
477,71	61,77
477,92	94,94
478,13	51,53
478,34	64,02
478,56	87,57
478,77	43,95
478,98	58,69
479,19	77,74
479,40	45,59
479,61	82,04
479,83	54,19
480,04	39,44
480,25	62,79
480,46	64,43
480,67	70,57
480,88	67,50
481,09	92,28
481,30	59,72
481,52	76,31
481,73	74,26
481,94	91,46
482,15	76,51
482,36	49,48
482,57	126,69
482,78	68,52
482,99	85,11
483,21	66,07
483,42	84,09
483,63	93,92
483,84	77,94
484,05	45,18
484,26	91,67
484,47	111,33
484,68	105,80
484,89	104,77
485,10	64,22
485,32	50,09
485,53	64,22
485,74	78,76
485,95	92,08
486,16	114,81
486,37	97,20
486,58	82,25
486,79	60,74
487,00	64,22
487,21	79,79
487,42	72,21
487,63	77,33
487,85	91,87
488,06	75,28
488,27	83,47
488,48	70,16
488,69	68,73
488,90	60,54
489,11	75,69
489,32	99,65
489,53	74,26
489,74	74,46
489,95	116,86
490,16	72,62
490,37	115,83
490,58	84,70
490,79	94,94
491,00	57,06
491,21	99,86
491,42	117,06
491,63	77,74
491,84	88,18
492,06	71,80
492,27	55,42
492,48	105,39
492,69	77,94
492,90	130,99
493,11	141,43
493,32	99,04
493,53	78,76
493,74	70,98
493,95	76,51
494,16	72,21
494,37	103,75
494,58	134,67
494,79	100,27
495,00	63,20
495,21	91,67
495,42	83,47
495,63	53,78
495,84	87,16
496,05	74,05
496,26	78,56
496,47	112,96
496,68	90,64
496,89	87,37
497,10	102,32
497,31	96,58
497,52	65,86
497,73	93,71
497,94	74,87
498,15	74,46
498,36	93,10
498,57	108,05
498,78	76,92
498,98	59,10
499,19	93,51
499,40	112,96
499,61	89,82
499,82	65,45
500,03	83,06
500,24	83,47
500,45	47,84
500,66	107,23
500,87	112,56
501,08	74,05
501,29	109,89
501,50	95,35
501,71	65,66
501,92	77,53
502,13	60,54
502,34	91,87
502,55	129,35
502,76	106,00
502,97	116,65
503,17	120,13
503,38	72,01
503,59	95,76
503,80	97,20
504,01	80,81
504,22	63,61
504,43	136,31
504,64	61,77
504,85	105,39
505,06	66,27
505,27	69,34
505,48	66,68
505,68	93,51
505,89	112,56
506,10	80,40
506,31	40,26
506,52	85,52
506,73	82,65
506,94	138,97
507,15	108,05
507,36	74,67
507,57	83,27
507,77	70,16
507,98	59,31
508,19	83,68
508,40	76,51
508,61	77,13
508,82	75,49
509,03	115,63
509,24	105,80
509,45	83,68
509,65	123,20
509,86	109,07
510,07	99,65
510,28	101,29
510,49	83,68
510,70	79,17
510,91	110,30
511,11	83,68
511,32	146,76
511,53	107,84
511,74	81,84
511,95	107,84
512,16	90,03
512,37	89,62
512,57	137,54
512,78	102,11
512,99	139,38
513,20	77,94
513,41	117,88
513,62	77,94
513,82	122,39
514,03	80,81
514,24	126,69
514,45	81,22
514,66	98,42
514,87	85,52
515,07	92,69
515,28	127,51
515,49	89,41
515,70	88,59
515,91	99,24
516,11	70,37
516,32	91,87
516,53	124,43
516,74	92,49
516,95	98,22
517,16	133,85
517,36	135,90
517,57	139,18
517,78	129,35
517,99	84,91
518,20	146,55
518,40	119,52
518,61	115,83
518,82	77,13
519,03	112,15
519,23	116,86
519,44	118,08
519,65	121,36
519,86	120,34
520,07	92,69
520,27	145,73
520,48	122,59
520,69	65,04
520,90	109,28
521,10	137,95
521,31	85,32
521,52	141,02
521,73	110,10
521,94	130,37
522,14	115,42
522,35	122,79
522,56	129,96
522,77	150,03
522,97	87,57
523,18	123,41
523,39	131,60
523,60	91,87
523,80	102,93
524,01	116,65
524,22	100,27
524,43	89,41
524,63	104,77
524,84	122,39
525,05	107,23
525,25	132,63
525,46	140,20
525,67	146,14
525,88	133,85
526,08	106,62
526,29	116,24
526,50	137,13
526,71	125,46
526,91	132,42
527,12	145,73
527,33	142,66
527,53	106,82
527,74	139,79
527,95	112,35
528,16	174,81
528,36	149,42
528,57	128,94
528,78	159,25
528,98	152,90
529,19	161,30
529,40	152,70
529,60	172,15
529,81	212,29
530,02	179,32
530,22	176,45
530,43	177,07
530,64	128,32
530,85	170,31
531,05	171,13
531,26	165,80
531,47	212,29
531,67	197,75
531,88	207,17
532,09	198,37
532,29	182,39
532,50	180,14
532,71	163,96
532,91	197,96
533,12	195,50
533,33	162,32
533,53	189,97
533,74	142,87
533,95	173,58
534,15	203,28
534,36	194,06
534,56	171,13
534,77	224,99
534,98	156,18
535,18	227,04
535,39	227,86
535,60	200,21
535,80	185,26
536,01	207,99
536,22	198,16
536,42	202,67
536,63	193,65
536,83	184,64
537,04	222,33
537,25	205,12
537,45	167,85
537,66	225,81
537,87	177,68
538,07	229,70
538,28	212,09
538,48	193,86
538,69	150,03
538,90	200,82
539,10	190,17
539,31	184,23
539,51	212,91
539,72	191,20
539,93	207,38
540,13	200,00
540,34	205,33
540,54	165,80
540,75	175,22
540,96	172,56
541,16	178,29
541,37	158,84
541,57	166,42
541,78	149,42
541,99	170,10
542,19	185,87
542,40	210,65
542,60	161,09
542,81	156,18
543,01	211,47
543,22	167,85
543,43	188,53
543,63	165,60
543,84	143,68
544,04	174,61
544,25	180,14
544,45	159,45
544,66	114,19
544,87	142,87
545,07	193,25
545,28	143,68
545,48	170,72
545,69	153,51
545,89	136,11
546,10	133,24
546,30	157,61
546,51	144,71
546,71	161,71
546,92	143,89
547,13	115,42
547,33	132,01
547,54	206,97
547,74	150,44
547,95	83,27
548,15	113,37
548,36	159,25
548,56	118,49
548,77	122,39
548,97	137,95
549,18	144,71
549,38	102,72
549,59	129,35
549,79	131,40
550,00	127,91
550,20	117,06
550,41	119,72
550,61	116,86
550,82	107,44
551,02	134,88
551,23	116,04
551,43	97,81
551,64	92,89
551,84	94,12
552,05	86,75
552,25	81,43
552,46	124,02
552,66	145,32
552,87	124,02
553,07	68,73
553,28	103,13
553,48	91,67
553,69	80,61
553,89	82,45
554,10	116,04
554,30	135,08
554,51	106,21
554,71	108,66
554,92	96,38
555,12	121,16
555,32	101,91
555,53	82,04
555,73	103,34
555,94	129,55
556,14	119,72
556,35	105,18
556,55	79,79
556,76	81,43
556,96	84,09
557,17	99,86
557,37	110,51
557,57	122,59
557,78	112,96
557,98	84,91
558,19	108,25
558,39	69,55
558,60	89,41
558,80	100,47
559,00	102,72
559,21	94,74
559,41	89,82
559,62	90,03
559,82	93,10
560,03	85,32
560,23	64,02
560,43	84,29
560,64	106,41
560,84	130,37
561,05	60,95
561,25	70,16
561,45	128,73
561,66	99,86
561,86	74,87
562,07	57,67
562,27	125,66
562,47	99,65
562,68	75,90
562,88	82,86
563,09	123,41
563,29	92,89
563,49	94,74
563,70	57,87
563,90	141,23
564,11	105,80
564,31	90,03
564,51	94,33
564,72	52,55
564,92	98,22
565,12	108,46
565,33	86,96
565,53	119,11
565,74	66,07
565,94	84,70
566,14	124,43
566,35	144,91
566,55	90,03
566,75	98,42
566,96	82,04
567,16	85,11
567,36	70,37
567,57	76,51
567,77	76,10
567,98	88,59
568,18	65,86
568,38	43,33
568,59	83,27
568,79	47,22
568,99	104,98
569,20	116,86
569,40	77,53
569,60	64,02
569,81	113,17
570,01	110,51
570,21	54,19
570,42	82,86
570,62	91,87
570,82	80,61
571,03	71,60
571,23	53,37
571,43	75,28
571,63	82,45
571,84	59,51
572,04	73,23
572,24	110,92
572,45	108,05
572,65	76,51
572,85	88,80
573,06	107,03
573,26	111,74
573,46	57,06
573,67	75,08
573,87	77,33
574,07	61,15
574,27	60,13
574,48	93,71
574,68	98,42
574,88	58,28
575,09	57,46
575,29	68,11
575,49	74,87
575,69	96,17
575,90	103,34
576,10	95,35
576,30	76,92
576,51	86,96
576,71	77,74
576,91	112,35
577,11	62,79
577,32	106,82
577,52	68,11
577,72	91,87
577,92	79,38
578,13	76,92
578,33	89,62
578,53	79,99
578,73	67,50
578,94	83,68
579,14	68,11
579,34	84,09
579,54	44,77
579,75	94,53
579,95	55,21
580,15	82,25
580,35	148,39
580,56	74,26
580,76	78,76
580,96	120,34
581,16	104,77
581,37	67,50
581,57	48,04
581,77	91,46
581,97	56,03
582,17	77,94
582,38	49,27
582,58	95,76
582,78	69,55
582,98	84,50
583,19	61,97
583,39	80,40
583,59	41,08
583,79	89,00
583,99	89,82
584,20	59,92
584,40	66,07
584,60	79,99
584,80	64,22
585,00	43,54
585,21	71,60
585,41	90,44
585,61	97,81
585,81	95,15
586,01	77,74
586,22	79,17
586,42	75,90
586,62	99,45
586,82	96,58
587,02	69,55
587,22	100,47
587,43	20,19
587,63	49,48
587,83	90,23
588,03	93,92
588,23	78,56
588,43	58,90
588,64	130,37
588,84	89,41
589,04	14,66
589,24	70,16
589,44	70,98
589,64	83,88
589,85	64,84
590,05	62,58
590,25	56,65
590,45	50,09
590,65	57,87
590,85	82,45
591,05	65,25
591,26	17,12
591,46	73,23
591,66	74,67
591,86	79,38
592,06	134,06
592,26	27,77
592,46	36,78
592,67	62,18
592,87	95,76
593,07	54,60
593,27	82,25
593,47	100,27
593,67	84,29
593,87	38,62
594,07	85,73
594,28	65,04
594,48	87,98
594,68	52,55
594,88	127,30
595,08	80,20
595,28	79,79
595,48	90,64
595,68	95,76
595,88	41,90
596,08	44,56
596,29	101,09
596,49	58,08
596,69	49,68
596,89	49,07
597,09	76,72
597,29	74,87
597,49	58,49
597,69	36,99
597,89	72,01
598,09	67,70
598,29	59,10
598,50	81,22
598,70	64,22
598,90	48,45
599,10	99,65
599,30	87,16
599,50	58,28
599,70	110,71
599,90	65,04
600,10	79,79
600,30	45,38
600,50	86,75
600,70	62,79
600,90	55,21
601,10	74,87
601,30	70,37
601,50	38,83
601,71	51,73
601,91	57,46
602,11	36,17
602,31	87,37
602,51	66,89
602,71	56,24
602,91	50,09
603,11	85,11
603,31	48,25
603,51	66,27
603,71	83,68
603,91	68,52
604,11	89,82
604,31	97,60
604,51	48,66
604,71	54,39
604,91	91,46
605,11	94,94
605,31	73,44
605,51	91,87
605,71	28,38
605,91	55,21
606,11	69,55
606,31	73,64
606,51	103,34
606,71	79,58
606,91	51,12
607,11	54,80
607,31	82,65
607,51	80,40
607,71	94,74
607,91	76,31
608,11	63,61
608,31	79,58
608,51	64,63
608,71	56,44
608,91	61,97
609,11	56,44
609,31	94,53
609,51	68,93
609,71	55,01
609,91	105,39
610,11	84,29
610,31	96,38
610,51	69,96
610,71	53,37
610,91	50,71
611,11	69,14
611,31	54,60
611,51	67,70
611,71	104,16
611,91	75,28
612,11	50,50
612,31	86,96
612,51	67,50
612,71	75,28
612,90	48,86
613,10	68,32
613,30	58,28
613,50	67,30
613,70	106,21
613,90	93,30
614,10	50,09
614,30	53,16
614,50	101,09
614,70	68,93
614,90	86,14
615,10	84,29
615,30	89,00
615,50	58,69
615,70	60,95
615,90	92,89
616,09	88,80
616,29	95,35
616,49	77,13
616,69	68,93
616,89	86,14
617,09	84,70
617,29	71,39
617,49	41,49
617,69	77,74
617,89	94,94
618,09	65,45
618,28	95,15
618,48	45,79
618,68	117,88
618,88	68,52
619,08	60,54
619,28	71,80
619,48	46,61
619,68	84,29
619,88	74,46
620,08	32,68
620,27	62,18
620,47	60,95
620,67	64,02
620,87	102,93
621,07	77,13
621,27	65,66
621,47	89,62
621,67	78,97
621,86	66,48
622,06	85,93
622,26	59,51
622,46	90,64
622,66	58,90
622,86	48,25
623,06	70,37
623,25	77,33
623,45	115,01
623,65	58,90
623,85	58,49
624,05	44,97
624,25	72,41
624,45	80,81
624,64	55,21
624,84	51,12
625,04	72,41
625,24	122,79
625,44	60,95
625,64	60,95
625,83	51,53
626,03	46,61
626,23	77,94
626,43	72,01
626,63	50,09
626,83	77,13
627,02	96,38
627,22	97,81
627,42	70,37
627,62	87,77
627,82	50,30
628,02	82,04
628,21	78,76
628,41	42,10
628,61	94,12
628,81	69,75
629,01	63,20
629,20	75,49
629,40	72,82
629,60	32,68
629,80	79,38
630,00	68,93
630,19	67,91
630,39	53,57
630,59	77,33
630,79	42,92
630,99	69,14
631,18	63,61
631,38	48,66
631,58	71,39
631,78	43,13
631,98	95,15
632,17	88,39
632,37	53,16
632,57	59,72
632,77	78,76
632,96	96,38
633,16	84,50
633,36	69,75
633,56	80,40
633,76	53,78
633,95	42,31
634,15	72,62
634,35	99,24
634,55	48,25
634,74	50,30
634,94	44,77
635,14	48,04
635,34	98,01
635,53	66,07
635,73	89,62
635,93	89,00
636,13	74,26
636,32	64,02
636,52	41,70
636,72	60,33
636,92	93,30
637,11	83,06
637,31	82,45
637,51	89,21
637,70	39,03
637,90	44,36
638,10	84,91
638,30	59,10
638,49	75,69
638,69	68,73
638,89	82,65
639,09	69,14
639,28	65,04
639,48	96,38
639,68	86,55
639,87	40,47
640,07	67,50
640,27	62,38
640,47	73,03
640,66	40,67
640,86	78,15
641,06	72,41
641,25	116,65
641,45	56,65
641,65	64,63
641,84	71,19
642,04	100,68
642,24	61,36
642,44	55,21
642,63	89,41
642,83	39,85
643,03	72,62
643,22	55,42
643,42	103,75
643,62	60,13
643,81	109,07
644,01	82,04
644,21	96,79
644,40	107,44
644,60	79,38
644,80	91,67
644,99	64,84
645,19	55,21
645,39	102,72
645,58	61,15
645,78	95,35
645,98	47,84
646,17	66,07
646,37	48,04
646,57	74,46
646,76	60,33
646,96	48,86
647,16	69,14
647,35	84,29
647,55	70,57
647,75	81,02
647,94	78,76
648,14	99,04
648,33	91,05
648,53	83,88
648,73	56,24
648,92	64,22
649,12	32,27
649,32	52,75
649,51	72,41
649,71	70,16
649,90	88,80
650,10	79,58
650,30	73,85
650,49	65,45
650,69	77,33
650,89	44,36
651,08	80,40
651,28	92,08
651,47	69,34
651,67	63,40
651,87	67,91
652,06	106,82
652,26	93,51
652,45	73,03
652,65	92,08
652,85	68,52
653,04	86,14
653,24	52,14
653,43	95,97
653,63	67,91
653,83	53,37
654,02	71,80
654,22	50,91
654,41	121,77
654,61	93,92
654,81	86,14
655,00	104,16
655,20	96,38
655,39	76,51
655,59	93,51
655,78	95,56
655,98	69,55
656,18	76,51
656,37	98,42
656,57	86,75
656,76	91,46
656,96	133,44
657,15	79,79
657,35	67,70
657,55	112,15
657,74	120,95
657,94	75,08
658,13	87,16
658,33	75,90
658,52	80,61
658,72	69,96
658,91	87,16
659,11	59,92
659,30	136,93
659,50	67,70
659,70	86,14
659,89	46,41
660,09	80,61
660,28	64,43
660,48	66,27
660,67	85,52
660,87	82,86
661,06	95,97
661,26	107,23
661,45	71,19
661,65	50,91
661,84	106,62
662,04	74,67
662,23	93,51
662,43	64,43
662,62	113,78
662,82	67,30
663,01	57,26
663,21	102,72
663,41	81,22
663,60	78,76
663,80	56,03
663,99	103,75
664,19	66,48
664,38	111,53
664,58	74,67
664,77	113,78
664,97	61,56
665,16	65,25
665,35	134,06
665,55	72,62
665,74	72,82
665,94	114,60
666,13	92,08
666,33	99,86
666,52	97,20
666,72	115,42
666,91	38,42
667,11	96,79
667,30	75,08
667,50	53,37
667,69	53,57
667,89	68,93
668,08	124,84
668,28	53,16
668,47	63,61
668,67	125,66
668,86	74,67
669,05	90,23
669,25	68,52
669,44	69,14
669,64	41,49
669,83	53,16
670,03	68,73
670,22	113,17
670,42	86,75
670,61	68,32
670,81	59,51
671,00	56,44
671,19	33,09
671,39	75,69
671,58	90,85
671,78	93,92
671,97	113,17
672,17	94,12
672,36	62,18
672,55	107,64
672,75	86,96
672,94	91,46
673,14	67,30
673,33	102,72
673,53	81,63
673,72	99,45
673,91	73,85
674,11	90,85
674,30	300,56
674,50	68,93
674,69	78,97
674,88	74,26
675,08	61,56
675,27	47,22
675,47	68,73
675,66	73,03
675,85	59,92
676,05	65,04
676,24	20,19
676,44	43,54
676,63	94,53
676,82	70,37
677,02	117,47
677,21	71,39
677,41	70,16
677,60	103,54
677,79	83,68
677,99	124,02
678,18	100,68
678,37	107,44
678,57	61,15
678,76	67,30
678,96	70,57
679,15	58,08
679,34	95,35
679,54	57,26
679,73	79,58
679,92	86,75
680,12	94,33
680,31	60,54
680,51	56,65
680,70	71,60
680,89	66,89
681,09	75,28
681,28	71,80
681,47	77,33
681,67	84,91
681,86	100,06
682,05	76,31
682,25	42,51
682,44	43,33
682,63	68,11
682,83	40,67
683,02	94,53
683,21	70,57
683,41	78,97
683,60	62,58
683,79	85,73
683,99	95,35
684,18	77,74
684,37	41,29
684,57	37,19
684,76	73,85
684,95	66,89
685,15	106,41
685,34	37,19
685,53	74,05
685,73	41,08
685,92	37,39
686,11	74,26
686,31	49,48
686,50	76,31
686,69	52,14
686,88	72,62
687,08	103,95
687,27	76,92
687,46	83,68
687,66	69,14
687,85	75,28
688,04	64,22
688,24	56,85
688,43	87,77
688,62	95,35
688,81	44,36
689,01	63,40
689,20	66,27
689,39	46,20
689,59	35,76
689,78	86,34
689,97	81,43
690,16	42,92
690,36	37,80
690,55	56,24
690,74	48,45
690,93	87,57
691,13	60,13
691,32	86,55
691,51	70,78
691,70	76,92
691,90	93,30
692,09	65,25
692,28	47,43
692,48	41,29
692,67	101,50
692,86	66,27
693,05	33,30
693,25	53,16
693,44	50,30
693,63	79,79
693,82	57,87
694,01	49,89
694,21	68,11
694,40	18,76
694,59	65,66
694,78	12,41
694,98	37,80
695,17	81,22
695,36	33,71
695,55	54,80
695,75	41,70
695,94	45,38
696,13	81,02
696,32	36,17
696,51	72,41
696,71	54,80
696,90	61,36
697,09	99,24
697,28	72,21
697,48	84,09
697,67	81,43
697,86	63,20
698,05	73,44
698,24	63,81
698,44	61,56
698,63	52,96
698,82	56,44
699,01	92,28
699,20	50,71
699,40	38,01
699,59	120,95
699,78	44,56
699,97	98,22
700,16	49,07
700,36	65,25
700,55	52,55
700,74	50,91
700,93	75,69
701,12	67,70
701,31	62,18
701,51	27,56
701,70	51,94
701,89	68,73
702,08	62,38
702,27	60,33
702,46	95,56
702,66	79,38
702,85	70,57
703,04	101,91
703,23	51,32
703,42	62,58
703,61	83,27
703,81	77,33
704,00	64,02
704,19	47,84
704,38	74,05
704,57	100,68
704,76	69,96
704,96	69,55
705,15	104,36
705,34	40,26
705,53	76,72
705,72	59,31
705,91	103,95
706,10	71,60
706,30	71,19
706,49	52,75
706,68	32,89
706,87	5,04
707,06	19,17
707,25	69,96
707,44	53,78
707,63	47,63
707,83	54,19
708,02	93,92
708,21	54,19
708,40	43,95
708,59	69,14
708,78	98,83
708,97	71,39
709,16	40,67
709,35	73,03
709,55	97,40
709,74	65,25
709,93	43,13
710,12	60,74
710,31	96,17
710,50	20,19
710,69	59,51
710,88	51,73
711,07	46,82
711,26	18,96
711,46	89,00
711,65	59,92
711,84	32,27
712,03	24,90
712,22	95,15
712,41	46,20
712,60	74,46
712,79	55,21
712,98	41,70
713,17	48,45
713,36	89,41
713,55	69,34
713,75	72,62
713,94	46,20
714,13	73,85
714,32	85,73
714,51	82,25
714,70	74,46
714,89	52,55
715,08	38,62
715,27	71,80
715,46	16,30
715,65	91,26
715,84	36,37
716,03	6,88
716,22	51,94
716,41	73,23
716,60	41,49
716,79	58,69
716,99	60,54
717,18	55,21
717,37	77,53
717,56	35,96
717,75	36,58
717,94	75,28
718,13	94,53
718,32	69,96
718,51	29,41
718,70	28,59
718,89	48,04
719,08	51,73
719,27	48,45
719,46	52,55
719,65	74,87
719,84	39,44
720,03	61,97
720,22	51,32
720,41	41,49
720,60	29,82
720,79	21,63
720,98	26,34
721,17	20,19
721,36	17,73
721,55	95,35
721,74	68,93
721,93	33,09
722,12	41,08
722,31	69,14
722,50	44,77
722,69	32,07
722,88	48,25
723,07	56,44
723,26	75,90
723,45	62,58
723,64	51,53
723,83	28,18
724,02	88,80
724,21	47,84
724,40	69,34
724,59	49,89
724,78	62,18
724,97	35,96
725,16	38,01
725,35	13,02
725,54	41,70
725,73	65,45
725,92	72,01
726,11	72,01
726,30	57,46
726,49	67,30
726,68	102,11
726,87	32,48
727,06	43,13
727,25	76,92
727,43	64,22
727,62	70,37
727,81	46,61
728,00	53,98
728,19	91,46
728,38	79,79
728,57	59,31
728,76	51,32
728,95	89,82
729,14	92,28
729,33	63,20
729,52	67,30
729,71	85,32
729,90	32,27
730,09	46,41
730,28	92,89
730,47	72,21
730,65	19,17
730,84	28,38
731,03	91,46
731,22	62,99
731,41	38,42
731,60	27,15
731,79	52,55
731,98	48,66
732,17	48,86
732,36	105,39
732,55	39,24
732,74	51,12
732,92	47,63
733,11	55,21
733,30	32,27
733,49	23,26
733,68	3,40
733,87	29,00
734,06	8,11
734,25	19,17
734,44	98,22
734,63	94,94
734,81	57,67
735,00	55,42
735,19	45,59
735,38	45,18
735,57	74,46
735,76	42,72
735,95	66,68
736,14	77,94
736,33	49,89
736,51	13,02
736,70	56,24
736,89	21,63
737,08	31,46
737,27	66,48
737,46	68,73
737,65	8,72
737,83	33,71
738,02	22,85
738,21	39,65
738,40	58,69
738,59	58,08
738,78	17,32
738,97	18,55
739,16	87,98
739,34	26,95
739,53	53,37
739,72	26,34
739,91	44,77
740,10	48,04
740,29	78,76
740,47	103,13
740,66	66,89
740,85	20,60
741,04	16,10
741,23	-1,52
741,42	53,98
741,60	53,78
741,79	70,16
741,98	18,55
742,17	22,24
742,36	44,15
742,55	54,80
742,73	13,23
742,92	22,85
743,11	38,42
743,30	16,71
743,49	82,25
743,68	11,80
743,86	40,06
744,05	23,67
744,24	67,70
744,43	32,68
744,62	57,46
744,80	49,48
744,99	21,22
745,18	76,92
745,37	11,59
745,56	32,07
745,74	64,84
745,93	59,72
746,12	39,44
746,31	16,51
746,50	29,82
746,68	43,74
746,87	37,80
747,06	50,30
747,25	64,22
747,44	110,92
747,62	34,73
747,81	34,32
748,00	51,73
748,19	60,13
748,37	44,36
748,56	55,62
748,75	21,83
748,94	52,75
749,13	42,72
749,31	2,58
749,50	52,55
749,69	8,72
749,88	42,10
750,06	32,27
750,25	34,94
750,44	40,47
750,63	49,68
750,81	60,95
751,00	57,06
751,19	21,22
751,38	23,67
751,56	43,95
751,75	57,06
751,94	31,05
752,13	22,03
752,31	73,44
752,50	29,00
752,69	49,68
752,88	36,37
753,06	69,14
753,25	11,80
753,44	19,58
753,63	28,38
753,81	22,65
754,00	31,25
754,19	69,55
754,37	21,01
754,56	41,90
754,75	16,51
754,94	6,68
755,12	26,75
755,31	31,87
755,50	48,45
755,69	49,68
755,87	9,95
756,06	26,34
756,25	-0,49
756,43	54,60
756,62	-18,11
756,81	52,75
756,99	32,07
757,18	34,53
757,37	60,95
757,56	25,11
757,74	30,64
757,93	33,91
758,12	70,57
758,30	35,35
758,49	0,74
758,68	106,00
758,86	0,53
759,05	18,35
759,24	24,49
759,42	58,28
759,61	64,43
759,80	33,50
759,99	50,09
760,17	26,34
760,36	24,49
760,55	8,72
760,73	67,91
760,92	13,43
761,11	63,40
761,29	62,99
761,48	65,25
761,67	47,63
761,85	57,46
762,04	25,72
762,23	58,90
762,41	26,75
762,60	9,75
762,79	22,44
762,97	46,00
763,16	22,03
763,34	15,89
763,53	25,93
763,72	17,94
763,90	47,02
764,09	43,54
764,28	75,08
764,46	35,14
764,65	66,68
764,84	41,70
765,02	18,55
765,21	6,27
765,40	51,53
765,58	96,17
765,77	78,35
765,95	53,37
766,14	26,34
766,33	22,03
766,51	66,68
766,70	29,82
766,89	53,98
767,07	58,28
767,26	96,17
767,44	44,15
767,63	22,24
767,82	25,72
768,00	50,50
768,19	35,35
768,37	35,55
768,56	34,53
768,75	31,05
768,93	44,77
769,12	29,20
769,30	49,68
769,49	44,97
769,68	36,99
769,86	52,34
770,05	42,72
770,23	49,27
770,42	23,67
770,61	43,74
770,79	71,60
770,98	68,52
771,16	45,79
771,35	31,46
771,54	15,69
771,72	48,66
771,91	35,35
772,09	47,02
772,28	63,61
772,46	27,97
772,65	51,53
772,84	51,32
773,02	75,69
773,21	60,54
773,39	57,26
773,58	36,58
773,76	17,32
773,95	46,41
774,13	14,46
774,32	76,72
774,51	29,41
774,69	77,74
774,88	48,45
775,06	80,61
775,25	31,25
775,43	54,19
775,62	70,37
775,80	11,59
775,99	62,38
776,18	21,42
776,36	49,48
776,55	25,11
776,73	72,01
776,92	53,57
777,10	46,41
777,29	45,18
777,47	33,50
777,66	75,49
777,84	41,29
778,03	94,33
778,21	55,42
778,40	60,95
778,58	37,19
778,77	62,58
778,95	73,85
779,14	62,99
779,33	24,49
779,51	50,91
779,70	26,95
779,88	33,71
780,07	62,58
780,25	53,16
780,44	31,46
780,62	46,20
780,81	20,19
780,99	36,58
781,18	22,85
781,36	31,87
781,55	29,82
781,73	43,74
781,92	46,41
782,10	53,16
782,29	75,49
782,47	41,90
782,66	72,01
782,84	64,02
783,03	72,21
783,21	41,49
783,39	26,13
783,58	49,48
783,76	49,68
783,95	51,73
784,13	57,06
784,32	44,56
784,50	8,11
784,69	60,33
784,87	61,97
785,06	64,43
785,24	84,50
785,43	26,13
785,61	46,82
785,80	89,82
785,98	29,41
786,17	68,11
786,35	35,76
786,53	35,14
786,72	10,16
786,90	32,89
787,09	33,09
787,27	56,24
787,46	43,54
787,64	48,86
787,83	63,20
788,01	20,60
788,19	53,57
788,38	41,29
788,56	58,28
788,75	25,52
788,93	22,24
789,12	61,77
789,30	66,48
789,49	68,52
789,67	91,87
789,85	79,58
790,04	50,30
790,22	71,39
790,41	19,78
790,59	59,10
790,77	44,97
790,96	52,14
791,14	35,14
791,33	47,02
791,51	60,13
791,70	37,80
791,88	22,65
792,06	37,19
792,25	53,16
792,43	44,97
792,62	80,61
792,80	72,41
792,98	53,16
793,17	65,86
793,35	72,21
793,54	36,17
793,72	87,77
793,90	68,11
794,09	77,13
794,27	77,33
794,46	36,58
794,64	38,21
794,82	24,29
795,01	48,04
795,19	58,28
795,37	65,86
795,56	64,43
795,74	44,56
795,93	39,44
796,11	65,45
796,29	51,32
796,48	70,16
796,66	67,70
796,84	55,42
797,03	62,58
797,21	89,00
797,40	25,11
797,58	18,55
797,76	48,45
797,95	53,57
798,13	30,23
798,31	46,41
798,50	40,67
798,68	49,07
798,86	57,46
799,05	73,44
799,23	73,23
799,42	55,83
799,60	49,68
799,78	47,22
799,97	59,92
800,15	52,14
800,33	61,56
800,52	69,14
800,70	56,03
800,88	49,07
801,07	55,21
801,25	50,30
801,43	53,57
801,62	53,37
801,80	52,14
801,98	49,68
802,17	111,33
802,35	82,86
802,53	65,45
802,72	50,71
802,90	29,82
803,08	33,30
803,26	67,30
803,45	85,93
803,63	52,75
803,81	77,13
804,00	46,82
804,18	47,22
804,36	66,27
804,55	53,16
804,73	61,15
804,91	25,72
805,10	45,38
805,28	9,95
805,46	53,98
805,64	74,26
805,83	68,93
806,01	66,89
806,19	50,30
806,38	27,77
806,56	101,09
806,74	59,31
806,92	63,20
807,11	73,44
807,29	51,12
807,47	31,66
807,66	45,59
807,84	84,70
808,02	77,74
808,20	31,66
808,39	35,96
808,57	51,53
808,75	37,80
808,94	94,74
809,12	62,58
809,30	91,46
809,48	33,71
809,67	87,98
809,85	69,34
810,03	58,08
810,21	24,08
810,40	85,11
810,58	51,32
810,76	91,46
810,94	26,54
811,13	59,10
811,31	106,82
811,49	63,40
811,67	71,19
811,86	68,93
812,04	77,74
812,22	83,06
812,40	55,62
812,59	84,29
812,77	65,25
812,95	80,20
813,13	43,54
813,32	87,98
813,50	53,57
813,68	52,75
813,86	26,13
814,04	38,21
814,23	56,85
814,41	59,51
814,59	37,39
814,77	81,84
814,96	55,62
815,14	59,72
815,32	54,80
815,50	41,49
815,68	63,20
815,87	60,54
816,05	27,56
816,23	42,10
816,41	64,63
816,59	69,55
816,78	62,99
816,96	22,03
817,14	96,38
817,32	75,69
817,50	104,77
817,69	21,63
817,87	60,33
818,05	69,55
818,23	92,89
818,41	90,23
818,60	79,79
818,78	60,13
818,96	68,73
819,14	45,38
819,32	49,27
819,51	39,65
819,69	76,31
819,87	78,35
820,05	23,67
820,23	91,26
820,41	51,53
820,60	68,73
820,78	64,43
820,96	73,85
821,14	10,98
821,32	35,96
821,50	18,35
821,69	74,46
821,87	54,80
822,05	78,15
822,23	73,03
822,41	73,64
822,59	33,30
822,78	46,20
822,96	69,55
823,14	50,71
823,32	47,63
823,50	90,23
823,68	65,04
823,86	59,51
824,05	43,33
824,23	35,55
824,41	56,24
824,59	85,32
824,77	50,09
824,95	11,80
825,13	40,06
825,32	83,47
825,50	39,44
825,68	29,82
825,86	21,01
826,04	62,79
826,22	14,46
826,40	53,16
826,58	40,88
826,77	46,82
826,95	62,18
827,13	37,19
827,31	46,61
827,49	42,10
827,67	49,48
827,85	51,94
828,03	22,65
828,22	45,18
828,40	41,08
828,58	38,01
828,76	36,99
828,94	58,90
829,12	90,03
829,30	28,79
829,48	50,71
829,66	71,60
829,84	65,25
830,03	49,07
830,21	37,19
830,39	77,74
830,57	84,29
830,75	93,10
830,93	6,88
831,11	17,73
831,29	74,05
831,47	43,33
831,65	26,75
831,83	52,34
832,02	20,40
832,20	44,97
832,38	50,09
832,56	-11,35
832,74	28,59
832,92	31,87
833,10	54,39
833,28	20,19
833,46	51,53
833,64	78,56
833,82	73,44
834,00	36,17
834,18	31,05
834,36	70,57
834,54	15,07
834,73	94,33
834,91	14,25
835,09	35,96
835,27	62,18
835,45	81,84
835,63	10,77
835,81	56,85
835,99	32,89
836,17	55,42
836,35	37,80
836,53	38,42
836,71	67,70
836,89	68,52
837,07	40,47
837,25	32,07
837,43	43,33
837,61	57,46
837,79	75,49
837,97	78,35
838,15	33,50
838,33	57,67
838,51	60,54
838,69	56,85
838,87	21,01
839,05	29,41
839,23	53,78
839,41	9,95
839,59	29,61
839,78	35,96
839,96	56,03
840,14	44,15
840,32	16,91
840,50	27,97
840,68	76,72
840,86	36,37
841,04	48,86
841,22	41,29
841,40	75,08
841,58	85,52
841,76	40,26
841,94	22,24
842,12	26,54
842,30	50,30
842,48	58,28
842,66	21,22
842,84	27,15
843,02	40,47
843,20	25,11
843,38	62,99
843,55	40,06
843,73	94,94
843,91	59,92
844,09	66,48
844,27	56,65
844,45	35,96
844,63	40,26
844,81	55,62
844,99	37,39
845,17	63,20
845,35	42,72
845,53	26,13
845,71	42,10
845,89	37,19
846,07	72,01
846,25	17,94
846,43	47,02
846,61	62,99
846,79	32,89
846,97	26,34
847,15	37,19
847,33	27,36
847,51	42,92
847,69	38,83
847,87	20,60
848,05	46,82
848,23	43,54
848,41	76,92
848,58	44,77
848,76	72,21
848,94	11,59
849,12	26,34
849,30	49,68
849,48	21,42
849,66	9,34
849,84	43,74
850,02	36,99
850,20	76,31
850,38	36,78
850,56	7,29
850,74	37,39
850,92	50,91
851,10	19,78
851,27	35,35
851,45	24,90
851,63	99,04
851,81	50,91
851,99	76,31
852,17	54,60
852,35	50,09
852,53	85,93
852,71	28,18
852,89	83,88
853,07	35,96
853,24	50,50
853,42	36,58
853,60	79,17
853,78	50,91
853,96	24,29
854,14	-2,54
854,32	35,14
854,50	58,28
854,68	63,61
854,86	65,45
855,03	-16,26
855,21	-1,93
855,39	96,38
855,57	41,70
855,75	30,84
855,93	110,10
856,11	27,97
856,29	86,34
856,47	28,38
856,64	44,15
856,82	31,25
857,00	50,50
857,18	70,98
857,36	72,41
857,54	13,02
857,72	31,66
857,90	24,70
858,07	50,71
858,25	46,41
858,43	15,69
858,61	84,91
858,79	14,05
858,97	38,42
859,15	54,19
859,32	33,09
859,50	92,49
859,68	66,89
859,86	62,18
860,04	29,00
860,22	45,59
860,40	38,62
860,57	35,55
860,75	57,06
860,93	48,86
861,11	58,28
861,29	79,58
861,47	13,23
861,64	98,83
861,82	23,67
862,00	54,19
862,18	46,00
862,36	44,77
862,54	21,01
862,71	58,90
862,89	74,26
863,07	68,32
863,25	18,55
863,43	45,18
863,61	51,53
863,78	55,42
863,96	57,67
864,14	32,27
864,32	111,74
864,50	35,55
864,67	25,31
864,85	53,37
865,03	89,21
865,21	58,08
865,39	40,47
865,57	24,49
865,74	88,39
865,92	66,89
866,10	68,93
866,28	53,98
866,46	29,41
866,63	93,92
866,81	70,37
866,99	111,53
867,17	51,94
867,34	61,97
867,52	40,06
867,70	49,07
867,88	73,23
868,06	54,39
868,23	51,53
868,41	100,47
868,59	68,73
868,77	39,44
868,95	52,55
869,12	78,76
869,30	91,46
869,48	84,29
869,66	70,98
869,83	68,93
870,01	72,21
870,19	69,55
870,37	53,78
870,55	79,99
870,72	87,77
870,90	86,14
871,08	37,39
871,26	100,06
871,43	100,88
871,61	75,28
871,79	81,84
871,97	82,45
872,14	181,16
872,32	83,68
872,50	90,64
872,68	114,81
872,85	121,77
873,03	109,48
873,21	112,56
873,39	93,71
873,56	95,97
873,74	160,07
873,92	146,76
874,10	140,00
874,27	132,83
874,45	161,30
874,63	190,58
874,80	256,12
874,98	334,55
875,16	411,15
875,34	576,62
875,51	727,15
875,69	941,37
875,87	1168,69
876,05	1520,94
876,22	1839,20
876,40	2299,99
876,58	2895,13
876,75	3390,33
876,93	4086,84
877,11	4815,72
877,29	5474,96
877,46	6421,94
877,64	7322,43
877,82	8344,98
877,99	9514,37
878,17	10766,29
878,35	12124,92
878,52	13592,29
878,70	15087,51
878,88	16538,49
879,06	18229,09
879,23	19891,63
879,41	21574,86
879,59	23222,65
879,76	24857,14
879,94	26864,56
880,12	28649,98
880,29	30752,01
880,47	32890,50
880,65	34743,30
880,82	36531,38
881,00	38405,47
881,18	39743,00
881,36	41598,67
881,53	43145,09
881,71	44955,70
881,89	47119,38
882,06	48308,02
882,24	49710,26
882,42	51271,22
882,59	52267,77
882,77	52870,07
882,95	53709,95
883,12	54373,28
883,30	55029,86
883,48	55563,15
883,65	55552,50
883,83	55593,26
884,01	55436,18
884,18	55179,16
884,36	53987,65
884,54	53296,46
884,71	53153,72
884,89	51859,81
885,06	50846,48
885,24	49760,64
885,42	48150,53
885,59	46617,42
885,77	45139,81
885,95	43414,40
886,12	41901,15
886,30	40235,13
886,48	38494,56
886,65	36841,85
886,83	34441,22
887,01	32620,37
887,18	30968,89
887,36	29282,80
887,53	26711,57
887,71	24771,94
887,89	22699,60
888,06	20888,99
888,24	19031,28
888,42	17572,10
888,59	15634,93
888,77	14216,30
888,94	12416,14
889,12	10999,15
889,30	9923,76
889,47	8528,27
889,65	7451,04
889,82	6363,57
890,00	5306,41
890,18	4490,09
890,35	3736,85
890,53	3053,23
890,71	2443,35
890,88	1984,60
891,06	1569,68
891,23	1238,32
891,41	1022,26
891,59	820,74
891,76	679,02
891,94	526,86
892,11	421,59
892,29	384,12
892,46	386,37
892,64	268,20
892,82	288,89
892,99	223,35
893,17	253,46
893,34	244,85
893,52	232,77
893,70	203,08
893,87	187,92
894,05	226,83
894,22	185,26
894,40	188,94
894,57	191,20
894,75	216,39
894,93	186,49
895,10	211,88
895,28	194,47
895,45	186,69
895,63	211,06
895,80	165,80
895,98	177,68
896,16	171,33
896,33	185,26
896,51	152,70
896,68	210,24
896,86	179,93
897,03	161,30
897,21	122,18
897,38	129,35
897,56	131,40
897,74	213,11
897,91	185,26
898,09	127,71
898,26	162,53
898,44	152,49
898,61	155,15
898,79	113,99
898,96	144,91
899,14	141,84
899,31	148,19
899,49	120,75
899,67	146,14
899,84	155,77
900,02	110,30
900,19	151,26
900,37	162,73
900,54	161,09
900,72	106,62
900,89	112,96
901,07	146,76
901,24	133,24
901,42	104,77
901,59	125,25
901,77	185,05
901,94	175,22
902,12	123,41
902,29	154,13
902,47	155,97
902,64	136,31
902,82	128,12
902,99	149,42
903,17	137,75
903,34	211,47
903,52	161,91
903,69	130,17
903,87	119,11
904,04	144,71
904,22	164,16
904,39	161,30
904,57	164,37
904,74	117,27
904,92	153,72
905,09	162,53
905,27	143,68
905,44	197,75
905,62	130,37
905,79	170,10
905,97	137,34
906,14	179,73
906,32	151,47
906,49	148,19
906,67	128,53
906,84	173,58
907,02	116,65
907,19	198,98
907,37	140,20
907,54	136,93
907,72	189,15
907,89	135,29
908,06	116,86
908,24	150,85
908,41	172,56
908,59	153,31
908,76	121,36
908,94	165,80
909,11	182,60
909,29	107,44
909,46	184,44
909,64	136,93
909,81	130,78
909,99	121,77
910,16	113,17
910,33	113,58
910,51	132,42
910,68	105,59
910,86	117,68
911,03	77,74
911,21	100,27
911,38	112,76
911,56	96,99
911,73	84,09
911,90	121,16
912,08	60,95
912,25	112,96
912,43	87,98
912,60	113,78
912,78	103,75
912,95	91,67
913,12	111,74
913,30	101,29
913,47	97,60
913,65	124,84
913,82	62,18
914,00	93,10
914,17	68,32
914,34	98,63
914,52	72,21
914,69	72,01
914,87	87,16
915,04	87,37
915,21	41,29
915,39	63,81
915,56	82,65
915,74	55,62
915,91	81,02
916,08	91,05
916,26	74,26
916,43	36,17
916,61	40,26
916,78	75,69
916,95	72,01
917,13	107,03
917,30	43,95
917,48	75,90
917,65	25,52
917,82	80,20
918,00	53,57
918,17	51,94
918,35	55,21
918,52	67,91
918,69	79,58
918,87	74,87
919,04	62,58
919,22	57,67
919,39	99,86
919,56	70,98
919,74	98,42
919,91	95,15
920,08	58,69
920,26	54,60
920,43	69,34
920,61	67,91
920,78	41,29
920,95	69,75
921,13	60,54
921,30	40,47
921,47	62,79
921,65	91,67
921,82	48,86
921,99	50,71
922,17	80,20
922,34	69,55
922,51	11,39
922,69	33,09
922,86	59,10
923,04	43,33
923,21	8,11
923,38	42,31
923,56	91,67
923,73	57,06
923,90	49,07
924,08	38,62
924,25	15,89
924,42	40,67
924,60	20,19
924,77	65,04
924,94	64,43
925,12	65,66
925,29	71,39
925,46	22,24
925,64	66,68
925,81	106,62
925,98	56,65
926,16	44,77
926,33	51,32
926,50	31,87
926,68	12,82
926,85	19,37
927,02	46,82
927,19	38,21
927,37	79,99
927,54	61,77
927,71	35,14
927,89	71,80
928,06	27,56
928,23	51,73
928,41	68,73
928,58	65,45
928,75	59,31
928,93	20,60
929,10	34,73
929,27	48,45
929,44	54,19
929,62	36,78
929,79	48,66
929,96	77,94
930,14	31,05
930,31	92,49
930,48	56,85
930,66	115,22
930,83	34,32
931,00	54,19
931,17	66,27
931,35	6,88
931,52	50,91
931,69	90,23
931,87	31,87
932,04	28,38
932,21	65,86
932,38	56,65
932,56	72,21
932,73	39,03
932,90	78,76
933,07	65,66
933,25	43,13
933,42	22,65
933,59	79,38
933,77	48,04
933,94	31,05
934,11	87,16
934,28	46,20
934,46	72,21
934,63	47,22
934,80	34,94
934,97	46,00
935,15	18,55
935,32	73,23
935,49	70,78
935,66	53,78
935,84	62,58
936,01	60,33
936,18	29,41
936,35	11,39
936,53	101,70
936,70	70,98
936,87	55,42
937,04	54,80
937,22	62,99
937,39	74,67
937,56	73,23
937,73	42,51
937,91	45,79
938,08	42,10
938,25	33,30
938,42	44,36
938,59	56,03
938,77	41,90
938,94	40,26
939,11	-2,13
939,28	22,65
939,46	34,94
939,63	6,47
939,80	44,77
939,97	29,20
940,14	38,21
940,32	38,83
940,49	32,27
940,66	79,58
940,83	77,94
941,00	23,67
941,18	53,57
941,35	28,59
941,52	52,14
941,69	46,20
941,87	33,30
942,04	49,07
942,21	27,15
942,38	53,16
942,55	52,14
942,73	61,36
942,90	41,90
943,07	28,38
943,24	42,10
943,41	10,77
943,58	47,43
943,76	38,62
943,93	54,19
944,10	46,61
944,27	77,13
944,44	5,86
944,62	91,87
944,79	-6,23
944,96	46,20
945,13	54,19
945,30	19,58
945,47	37,60
945,65	32,07
945,82	18,14
945,99	33,30
946,16	52,14
946,33	36,78
946,50	38,21
946,68	53,98
946,85	49,68
947,02	66,68
947,19	46,00
947,36	25,93
947,53	58,28
947,71	61,77
947,88	18,96
948,05	43,95
948,22	17,53
948,39	7,29
948,56	36,17
948,74	22,65
948,91	53,16
949,08	61,15
949,25	-8,48
949,42	29,41
949,59	14,05
949,76	72,82
949,94	36,37
950,11	-13,19
950,28	47,02
950,45	35,35
950,62	-2,34
950,79	67,50
950,96	20,81
951,14	35,14
951,31	33,71
951,48	3,81
951,65	49,27
951,82	46,82
951,99	34,94
952,16	61,36
952,33	41,90
952,51	53,37
952,68	26,13
952,85	43,74
953,02	42,72
953,19	58,90
953,36	62,38
953,53	29,00
953,70	36,99
953,87	51,53
954,05	31,25
954,22	39,24
954,39	31,46
954,56	9,13
954,73	61,77
954,90	12,61
955,07	19,37
955,24	41,49
955,41	43,95
955,58	68,52
955,76	26,13
955,93	18,14
956,10	28,79
956,27	68,32
956,44	-1,72
956,61	51,53
956,78	40,06
956,95	75,69
957,12	18,35
957,29	44,36
957,46	33,50
957,64	22,65
957,81	65,04
957,98	60,13
958,15	-1,72
958,32	12,61
958,49	37,19
958,66	25,52
958,83	56,65
959,00	53,78
959,17	6,88
959,34	56,85
959,51	45,38
959,68	97,40
959,85	42,51
960,03	32,48
960,20	-27,73
960,37	79,58
960,54	63,61
960,71	25,31
960,88	77,13
961,05	52,34
961,22	15,07
961,39	27,97
961,56	116,65
961,73	50,50
961,90	16,10
962,07	39,03
962,24	27,97
962,41	52,14
962,58	33,91
962,75	58,49
962,92	40,47
963,09	-3,16
963,26	17,53
963,44	54,60
963,61	9,34
963,78	10,16
963,95	53,98
964,12	53,37
964,29	-4,59
964,46	29,82
964,63	27,36
964,80	49,07
964,97	40,06
965,14	54,39
965,31	42,92
965,48	8,11
965,65	9,75
965,82	19,17
965,99	12,20
966,16	36,99
966,33	41,08
966,50	28,38
966,67	31,25
966,84	20,81
967,01	42,72
967,18	45,38
967,35	44,56
967,52	31,87
967,69	12,41
967,86	16,51
968,03	70,78
968,20	5,24
968,37	33,91
968,54	51,53
968,71	54,39
968,88	51,94
969,05	35,35
969,22	55,21
969,39	18,55
969,56	86,55
969,73	44,36
969,90	23,26
970,07	42,92
970,24	40,47
970,41	22,24
970,58	72,01
970,75	51,53
970,92	30,64
971,09	31,87
971,26	18,96
971,43	12,82
971,60	101,50
971,77	20,19
971,94	40,88
972,11	38,62
972,28	22,24
972,45	8,11
972,62	8,93
972,79	57,67
972,96	48,66
973,12	19,99
973,29	52,96
973,46	35,96
973,63	-18,72
973,80	50,30
973,97	16,30
974,14	44,15
974,31	-0,08
974,48	29,41
974,65	25,52
974,82	18,35
974,99	-5,20
975,16	28,79
975,33	57,06
975,50	53,37
975,67	54,60
975,84	38,42
976,01	30,43
976,18	27,97
976,35	9,34
976,51	59,72
976,68	47,84
976,85	58,08
977,02	29,61
977,19	35,96
977,36	21,63
977,53	-7,25
977,70	59,51
977,87	29,82
978,04	47,43
978,21	9,95
978,38	38,21
978,55	27,77
978,72	1,96
978,88	45,18
979,05	24,49
979,22	34,73
979,39	-7,66
979,56	28,59
979,73	32,68
979,90	54,80
980,07	75,08
980,24	-5,82
980,41	36,78
980,58	57,46
980,75	55,62
980,91	14,05
981,08	38,01
981,25	47,22
981,42	69,55
981,59	30,43
981,76	30,64
981,93	34,53
982,10	16,71
982,27	32,68
982,44	29,82
982,60	55,42
982,77	39,65
982,94	69,14
983,11	40,88
983,28	36,99
983,45	36,58
983,62	8,72
983,79	47,63
983,95	34,12
984,12	22,65
984,29	9,95
984,46	11,39
984,63	37,80
984,80	64,02
984,97	60,33
985,14	60,13
985,30	34,73
985,47	61,56
985,64	54,60
985,81	37,60
985,98	-6,23
986,15	51,94
986,32	10,16
986,49	16,91
986,65	33,91
986,82	14,46
986,99	57,46
987,16	35,14
987,33	19,99
987,50	60,13
987,67	25,52
987,83	14,66
988,00	64,22
988,17	41,49
988,34	47,84
988,51	44,77
988,68	31,25
988,84	49,48
989,01	15,28
989,18	46,41
989,35	37,60
989,52	10,98
989,69	34,94
989,86	33,91
990,02	53,37
990,19	50,30
990,36	-9,30
990,53	108,25
990,70	33,71
990,87	81,43
991,03	58,90
991,20	-15,65
991,37	24,29
991,54	12,41
991,71	24,49
991,87	29,00
992,04	22,24
992,21	71,60
992,38	65,04
992,55	48,86
992,72	27,97
992,88	37,39
993,05	15,48
993,22	44,15
993,39	42,10
993,56	40,88
993,72	58,28
993,89	46,82
994,06	35,96
994,23	42,92
994,40	47,43
994,56	21,83
994,73	33,30
994,90	45,59
995,07	10,57
995,24	51,12
995,40	50,71
995,57	58,28
995,74	40,88
995,91	16,71
996,08	44,15
996,24	66,89
996,41	64,02
996,58	33,71
996,75	0,33
996,92	42,72
997,08	43,54
997,25	32,07
997,42	44,56
997,59	53,37
997,75	57,87
997,92	82,45
998,09	16,10
998,26	16,30
998,43	19,37
998,59	47,43
998,76	21,22
998,93	38,42
999,10	49,89
999,26	22,03
999,43	29,20
999,60	35,14
999,77	55,01
999,93	9,95
1000,10	25,93
1000,27	32,89
1000,44	35,76
1000,60	27,97
1000,77	39,24
1000,94	12,41
1001,11	60,33
1001,28	36,78
1001,44	46,20
1001,61	12,00
1001,78	13,64
1001,95	48,66
1002,11	15,69
1002,28	73,23
1002,45	35,14
1002,61	29,82
1002,78	44,97
1002,95	90,85
1003,12	24,70
1003,28	42,92
1003,45	15,28
1003,62	12,61
1003,79	-8,48
1003,95	32,68
1004,12	26,75
1004,29	24,70
1004,46	45,18
1004,62	45,79
1004,79	0,12
1004,96	33,71
1005,12	64,63
1005,29	4,22
1005,46	58,28
1005,63	51,12
1005,79	19,58
1005,96	61,56
1006,13	30,43
1006,29	5,04
1006,46	8,72
1006,63	53,78
1006,80	47,02
1006,96	21,83
1007,13	41,08
1007,30	55,01
1007,46	65,45
1007,63	9,54
1007,80	38,42
1007,97	37,80
1008,13	5,04
1008,30	12,41
1008,47	56,44
1008,63	47,84
1008,80	59,10
1008,97	29,20
1009,13	19,78
1009,30	26,75
1009,47	13,23
1009,64	29,61
1009,80	34,73
1009,97	58,69
1010,14	25,52
1010,30	45,18
1010,47	27,97
1010,64	33,50
1010,80	41,70
1010,97	16,91
1011,14	10,77
1011,30	88,80
1011,47	33,71
1011,64	78,15
1011,80	54,60
1011,97	23,06
1012,14	35,35
1012,30	24,08
1012,47	31,25
1012,64	61,36
1012,80	40,88
1012,97	63,40
1013,14	19,37
1013,30	61,97
1013,47	47,02
1013,64	46,61
1013,80	38,01
1013,97	16,51
1014,14	9,75
1014,30	22,85
1014,47	53,78
1014,64	47,84
1014,80	30,02
1014,97	2,99
1015,14	49,27
1015,30	59,31
1015,47	39,85
1015,64	52,96
1015,80	31,46
1015,97	39,85
1016,13	43,13
1016,30	41,29
1016,47	28,18
1016,63	37,80
1016,80	-0,08
1016,97	49,48
1017,13	1,76
1017,30	49,48
1017,47	27,97
1017,63	47,84
1017,80	43,13
1017,96	22,03
1018,13	77,74
1018,30	60,95
1018,46	17,94
1018,63	32,89
1018,80	30,84
1018,96	58,08
1019,13	38,21
1019,29	27,15
1019,46	48,25
1019,63	31,87
1019,79	13,64
1019,96	50,50
1020,13	32,48
1020,29	41,08
1020,46	59,72
1020,62	45,79
1020,79	76,10
1020,96	54,60
1021,12	49,68
1021,29	51,32
1021,45	48,66
1021,62	43,54
1021,79	9,75
1021,95	50,50
1022,12	61,36
1022,28	19,99
1022,45	53,57
1022,62	67,70
1022,78	56,24
1022,95	55,21
1023,11	84,29
1023,28	32,48
1023,45	34,73
1023,61	35,96
1023,78	43,33
1023,94	7,90
1024,11	29,00
1024,27	71,60
1024,44	47,43
1024,61	27,15
1024,77	25,52
1024,94	40,26
1025,10	29,20
1025,27	44,77
1025,43	38,01
1025,60	14,46
1025,77	62,18
1025,93	44,36
1026,10	19,58
1026,26	20,19
1026,43	32,07
1026,59	45,79
1026,76	6,27
1026,93	16,10
1027,09	41,90
1027,26	21,01
1027,42	42,10
1027,59	32,48
1027,75	36,17
1027,92	19,78
1028,08	37,80
1028,25	35,55
1028,42	57,06
1028,58	9,75
1028,75	40,47
1028,91	7,49
1029,08	88,39
1029,24	63,81
1029,41	22,85
1029,57	13,64
1029,74	36,99
1029,91	18,96
1030,07	0,74
1030,24	62,58
1030,40	11,18
1030,57	0,12
1030,73	69,96
1030,90	77,94
1031,06	63,40
1031,23	55,01
1031,39	32,27
1031,56	19,78
1031,72	45,79
1031,89	48,25
1032,05	44,56
1032,22	53,57
1032,38	29,00
1032,55	59,10
1032,72	37,19
1032,88	35,96
1033,05	24,90
1033,21	50,09
1033,38	-4,38
1033,54	5,65
1033,71	36,37
1033,87	64,22
1034,04	7,90
1034,20	46,20
1034,37	23,67
1034,53	43,13
1034,70	42,92
1034,86	14,25
1035,03	84,70
1035,19	37,60
1035,36	42,31
1035,52	3,60
1035,69	60,74
1035,85	59,10
1036,02	62,18
1036,18	43,54
1036,35	23,47
1036,51	87,16
1036,68	25,31
1036,84	11,80
1037,01	34,73
1037,17	42,51
1037,34	23,06
1037,50	38,01
1037,67	67,09
>>>>>Finisci Dati dello Spettro Elaborati<<<<<
