337.57	-301.63
337.79	-301.63
338.02	-301.63
338.24	-296.85
338.47	-305.04
338.69	214.80
338.92	142.78
339.14	286.48
339.36	600.84
339.59	289.55
339.81	159.51
340.04	533.60
340.26	573.20
340.49	233.92
340.71	316.86
340.93	532.58
341.16	432.57
341.38	140.05
341.61	384.10
341.83	872.54
342.05	584.46
342.28	460.22
342.50	439.74
342.73	501.52
342.95	805.30
343.17	355.09
343.40	381.03
343.62	459.87
343.85	614.50
344.07	329.83
344.29	319.93
344.52	410.38
344.74	719.28
344.97	404.92
345.19	382.05
345.41	707.00
345.64	623.37
345.86	685.49
346.08	690.27
346.31	560.57
346.53	565.00
346.76	700.85
346.98	896.09
347.20	1142.19
347.43	974.94
347.65	1071.88
347.87	1277.36
348.10	1605.71
348.32	2102.00
348.54	2154.57
348.77	2545.39
348.99	3304.16
349.21	3758.47
349.44	4069.08
349.66	4939.47
349.88	5761.38
350.11	6670.34
350.33	7240.02
350.55	8664.72
350.78	9775.06
351.00	11347.56
351.22	12507.39
351.45	13554.25
351.67	15063.26
351.89	16789.70
352.12	18280.62
352.34	20310.84
352.56	21577.50
352.79	22980.02
353.01	25446.12
353.23	26315.48
353.45	29815.80
353.68	31060.62
353.90	32222.16
354.12	33779.64
354.35	35342.24
354.57	36852.28
354.79	38841.20
355.01	39187.31
355.24	40590.16
355.46	41285.45
355.68	41774.91
355.91	43432.06
356.13	43972.38
356.35	44953.02
356.57	44889.87
356.80	43700.35
357.02	44557.76
357.24	44381.30
357.46	43632.42
357.69	42667.83
357.91	44117.11
358.13	42923.14
358.35	41629.17
358.58	40814.08
358.80	40449.20
359.02	38014.84
359.24	37148.21
359.47	35058.26
359.69	33617.51
359.91	32083.24
360.13	30268.40
360.36	28103.70
360.58	26711.76
360.80	24594.50
361.02	23079.69
361.25	21792.20
361.47	20331.32
361.69	18693.62
361.91	16573.63
362.13	15291.26
362.36	14248.85
362.58	12528.55
362.80	11340.73
363.02	9870.63
363.25	8978.74
363.47	7870.45
363.69	6985.73
363.91	6374.07
364.13	5293.76
364.36	4425.77
364.58	3607.94
364.80	3076.15
365.02	3028.37
365.24	2337.18
365.47	1686.95
365.69	1433.68
365.91	1322.75
366.13	1372.24
366.35	1111.13
366.57	1089.97
366.80	1224.11
367.02	1348.35
367.24	1164.72
367.46	1198.17
367.68	1393.75
367.90	1346.65
368.13	1311.49
368.35	1192.71
368.57	1634.04
368.79	1472.60
369.01	1282.48
369.23	1105.67
369.46	1299.54
369.68	1279.06
369.90	1008.39
370.12	1301.25
370.34	1137.41
370.56	1430.61
370.78	988.25
371.01	1171.54
371.23	1232.64
371.45	1213.19
371.67	951.39
371.89	1065.05
372.11	1478.74
372.33	993.03
372.56	1193.39
372.78	1293.06
373.00	1480.10
373.22	1428.22
373.44	1338.79
373.66	1246.29
373.88	1264.39
374.10	1203.97
374.32	1138.44
374.55	1252.78
374.77	1230.59
374.99	1483.18
375.21	1115.57
375.43	1275.31
375.65	1422.42
375.87	1458.26
376.09	1325.82
376.31	1218.31
376.53	1305.34
376.75	1412.18
376.98	1295.10
377.20	1358.93
377.42	1472.60
377.64	1324.80
377.86	1293.40
378.08	1369.51
378.30	1531.65
378.52	1493.76
378.74	1467.48
378.96	1423.10
379.18	1619.03
379.40	1833.04
379.62	1600.25
379.84	1480.79
380.07	2119.75
380.29	1708.45
380.51	1486.59
380.73	1782.52
380.95	1669.20
381.17	1791.05
381.39	1605.03
381.61	1611.86
381.83	1899.94
382.05	1903.69
382.27	1660.67
382.49	1835.43
382.71	1673.98
382.93	1979.81
383.15	1877.07
383.37	1680.81
383.59	1951.14
383.81	2197.92
384.03	1773.99
384.25	1859.66
384.47	1857.27
384.69	1984.93
384.91	1760.68
385.13	2016.33
385.35	1926.90
385.57	2211.57
385.79	1775.69
386.01	1579.77
386.23	1781.84
386.45	1954.89
386.67	1653.16
386.89	1638.14
387.11	1956.94
387.33	1831.67
387.55	1670.57
387.77	1652.13
387.99	1650.77
388.21	1429.59
388.43	1499.90
388.65	1502.63
388.87	1497.85
389.09	1481.13
389.31	1498.88
389.53	1277.70
389.75	1557.59
389.97	1324.12
390.19	1393.41
390.41	1143.21
390.63	1340.84
390.85	1246.98
391.07	1204.31
391.29	1275.99
391.51	1074.61
391.72	1271.89
391.94	1058.56
392.16	983.47
392.38	1211.14
392.60	1014.19
392.82	871.86
393.04	814.86
393.26	1068.46
393.48	1078.36
393.70	849.67
393.92	811.78
394.14	1223.77
394.36	940.12
394.58	1137.41
394.80	864.35
395.01	872.54
395.23	1155.50
395.45	755.12
395.67	822.02
395.89	1209.77
396.11	986.89
396.33	873.56
396.55	842.85
396.77	1210.80
396.99	1282.48
397.21	912.48
397.42	929.54
397.64	1023.07
397.86	899.51
398.08	902.92
398.30	801.20
398.52	1124.78
398.74	961.29
398.96	981.08
399.17	862.64
399.39	1123.42
399.61	1199.87
399.83	813.15
400.05	1101.91
400.27	1214.21
400.49	1129.56
400.71	814.51
400.92	919.99
401.14	1052.76
401.36	1210.80
401.58	1090.65
401.80	992.69
402.02	972.21
402.24	1224.79
402.45	752.05
402.67	1090.65
402.89	945.58
403.11	1226.50
403.33	942.17
403.55	790.96
403.76	889.95
403.98	1075.63
404.20	801.89
404.42	815.54
404.64	944.22
404.86	997.81
405.07	611.08
405.29	855.82
405.51	788.92
405.73	1023.75
405.95	761.27
406.17	838.41
406.38	812.47
406.60	825.78
406.82	757.17
407.04	771.85
407.26	1071.88
407.47	828.51
407.69	730.89
407.91	703.92
408.13	1041.16
408.35	1026.82
408.56	896.77
408.78	713.14
409.00	760.93
409.22	803.25
409.44	681.40
409.65	761.27
409.87	1029.55
410.09	1119.32
410.31	734.30
410.52	800.86
410.74	1232.98
410.96	808.71
411.18	704.27
411.40	882.78
411.61	888.24
411.83	954.46
412.05	665.70
412.27	570.47
412.48	769.12
412.70	829.53
412.92	592.31
413.14	701.19
413.35	680.71
413.57	776.63
413.79	652.73
414.01	719.97
414.22	899.16
414.44	958.21
414.66	869.47
414.87	738.40
415.09	923.06
415.31	866.06
415.53	790.28
415.74	892.00
415.96	1093.04
416.18	1223.77
416.40	900.87
416.61	895.41
416.83	981.42
417.05	693.00
417.26	683.44
417.48	708.02
417.70	1246.29
417.92	1064.03
418.13	858.20
418.35	875.61
418.57	1084.16
418.78	1111.81
419.00	918.28
419.22	971.87
419.43	1148.68
419.65	980.06
419.87	743.52
420.09	853.43
420.30	1077.68
420.52	705.63
420.74	700.17
420.95	815.88
421.17	1104.30
421.39	1099.52
421.60	805.64
421.82	943.54
422.04	1072.90
422.25	1200.90
422.47	823.05
422.69	914.18
422.90	840.46
423.12	1276.67
423.34	731.57
423.55	662.97
423.77	749.32
423.99	697.44
424.20	819.29
424.42	565.00
424.64	994.39
424.85	675.59
425.07	745.57
425.28	702.56
425.50	984.50
425.72	1442.56
425.93	897.46
426.15	830.90
426.37	792.67
426.58	1054.47
426.80	803.25
427.01	646.92
427.23	1057.88
427.45	1052.42
427.66	771.17
427.88	705.29
428.10	751.71
428.31	809.39
428.53	627.81
428.74	757.17
428.96	1079.39
429.18	714.85
429.39	633.61
429.61	777.31
429.82	875.95
430.04	1370.20
430.26	886.54
430.47	662.28
430.69	730.21
430.90	886.54
431.12	688.22
431.34	1010.10
431.55	811.44
431.77	1102.94
431.98	682.08
432.20	714.51
432.41	1006.68
432.63	959.58
432.85	811.10
433.06	655.46
433.28	1074.61
433.49	895.07
433.71	650.68
433.92	725.09
434.14	879.37
434.35	681.74
434.57	794.38
434.79	721.33
435.00	1135.36
435.22	1003.61
435.43	745.91
435.65	815.54
435.86	864.69
436.08	787.55
436.29	737.03
436.51	815.88
436.72	1139.12
436.94	1164.72
437.16	825.10
437.37	839.43
437.59	1155.84
437.80	1340.84
438.02	830.56
438.23	970.16
438.45	1486.59
438.66	795.06
438.88	1047.98
439.09	730.21
439.31	943.54
439.52	1193.73
439.74	730.21
439.95	1028.19
440.17	859.91
440.38	886.88
440.60	725.77
440.81	761.95
441.03	1031.94
441.24	748.30
441.46	776.97
441.67	773.56
441.89	1189.98
442.10	982.45
442.32	764.34
442.53	686.86
442.75	1134.68
442.96	928.18
443.18	903.60
443.39	818.61
443.61	936.37
443.82	1166.77
444.04	816.90
444.25	860.59
444.46	1084.85
444.68	1098.50
444.89	675.59
445.11	777.31
445.32	1282.82
445.54	1145.60
445.75	1003.27
445.97	1040.82
446.18	1617.66
446.40	903.26
446.61	753.76
446.82	951.39
447.04	1020.68
447.25	1094.75
447.47	854.45
447.68	879.37
447.90	966.06
448.11	952.41
448.32	865.71
448.54	1028.19
448.75	775.60
448.97	1108.40
449.18	905.31
449.40	783.11
449.61	844.89
449.82	622.69
450.04	840.80
450.25	787.21
450.47	750.00
450.68	1312.51
450.89	972.21
451.11	752.05
451.32	1038.43
451.54	1166.42
451.75	858.20
451.96	867.42
452.18	993.03
452.39	869.13
452.61	801.89
452.82	961.63
453.03	833.97
453.25	881.07
453.46	794.04
453.68	831.92
453.89	1188.61
454.10	1501.27
454.32	867.42
454.53	709.04
454.74	1184.51
454.96	982.79
455.17	822.71
455.39	745.23
455.60	1275.31
455.81	896.43
456.03	1012.83
456.24	887.90
456.45	903.26
456.67	791.30
456.88	724.06
457.09	1085.53
457.31	915.21
457.52	1134.00
457.73	1054.81
457.95	689.59
458.16	988.25
458.37	904.63
458.59	865.03
458.80	784.48
459.01	1130.93
459.23	1230.25
459.44	1018.97
459.65	1086.89
459.87	1249.71
460.08	883.80
460.29	914.18
460.51	825.10
460.72	1296.81
460.93	1066.41
461.15	994.74
461.36	1104.30
461.57	823.73
461.79	978.01
462.00	759.22
462.21	911.79
462.42	1416.28
462.64	1017.26
462.85	1016.58
463.06	955.82
463.28	1151.41
463.49	1303.64
463.70	1218.99
463.92	913.16
464.13	1137.75
464.34	1242.54
464.55	1135.70
464.77	965.72
464.98	1117.96
465.19	1038.77
465.40	1066.76
465.62	968.80
465.83	1451.09
466.04	1095.09
466.26	1086.55
466.47	911.79
466.68	1220.01
466.89	1245.27
467.11	1016.58
467.32	1017.26
467.53	1127.85
467.74	1130.58
467.96	1040.13
468.17	1031.94
468.38	1301.25
468.59	1174.62
468.81	967.43
469.02	1135.70
469.23	1429.93
469.44	1434.71
469.66	1092.01
469.87	1107.72
470.08	942.51
470.29	1287.94
470.50	1136.05
470.72	1097.82
470.93	1335.04
471.14	1035.70
471.35	1152.09
471.57	1228.55
471.78	1650.77
471.99	1060.61
472.20	1041.84
472.41	1254.15
472.63	1227.52
472.84	1174.96
473.05	1036.72
473.26	1154.14
473.47	1439.15
473.69	1255.17
473.90	1158.91
474.11	1299.20
474.32	1518.67
474.53	1394.43
474.75	1119.66
474.96	1121.37
475.17	1659.30
475.38	1188.27
475.59	1438.80
475.80	1042.18
476.02	1402.62
476.23	1387.26
476.44	1179.74
476.65	1114.20
476.86	1858.64
477.08	1614.25
477.29	1201.24
477.50	1296.13
477.71	1397.50
477.92	1539.84
478.13	1292.37
478.34	1367.47
478.56	1661.69
478.77	1422.08
478.98	1312.51
479.19	1424.81
479.40	1343.57
479.61	1634.38
479.83	1324.80
480.04	1383.85
480.25	1433.68
480.46	1591.04
480.67	1491.71
480.88	1372.93
481.09	1721.42
481.30	1522.43
481.52	1436.41
481.73	1305.69
481.94	1713.57
482.15	1612.88
482.36	1450.41
482.57	1505.02
482.78	1599.91
482.99	1608.79
483.21	1427.88
483.42	1415.93
483.63	1759.99
483.84	1557.93
484.05	1345.62
484.26	1441.19
484.47	1887.99
484.68	1879.46
484.89	1601.62
485.10	1479.76
485.32	1449.73
485.53	1687.29
485.74	1619.37
485.95	1679.78
486.16	1949.09
486.37	1953.53
486.58	1822.46
486.79	1688.31
487.00	1835.77
487.21	1969.91
487.42	1843.96
487.63	1904.72
487.85	2275.74
488.06	2092.79
488.27	2127.26
488.48	2029.64
488.69	2280.18
488.90	2230.00
489.11	2286.32
489.32	2351.17
489.53	2661.44
489.74	2532.76
489.95	2704.45
490.16	2650.86
490.37	2960.79
490.58	3064.21
490.79	2821.52
491.00	2757.01
491.21	3198.69
491.42	3374.13
491.63	3037.93
491.84	3139.64
492.06	3107.90
492.27	3203.81
492.48	3363.21
492.69	3246.48
492.90	3659.14
493.11	3869.06
493.32	3269.01
493.53	3230.44
493.74	3134.18
493.95	3245.45
494.16	3286.07
494.37	3137.94
494.58	3692.59
494.79	3308.94
495.00	3092.54
495.21	3101.07
495.42	3372.09
495.63	3166.27
495.84	3223.27
496.05	3131.79
496.26	3292.56
496.47	3478.24
496.68	3239.65
496.89	3065.57
497.10	3514.42
497.31	3355.70
497.52	3068.30
497.73	3088.10
497.94	3228.05
498.15	3295.29
498.36	3289.49
498.57	3237.94
498.78	3373.11
498.98	3196.64
499.19	3387.79
499.40	3306.89
499.61	3554.36
499.82	3271.39
500.03	3366.63
500.24	3348.19
500.45	3531.15
500.66	3724.68
500.87	3647.54
501.08	3534.90
501.29	3938.35
501.50	3853.02
501.71	3556.06
501.92	3729.12
502.13	3880.67
502.34	3893.29
502.55	4007.98
502.76	3992.28
502.97	4575.61
503.17	4629.20
503.38	4271.14
503.59	4465.02
503.80	4621.01
504.01	4606.33
504.22	4541.48
504.43	4760.27
504.64	4804.98
504.85	5123.10
505.06	5056.88
505.27	5160.65
505.48	5424.49
505.68	5518.70
505.89	5499.24
506.10	5601.64
506.31	5761.72
506.52	5872.66
506.73	5891.43
506.94	6099.98
507.15	6347.44
507.36	6174.39
507.57	6340.62
507.77	6390.79
507.98	6369.97
508.19	6581.94
508.40	6654.64
508.61	6619.14
508.82	6951.94
509.03	7127.72
509.24	7065.26
509.45	7081.64
509.65	7678.28
509.86	7721.97
510.07	7576.57
510.28	7920.97
510.49	8096.75
510.70	8219.29
510.91	8284.14
511.11	8236.35
511.32	9362.74
511.53	9102.30
511.74	9200.26
511.95	9425.54
512.16	9752.19
512.37	9967.91
512.57	10131.07
512.78	10411.98
512.99	11026.71
513.20	10823.96
513.41	11160.51
513.62	11290.22
513.82	11938.06
514.03	11670.11
514.24	12232.62
514.45	12336.39
514.66	12752.47
514.87	12764.75
515.07	13147.72
515.28	13065.81
515.49	13491.44
515.70	13602.03
515.91	13619.78
516.11	13763.82
516.32	14111.98
516.53	14385.38
516.74	14213.01
516.95	14708.62
517.16	15091.93
517.36	15453.40
517.57	15009.33
517.78	15010.69
517.99	15231.19
518.20	15585.83
518.40	15835.68
518.61	15941.49
518.82	15989.28
519.03	16595.14
519.23	16515.27
519.44	16569.54
519.65	17211.92
519.86	17310.22
520.07	17466.21
520.27	17885.36
520.48	18213.03
520.69	18276.18
520.90	18925.04
521.10	19289.92
521.31	19716.58
521.52	20306.06
521.73	20534.75
521.94	20686.30
522.14	21846.81
522.35	21798.34
522.56	22432.19
522.77	22896.74
522.97	22999.82
523.18	23714.22
523.39	24242.59
523.60	24206.76
523.80	24887.02
524.01	24961.43
524.22	25294.91
524.43	25579.24
524.63	26116.49
524.84	26417.20
525.05	26525.40
525.25	26656.81
525.46	27352.44
525.67	27664.07
525.88	27188.94
526.08	27490.33
526.29	27381.45
526.50	27392.37
526.71	27708.78
526.91	27246.62
527.12	27529.24
527.33	27148.66
527.53	27584.88
527.74	26770.81
527.95	26943.18
528.16	26571.14
528.36	25972.45
528.57	25434.51
528.78	24931.39
528.98	24918.08
529.19	24151.12
529.40	23613.53
529.60	23200.18
529.81	22814.82
530.02	21987.78
530.22	20956.29
530.43	20718.72
530.64	19814.20
530.85	18930.85
531.05	18240.00
531.26	18024.28
531.47	17206.46
531.67	16454.85
531.88	15861.28
532.09	14982.02
532.29	14323.26
532.50	13371.98
532.71	12768.85
532.91	12270.17
533.12	11762.61
533.33	10953.33
533.53	10227.66
533.74	9667.20
533.95	9405.06
534.15	8783.50
534.36	8209.39
534.56	7804.57
534.77	7683.40
534.98	6758.74
535.18	6513.33
535.39	6512.31
535.60	6018.06
535.80	5484.91
536.01	5207.75
536.22	5060.64
536.42	4848.67
536.63	4468.77
536.83	4187.18
537.04	4452.39
537.25	4137.00
537.45	3657.44
537.66	3748.23
537.87	3583.37
538.07	3782.36
538.28	3309.96
538.48	3235.21
538.69	3083.32
538.90	3286.75
539.10	2919.14
539.31	2957.03
539.51	3091.17
539.72	3027.69
539.93	2693.53
540.13	2744.04
540.34	2925.63
540.54	2543.00
540.75	2566.89
540.96	2537.88
541.16	2763.16
541.37	2529.35
541.57	2518.42
541.78	2300.32
541.99	2552.56
542.19	2489.41
542.40	2392.13
542.60	2204.06
542.81	2304.41
543.01	2570.99
543.22	2172.66
543.43	2274.03
543.63	2243.66
543.84	2229.66
544.04	2077.77
544.25	2214.64
544.45	2053.54
544.66	1854.88
544.87	1997.56
545.07	2262.77
545.28	1972.98
545.48	2121.80
545.69	1814.26
545.89	1778.77
546.10	1811.53
546.30	2010.53
546.51	1744.63
546.71	1756.92
546.92	1770.57
547.13	1890.04
547.33	1620.73
547.54	1744.29
547.74	1842.60
547.95	1447.00
548.15	1393.41
548.36	1562.02
548.56	1573.97
548.77	1804.71
548.97	1425.15
549.18	1564.07
549.38	1434.71
549.59	1522.77
549.79	1398.19
550.00	1422.42
550.20	1546.32
550.41	1421.40
550.61	1337.77
550.82	1275.31
551.02	1640.53
551.23	1420.03
551.43	1240.15
551.64	1238.44
551.84	1389.99
552.05	1288.62
552.25	1234.01
552.46	1309.78
552.66	1885.26
552.87	1493.76
553.07	1232.98
553.28	1164.38
553.48	1374.63
553.69	1204.65
553.89	1306.37
554.10	1361.32
554.30	1627.56
554.51	1462.36
554.71	1280.43
554.92	1212.84
555.12	1511.51
555.32	1454.16
555.53	1310.46
555.73	1194.07
555.94	1661.69
556.14	1673.98
556.35	1181.78
556.55	1136.73
556.76	1426.17
556.96	1358.93
557.17	1327.53
557.37	1259.27
557.57	1629.95
557.78	1458.94
557.98	1215.92
558.19	1200.56
558.39	1216.94
558.60	1395.11
558.80	1357.57
559.00	1102.60
559.21	1361.32
559.41	1379.07
559.62	1371.90
559.82	1244.59
560.03	1227.52
560.23	1256.88
560.43	1210.80
560.64	1196.12
560.84	1606.05
561.05	1098.50
561.25	1131.95
561.45	1248.00
561.66	1493.08
561.86	1399.55
562.07	1223.43
562.27	1238.10
562.47	1343.57
562.68	1246.64
562.88	1175.98
563.09	1326.51
563.29	1297.84
563.49	1249.03
563.70	1080.41
563.90	1270.87
564.11	1449.04
564.31	1373.27
564.51	1308.42
564.72	1004.63
564.92	1540.52
565.12	1606.74
565.33	1160.96
565.53	1141.85
565.74	1141.51
565.94	1138.78
566.14	1336.75
566.35	1399.21
566.55	1301.25
566.75	1294.42
566.96	1274.97
567.16	1128.88
567.36	1349.38
567.57	1343.91
567.77	1128.20
567.98	1219.33
568.18	1290.67
568.38	1072.22
568.59	1300.91
568.79	1057.88
568.99	1581.48
569.20	1486.93
569.40	1115.91
569.60	1015.22
569.81	1582.16
570.01	1433.68
570.21	1192.37
570.42	1055.15
570.62	1490.69
570.82	1158.23
571.03	1108.40
571.23	1049.01
571.43	1236.74
571.63	1313.88
571.84	1057.54
572.04	1252.44
572.24	1481.13
572.45	1611.17
572.65	1137.07
572.85	1136.05
573.06	1395.80
573.26	1440.17
573.46	973.92
573.67	1069.15
573.87	1437.78
574.07	1357.91
574.27	1039.79
574.48	1221.04
574.68	1364.39
574.88	1108.74
575.09	1004.98
575.29	987.57
575.49	1244.59
575.69	1431.64
575.90	1164.38
576.10	1067.44
576.30	1326.17
576.51	1338.79
576.71	1177.35
576.91	1166.08
577.11	1262.00
577.32	1532.67
577.52	1192.71
577.72	1071.53
577.92	1342.89
578.13	1138.44
578.33	1182.47
578.53	1055.49
578.73	1143.56
578.94	1340.84
579.14	1040.82
579.34	1059.25
579.54	1096.11
579.75	1410.13
579.95	1228.89
580.15	1060.95
580.35	1779.79
580.56	1105.33
580.76	1115.57
580.96	1160.28
581.16	1466.11
581.37	1250.73
581.57	964.02
581.77	1216.26
581.97	1058.91
582.17	1330.26
582.38	1057.88
582.58	1131.61
582.78	1164.03
582.98	1300.57
583.19	1043.20
583.39	1081.09
583.59	1017.95
583.79	1278.38
583.99	1126.83
584.20	951.05
584.40	1296.81
584.60	1357.57
584.80	1051.06
585.00	956.85
585.21	1330.94
585.41	1403.99
585.61	1204.99
585.81	1002.93
586.01	1102.25
586.22	1236.06
586.42	1254.49
586.62	1154.82
586.82	1301.93
587.02	1108.06
587.22	1177.69
587.43	822.02
587.63	1149.02
587.83	1440.51
588.03	1128.88
588.23	1058.22
588.43	1159.60
588.64	1616.29
588.84	991.32
589.04	883.80
589.24	1241.52
589.44	1255.85
589.64	1117.27
589.85	1002.93
590.05	1179.05
590.25	1012.49
590.45	1061.64
590.65	897.12
590.85	1213.53
591.05	1090.99
591.26	917.60
591.46	1003.61
591.66	1136.05
591.86	1143.56
592.06	1150.04
592.26	853.43
592.46	1177.69
592.67	1021.70
592.87	1271.21
593.07	1046.62
593.27	1271.55
593.47	1354.15
593.67	1019.65
593.87	961.29
594.07	1196.80
594.28	1249.71
594.48	1057.54
594.68	947.29
594.88	1519.36
595.08	1219.67
595.28	1024.77
595.48	1011.80
595.68	1381.12
595.88	1064.71
596.08	953.78
596.29	1046.62
596.49	963.68
596.69	978.35
596.89	798.47
597.09	966.75
597.29	1305.34
597.49	950.36
597.69	881.42
597.89	977.67
598.09	1176.32
598.29	1052.42
598.50	1015.90
598.70	919.64
598.90	954.46
599.10	1374.98
599.30	1014.87
599.50	974.60
599.70	1595.81
599.90	1221.04
600.10	1115.91
600.30	961.29
600.50	1309.10
600.70	1167.79
600.90	1020.68
601.10	881.42
601.30	1310.81
601.50	873.91
601.71	839.77
601.91	854.45
602.11	897.46
602.31	1181.78
602.51	955.14
602.71	806.32
602.91	1042.18
603.11	1199.53
603.31	932.61
603.51	853.08
603.71	1180.42
603.91	1167.11
604.11	1021.36
604.31	970.50
604.51	1116.59
604.71	1046.96
604.91	983.81
605.11	1040.82
605.31	1088.94
605.51	1252.10
605.71	798.81
605.91	847.62
606.11	1209.43
606.31	1153.11
606.51	954.80
606.71	1023.41
606.91	1253.80
607.11	1260.29
607.31	966.06
607.51	1077.34
607.71	1268.82
607.91	1105.67
608.11	868.44
608.31	950.36
608.51	1197.83
608.71	1172.91
608.91	826.12
609.11	910.09
609.31	1279.40
609.51	1258.58
609.71	974.60
609.91	909.75
610.11	1192.37
610.31	1171.54
610.51	940.81
610.71	858.20
610.91	1168.47
611.11	1241.17
611.31	882.10
611.51	967.77
611.71	1436.76
611.91	1193.05
612.11	894.04
612.31	902.92
612.51	1164.72
612.71	1242.54
612.90	850.35
613.10	1000.20
613.30	1182.81
613.50	1079.39
613.70	1068.80
613.90	1070.17
614.10	1054.47
614.30	1018.97
614.50	1236.06
614.70	950.36
614.90	1099.87
615.10	1058.56
615.30	1021.36
615.50	858.55
615.70	968.11
615.90	1300.22
616.09	966.75
616.29	996.44
616.49	1170.86
616.69	1187.25
616.89	1002.25
617.09	820.32
617.29	1075.97
617.49	982.11
617.69	1079.39
617.89	810.76
618.09	1070.17
618.28	1307.73
618.48	882.44
618.68	923.40
618.88	1039.45
619.08	1101.91
619.28	878.34
619.48	786.87
619.68	1151.06
619.88	969.82
620.08	835.34
620.27	870.49
620.47	974.94
620.67	1143.56
620.87	908.04
621.07	838.41
621.27	970.84
621.47	1260.97
621.67	865.03
621.86	878.00
622.06	1237.76
622.26	1094.06
622.46	997.47
622.66	831.92
622.86	1042.86
623.06	1109.42
623.25	915.55
623.45	853.08
623.65	1015.22
623.85	988.93
624.05	737.72
624.25	684.47
624.45	1118.30
624.64	969.14
624.84	793.35
625.04	724.06
625.24	1336.06
625.44	1033.65
625.64	834.31
625.83	750.35
626.03	1027.50
626.23	960.94
626.43	898.82
626.63	833.63
626.83	977.33
627.02	1029.89
627.22	936.71
627.42	863.67
627.62	1176.32
627.82	1071.53
628.02	847.62
628.21	880.39
628.41	1057.20
628.61	1149.70
628.81	867.76
629.01	771.17
629.20	988.93
629.40	852.06
629.60	787.21
629.80	696.76
630.00	969.82
630.19	1142.19
630.39	811.10
630.59	839.77
630.79	791.65
630.99	934.32
631.18	852.40
631.38	701.19
631.58	915.21
631.78	981.08
631.98	971.18
632.17	744.54
632.37	934.66
632.57	969.82
632.77	952.41
632.96	1017.26
633.16	1055.15
633.36	1025.46
633.56	860.59
633.76	639.75
633.95	704.95
634.15	982.45
634.35	912.13
634.55	779.70
634.74	851.04
634.94	842.16
635.14	659.55
635.34	855.13
635.53	997.47
635.73	986.54
635.93	900.87
636.13	873.56
636.32	997.47
636.52	718.26
636.72	816.56
636.92	712.46
637.11	1097.13
637.31	1034.67
637.51	818.27
637.70	693.00
637.90	825.78
638.10	1010.78
638.30	700.85
638.49	749.32
638.69	1142.87
638.89	947.97
639.09	690.27
639.28	808.37
639.48	1083.82
639.68	1079.04
639.87	705.29
640.07	708.70
640.27	968.11
640.47	836.70
640.66	623.37
640.86	655.11
641.06	921.35
641.25	1075.29
641.45	681.06
641.65	716.55
641.84	841.48
642.04	1153.11
642.24	783.80
642.44	661.94
642.63	973.57
642.83	715.87
643.03	772.19
643.22	585.14
643.42	995.76
643.62	994.39
643.81	882.10
644.01	708.36
644.21	1140.82
644.40	1143.90
644.60	863.32
644.80	815.20
644.99	931.59
645.19	583.78
645.39	746.93
645.58	716.21
645.78	921.01
645.98	637.71
646.17	689.59
646.37	569.44
646.57	886.88
646.76	862.64
646.96	525.41
647.16	634.29
647.35	787.89
647.55	838.07
647.75	813.83
647.94	676.96
648.14	1054.81
648.33	909.40
648.53	809.05
648.73	600.84
648.92	724.06
649.12	602.21
649.32	576.61
649.51	448.95
649.71	903.94
649.90	899.51
650.10	661.94
650.30	643.17
650.49	759.90
650.69	811.44
650.89	596.06
651.08	586.51
651.28	925.45
651.47	861.96
651.67	717.24
651.87	677.64
652.06	900.53
652.26	905.65
652.45	560.57
652.65	590.26
652.85	870.83
653.04	724.40
653.24	529.85
653.43	638.73
653.63	800.86
653.83	545.89
654.02	588.90
654.22	414.82
654.41	1100.89
654.61	809.39
654.81	583.78
655.00	609.38
655.20	807.01
655.39	687.20
655.59	588.90
655.78	652.73
655.98	694.71
656.18	766.05
656.37	732.25
656.57	570.12
656.76	818.61
656.96	1195.44
657.15	526.09
657.35	584.12
657.55	893.36
657.74	1053.79
657.94	515.17
658.13	538.38
658.33	691.98
658.52	829.87
658.72	545.55
658.91	554.42
659.11	733.96
659.30	1197.14
659.50	508.00
659.70	517.22
659.89	515.17
660.09	656.14
660.28	526.78
660.48	430.86
660.67	731.23
660.87	707.34
661.06	646.92
661.26	534.28
661.45	654.09
661.65	504.93
661.84	666.04
662.04	573.54
662.23	914.87
662.43	689.93
662.62	587.87
662.82	501.18
663.01	577.63
663.21	782.09
663.41	479.67
663.60	532.58
663.80	690.27
663.99	862.64
664.19	608.35
664.38	499.47
664.58	588.90
664.77	765.02
664.97	529.16
665.16	544.18
665.35	1155.16
665.55	706.31
665.74	480.70
665.94	633.27
666.13	755.47
666.33	753.08
666.52	792.33
666.72	663.99
666.91	532.92
667.11	696.42
667.30	543.84
667.50	547.25
667.69	594.70
667.89	672.86
668.08	734.99
668.28	380.69
668.47	667.40
668.67	850.35
668.86	486.16
669.05	571.49
669.25	977.67
669.44	654.09
669.64	502.54
669.83	486.50
670.03	753.42
670.22	1043.55
670.42	625.08
670.61	509.03
670.81	655.11
671.00	552.37
671.19	417.55
671.39	583.09
671.58	753.76
671.78	781.41
671.97	615.18
672.17	583.78
672.36	643.51
672.55	840.46
672.75	584.12
672.94	552.72
673.14	674.23
673.33	844.89
673.53	490.59
673.72	498.10
673.91	786.87
674.11	922.37
674.30	882.10
674.50	590.60
674.69	891.65
674.88	664.67
675.08	614.16
675.27	499.81
675.47	762.29
675.66	624.40
675.85	443.83
676.05	559.20
676.24	496.40
676.44	513.12
676.63	547.60
676.82	539.06
677.02	1194.75
677.21	707.00
677.41	405.60
677.60	590.26
677.79	761.95
677.99	995.76
678.18	540.09
678.37	669.79
678.57	732.94
678.76	695.73
678.96	529.85
679.15	418.23
679.34	871.86
679.54	573.54
679.73	652.38
679.92	548.96
680.12	758.88
680.31	771.17
680.51	515.51
680.70	464.65
680.89	878.34
681.09	850.35
681.28	411.06
681.47	568.42
681.67	817.25
681.86	858.89
682.05	647.61
682.25	480.35
682.44	525.07
682.63	617.57
682.83	522.68
683.02	590.94
683.21	932.96
683.41	696.42
683.60	529.16
683.79	560.91
683.99	859.57
684.18	780.04
684.37	461.92
684.57	365.33
684.76	891.31
684.95	679.35
685.15	756.49
685.34	375.57
685.53	769.46
685.73	516.54
685.92	551.35
686.11	466.36
686.31	547.60
686.50	726.79
686.69	350.99
686.88	491.62
687.08	935.69
687.27	625.42
687.46	499.13
687.66	404.92
687.85	707.00
688.04	664.67
688.24	531.21
688.43	505.95
688.62	966.75
688.81	578.32
689.01	504.59
689.20	437.69
689.39	622.01
689.59	394.34
689.78	511.76
689.97	600.16
690.16	492.30
690.36	563.64
690.55	504.93
690.74	389.22
690.93	781.41
691.13	633.61
691.32	534.97
691.51	409.70
691.70	732.25
691.90	622.35
692.09	529.85
692.28	298.43
692.48	477.62
692.67	855.47
692.86	541.45
693.05	372.15
693.25	726.79
693.44	523.36
693.63	612.79
693.82	452.37
694.01	711.43
694.21	659.21
694.40	329.15
694.59	403.56
694.78	345.19
694.98	439.40
695.17	649.65
695.36	314.13
695.55	748.64
695.75	637.02
695.94	455.78
696.13	478.65
696.32	524.04
696.51	600.50
696.71	521.66
696.90	271.46
697.09	1010.10
697.28	551.01
697.48	591.97
697.67	444.52
697.86	683.10
698.05	630.20
698.24	532.92
698.44	361.91
698.63	575.24
698.82	598.45
699.01	558.18
699.20	444.86
699.40	482.40
699.59	1026.14
699.78	479.67
699.97	570.12
700.16	649.65
700.36	722.70
700.55	412.43
700.74	395.02
700.93	731.23
701.12	529.51
701.31	496.40
701.51	221.97
701.70	613.47
701.89	509.71
702.08	390.24
702.27	402.19
702.46	741.81
702.66	502.20
702.85	480.70
703.04	401.85
703.23	484.79
703.42	572.17
703.61	562.61
703.81	387.51
704.00	615.18
704.19	557.84
704.38	494.69
704.57	445.88
704.76	558.86
704.96	535.65
705.15	501.18
705.34	366.01
705.53	726.11
705.72	517.56
705.91	551.35
706.10	301.50
706.30	533.60
706.49	398.09
706.68	277.95
706.87	220.95
707.06	276.24
707.25	586.85
707.44	427.79
707.63	302.86
707.83	416.18
708.02	830.56
708.21	402.87
708.40	364.30
708.59	515.51
708.78	755.12
708.97	456.46
709.16	297.74
709.35	524.39
709.55	599.82
709.74	356.45
709.93	302.18
710.12	640.78
710.31	619.62
710.50	270.10
710.69	391.61
710.88	462.26
711.07	536.67
711.26	301.84
711.46	510.73
711.65	733.28
711.84	466.02
712.03	161.21
712.22	458.51
712.41	591.63
712.60	687.20
712.79	382.39
712.98	326.07
713.17	495.71
713.36	724.06
713.55	444.86
713.75	469.43
713.94	490.94
714.13	770.14
714.32	532.24
714.51	495.71
714.70	822.02
714.89	419.94
715.08	340.41
715.27	321.98
715.46	595.38
715.65	834.99
715.84	348.26
716.03	193.98
716.22	494.01
716.41	635.66
716.60	389.90
716.79	367.03
716.99	645.56
717.18	527.12
717.37	389.22
717.56	253.03
717.75	391.95
717.94	636.68
718.13	458.51
718.32	415.50
718.51	437.01
718.70	440.08
718.89	405.60
719.08	340.75
719.27	531.21
719.46	492.64
719.65	554.08
719.84	373.18
720.03	695.05
720.22	634.98
720.41	407.65
720.60	309.35
720.79	411.75
720.98	416.18
721.17	224.36
721.36	236.30
721.55	906.33
721.74	649.31
721.93	381.37
722.12	358.50
722.31	675.59
722.50	510.39
722.69	327.44
722.88	290.58
723.07	630.88
723.26	855.82
723.45	421.65
723.64	349.63
723.83	421.99
724.02	751.71
724.21	398.44
724.40	466.70
724.59	386.83
724.78	755.12
724.97	419.26
725.16	358.84
725.35	400.14
725.54	416.18
725.73	420.96
725.92	526.09
726.11	844.55
726.30	673.20
726.49	435.30
726.68	447.59
726.87	502.20
727.06	505.27
727.25	503.91
727.43	462.26
727.62	688.91
727.81	573.54
728.00	544.18
728.19	529.85
728.38	836.02
728.57	629.51
728.76	429.84
728.95	483.09
729.14	844.89
729.33	562.96
729.52	456.46
729.71	398.44
729.90	514.49
730.09	674.91
730.28	571.83
730.47	462.95
730.65	492.98
730.84	555.79
731.03	477.97
731.22	542.48
731.41	539.06
731.60	594.36
731.79	463.97
731.98	367.72
732.17	579.34
732.36	813.49
732.55	409.36
732.74	326.76
732.92	638.05
733.11	603.57
733.30	473.19
733.49	347.58
733.68	462.61
733.87	516.19
734.06	366.69
734.25	272.49
734.44	904.63
734.63	902.58
734.81	453.05
735.00	441.78
735.19	614.84
735.38	641.80
735.57	542.48
735.76	409.36
735.95	739.76
736.14	867.76
736.33	484.79
736.51	346.55
736.70	635.32
736.89	469.09
737.08	414.82
737.27	421.65
737.46	725.09
737.65	295.01
737.83	342.12
738.02	313.10
738.21	555.11
738.40	808.37
738.59	537.02
738.78	320.95
738.97	577.63
739.16	886.88
739.34	514.15
739.53	375.57
739.72	585.82
739.91	574.22
740.10	349.97
740.29	497.08
740.47	970.84
740.66	843.53
740.85	295.01
741.04	262.93
741.23	321.64
741.42	602.55
741.60	643.51
741.79	361.23
741.98	387.17
742.17	435.64
742.36	373.86
742.55	516.19
742.73	366.69
742.92	481.04
743.11	440.42
743.30	288.87
743.49	872.54
743.68	426.42
743.86	497.42
744.05	387.85
744.24	739.76
744.43	464.31
744.62	421.65
744.80	297.74
744.99	453.73
745.18	737.37
745.37	315.83
745.56	249.62
745.74	684.47
745.93	632.93
746.12	463.29
746.31	277.26
746.50	491.62
746.68	448.27
746.87	350.99
747.06	334.61
747.25	850.70
747.44	1042.52
747.62	406.97
747.81	215.83
748.00	709.39
748.19	646.58
748.37	380.35
748.56	484.45
748.75	449.64
748.94	701.88
749.13	356.45
749.31	150.63
749.50	529.16
749.69	263.95
749.88	402.19
750.06	278.63
750.25	480.70
750.44	569.44
750.63	305.59
750.81	515.51
751.00	740.45
751.19	455.44
751.38	194.32
751.56	369.08
751.75	664.67
751.94	534.63
752.13	270.78
752.31	355.77
752.50	313.79
752.69	554.76
752.88	456.12
753.06	320.61
753.25	323.68
753.44	405.95
753.63	399.12
753.81	287.50
754.00	558.52
754.19	696.42
754.37	353.72
754.56	390.59
754.75	429.84
754.94	309.69
755.12	221.97
755.31	291.94
755.50	585.82
755.69	601.18
755.87	227.09
756.06	217.87
756.25	192.61
756.43	721.67
756.62	119.91
756.81	224.02
756.99	449.98
757.18	552.03
757.37	361.57
757.56	273.85
757.74	346.55
757.93	407.65
758.12	446.22
758.30	346.90
758.49	205.59
758.68	875.95
758.86	326.76
759.05	296.38
759.24	394.68
759.42	652.38
759.61	423.01
759.80	329.15
759.99	586.85
760.17	377.61
760.36	251.32
760.55	193.30
760.73	672.52
760.92	335.29
761.11	410.04
761.29	421.30
761.48	711.43
761.67	501.86
761.85	462.61
762.04	182.03
762.23	522.34
762.41	436.66
762.60	281.70
762.79	154.73
762.97	695.73
763.16	373.52
763.34	213.09
763.53	238.69
763.72	335.97
763.90	621.66
764.09	460.22
764.28	395.36
764.46	633.61
764.65	795.40
764.84	216.85
765.02	239.72
765.21	293.99
765.40	588.90
765.58	550.67
765.77	480.35
765.95	713.14
766.14	329.83
766.33	312.42
766.51	288.19
766.70	588.90
766.89	468.75
767.07	416.18
767.26	529.51
767.44	487.18
767.63	494.69
767.82	279.31
768.00	336.31
768.19	508.34
768.37	624.74
768.56	315.83
768.75	291.94
768.93	407.65
769.12	346.90
769.30	373.18
769.49	373.18
769.68	550.33
769.86	616.89
770.05	488.89
770.23	380.00
770.42	327.44
770.61	615.18
770.79	472.85
770.98	478.65
771.16	645.90
771.35	432.57
771.54	278.63
771.72	295.01
771.91	593.68
772.09	515.17
772.28	323.00
772.46	219.24
772.65	548.28
772.84	374.88
773.02	475.23
773.21	308.67
773.39	638.05
773.58	403.90
773.76	216.85
773.95	405.60
774.13	362.94
774.32	883.80
774.51	224.36
774.69	328.46
774.88	496.74
775.06	805.98
775.25	296.72
775.43	255.08
775.62	788.57
775.80	404.92
775.99	390.93
776.18	309.35
776.36	615.86
776.55	387.17
776.73	426.42
776.92	349.63
777.10	611.08
777.29	683.44
777.47	281.70
777.66	399.80
777.84	396.05
778.03	819.98
778.21	407.99
778.40	336.31
778.58	605.28
778.77	641.12
778.95	443.15
779.14	316.52
779.33	535.99
779.51	560.57
779.70	242.45
779.88	352.02
780.07	677.64
780.25	583.78
780.44	320.27
780.62	316.86
780.81	268.05
780.99	506.30
781.18	252.69
781.36	172.14
781.55	455.44
781.73	510.05
781.92	376.59
782.10	357.48
782.29	688.56
782.47	338.36
782.66	258.49
782.84	324.71
783.03	611.77
783.21	445.88
783.39	242.45
783.58	210.36
783.76	465.68
783.95	543.16
784.13	415.84
784.32	357.82
784.50	330.85
784.69	582.41
784.87	436.66
785.06	440.08
785.24	875.61
785.43	397.75
785.61	287.85
785.80	306.62
785.98	413.80
786.17	570.81
786.35	291.60
786.53	274.19
786.72	287.50
786.90	384.78
787.09	284.77
787.27	397.75
787.46	455.10
787.64	577.63
787.83	432.23
788.01	235.62
788.19	501.52
788.38	398.09
788.56	299.45
788.75	233.57
788.93	249.96
789.12	594.70
789.30	369.08
789.49	329.83
789.67	881.07
789.85	504.93
790.04	389.22
790.22	399.80
790.41	367.03
790.59	516.88
790.77	286.48
790.96	196.03
791.14	343.14
791.33	442.81
791.51	324.37
791.70	234.94
791.88	310.71
792.06	497.08
792.25	396.39
792.43	271.12
792.62	945.58
792.80	754.78
792.98	297.06
793.17	388.88
793.35	602.89
793.54	270.10
793.72	338.02
793.90	400.83
794.09	697.44
794.27	600.84
794.46	288.87
794.64	230.50
794.82	229.82
795.01	532.24
795.19	297.06
795.37	287.50
795.56	520.63
795.74	367.72
795.93	266.34
796.11	322.66
796.29	489.23
796.48	501.18
796.66	362.26
796.84	234.60
797.03	591.29
797.21	760.24
797.40	267.02
797.58	271.46
797.76	598.45
797.95	509.71
798.13	209.00
798.31	297.06
798.50	502.54
798.68	258.83
798.86	235.96
799.05	315.15
799.23	682.76
799.42	511.07
799.60	312.76
799.78	228.45
799.97	492.64
800.15	519.95
800.33	284.09
800.52	240.06
800.70	407.65
800.88	561.59
801.07	324.03
801.25	362.94
801.43	545.89
801.62	411.75
801.80	293.31
801.98	273.17
802.17	783.11
802.35	615.86
802.53	409.36
802.72	171.11
802.90	210.36
803.08	357.82
803.26	333.24
803.45	287.50
803.63	573.20
803.81	635.66
804.00	225.04
804.18	199.44
804.36	580.02
804.55	355.77
804.73	316.18
804.91	22.63
805.10	529.16
805.28	117.86
805.46	287.16
805.64	374.54
805.83	661.94
806.01	470.46
806.19	221.63
806.38	170.43
806.56	903.94
806.74	506.30
806.92	240.74
807.11	368.74
807.29	470.11
807.47	317.88
807.66	291.94
807.84	341.09
808.02	717.92
808.20	407.31
808.39	159.51
808.57	202.17
808.75	301.84
808.94	777.31
809.12	263.27
809.30	391.27
809.48	350.65
809.67	713.48
809.85	492.30
810.03	211.39
810.21	326.07
810.40	558.86
810.58	223.68
810.76	441.10
810.94	97.04
811.13	543.16
811.31	392.63
811.49	193.98
811.67	568.76
811.86	589.24
812.04	366.01
812.22	250.64
812.40	514.49
812.59	643.85
812.77	343.82
812.95	279.31
813.13	240.74
813.32	562.27
813.50	303.21
813.68	238.01
813.86	77.93
814.04	327.10
814.23	236.30
814.41	272.83
814.59	501.18
814.77	563.98
814.96	295.01
815.14	250.98
815.32	429.16
815.50	500.83
815.68	467.73
815.87	300.82
816.05	420.96
816.23	490.25
816.41	341.43
816.59	182.38
816.78	602.21
816.96	304.57
817.14	381.71
817.32	151.31
817.50	847.96
817.69	194.32
817.87	220.95
818.05	314.47
818.23	684.13
818.41	587.19
818.60	269.76
818.78	199.10
818.96	552.72
819.14	357.14
819.32	305.94
819.51	224.70
819.69	609.04
819.87	670.13
820.05	214.12
820.23	366.69
820.41	466.36
820.60	603.57
820.78	175.55
820.96	345.53
821.14	196.37
821.32	341.78
821.50	61.54
821.69	254.40
821.87	431.54
822.05	607.67
822.23	366.35
822.41	192.61
822.59	319.59
822.78	310.03
822.96	317.54
823.14	149.27
823.32	428.47
823.50	696.42
823.68	340.41
823.86	287.50
824.05	528.14
824.23	362.60
824.41	330.85
824.59	273.17
824.77	554.08
824.95	252.01
825.13	166.67
825.32	220.95
825.50	220.26
825.68	360.55
825.86	146.54
826.04	171.11
826.22	285.80
826.40	509.03
826.58	214.12
826.77	253.37
826.95	634.98
827.13	370.79
827.31	270.44
827.49	264.29
827.67	603.23
827.85	424.38
828.03	88.51
828.22	287.16
828.40	552.03
828.58	278.29
828.76	220.26
828.94	219.24
829.12	594.36
829.30	437.01
829.48	169.06
829.66	280.68
829.84	493.33
830.03	514.83
830.21	277.95
830.39	240.06
830.57	803.93
830.75	709.04
830.93	83.73
831.11	211.05
831.29	610.06
831.47	302.52
831.65	314.47
831.83	161.90
832.02	227.43
832.20	346.21
832.38	207.63
832.56	99.77
832.74	386.49
832.92	183.40
833.10	292.97
833.28	140.05
833.46	532.58
833.64	749.66
833.82	234.60
834.00	148.24
834.18	355.43
834.36	517.22
834.54	135.27
834.73	245.18
834.91	240.40
835.09	335.29
835.27	218.90
835.45	453.73
835.63	262.25
835.81	522.68
835.99	141.42
836.17	280.68
836.35	360.55
836.53	274.19
836.71	380.35
836.89	290.23
837.07	483.43
837.25	327.78
837.43	175.21
837.61	270.78
837.79	685.15
837.97	507.32
838.15	147.90
838.33	215.48
838.51	501.86
838.69	613.13
838.87	161.90
839.05	69.40
839.23	511.07
839.41	302.86
839.59	212.75
839.78	183.74
839.96	670.47
840.14	468.75
840.32	199.10
840.50	124.35
840.68	590.26
840.86	361.23
841.04	329.15
841.22	203.88
841.40	685.83
841.58	728.16
841.76	244.50
841.94	167.02
842.12	460.90
842.30	448.61
842.48	317.20
842.66	134.59
842.84	411.41
843.02	609.72
843.20	317.54
843.38	339.73
843.55	459.19
843.73	629.51
843.91	330.17
844.09	254.40
844.27	610.74
844.45	421.30
844.63	318.57
844.81	248.25
844.99	484.45
845.17	647.61
845.35	310.71
845.53	152.00
845.71	483.09
845.89	435.30
846.07	279.65
846.25	255.08
846.43	415.50
846.61	551.69
846.79	190.57
846.97	92.61
847.15	510.39
847.33	320.95
847.51	186.81
847.69	189.54
847.87	502.20
848.05	426.77
848.23	217.53
848.41	386.83
848.58	385.12
848.76	582.41
848.94	77.93
849.12	137.66
849.30	545.21
849.48	367.72
849.66	131.18
849.84	262.93
850.02	531.55
850.20	629.86
850.38	262.59
850.56	102.50
850.74	430.18
850.92	469.09
851.10	130.83
851.27	268.05
851.45	356.11
851.63	771.51
851.81	305.25
851.99	264.29
852.17	570.12
852.35	568.76
852.53	276.92
852.71	187.50
852.89	555.79
853.07	367.03
853.24	186.47
853.42	226.41
853.60	747.96
853.78	583.09
853.96	53.69
854.14	167.70
854.32	490.59
854.50	620.64
854.68	308.33
854.86	272.83
855.03	242.11
855.21	176.91
855.39	342.12
855.57	257.13
855.75	276.92
855.93	709.39
856.11	281.02
856.29	263.95
856.47	332.22
856.64	389.90
856.82	191.59
857.00	327.10
857.18	624.74
857.36	473.87
857.54	187.15
857.72	237.33
857.90	344.85
858.07	506.30
858.25	283.75
858.43	53.69
858.61	679.69
858.79	297.74
858.97	156.43
859.15	170.09
859.32	419.60
859.50	651.36
859.68	419.94
859.86	111.04
860.04	427.11
860.22	526.78
860.40	350.31
860.57	203.54
860.75	466.70
860.93	445.20
861.11	250.30
861.29	358.50
861.47	223.68
861.64	805.64
861.82	215.83
862.00	368.74
862.18	429.84
862.36	334.61
862.54	181.01
862.71	192.96
862.89	589.58
863.07	576.95
863.25	185.45
863.43	202.17
863.61	399.80
863.78	438.37
863.96	222.31
864.14	283.07
864.32	886.54
864.50	375.23
864.67	170.09
864.85	252.01
865.03	848.65
865.21	412.09
865.39	293.65
865.57	168.38
865.74	798.47
865.92	537.02
866.10	280.68
866.28	257.47
866.46	327.44
866.63	632.59
866.81	250.98
866.99	358.16
867.17	370.11
867.34	335.29
867.52	185.11
867.70	170.43
867.88	617.57
868.06	261.56
868.23	246.89
868.41	436.32
868.59	553.74
868.77	162.58
868.95	118.21
869.12	278.29
869.30	553.06
869.48	531.90
869.66	253.37
869.83	135.27
870.01	527.80
870.19	516.54
870.37	232.55
870.55	119.91
870.72	526.78
870.90	407.65
871.08	113.09
871.26	277.95
871.43	380.00
871.61	395.02
871.79	84.07
871.97	165.99
872.14	1021.02
872.32	321.98
872.50	274.88
872.68	268.05
872.85	601.87
873.03	599.82
873.21	242.79
873.39	165.31
873.56	301.50
873.74	805.30
873.92	340.07
874.10	195.00
874.27	285.11
874.45	336.66
874.63	285.80
874.80	253.71
874.98	629.17
875.16	316.52
875.34	333.92
875.51	287.85
875.69	437.35
875.87	270.44
876.05	252.35
876.22	191.93
876.40	346.55
876.58	283.07
876.75	86.46
876.93	136.30
877.11	311.40
877.29	222.31
877.46	301.16
877.64	238.01
877.82	294.67
877.99	219.24
878.17	149.95
878.35	227.43
878.52	501.18
878.70	761.27
878.88	269.07
879.06	191.93
879.23	332.22
879.41	724.06
879.59	403.90
879.76	150.97
879.94	246.20
880.12	540.43
880.29	335.29
880.47	106.60
880.65	459.87
880.82	427.45
881.00	165.31
881.18	62.23
881.36	488.55
881.53	579.68
881.71	355.43
881.89	216.17
882.06	522.34
882.24	488.89
882.42	114.45
882.59	324.71
882.77	512.44
882.95	405.26
883.12	279.65
883.30	242.11
883.48	254.74
883.65	602.21
883.83	202.17
884.01	187.50
884.18	284.43
884.36	342.46
884.54	191.59
884.71	313.79
884.89	314.13
885.06	206.27
885.24	316.86
885.42	242.11
885.59	372.84
885.77	305.94
885.95	266.68
886.12	316.18
886.30	515.17
886.48	621.32
886.65	205.93
886.83	301.84
887.01	261.22
887.18	415.16
887.36	276.24
887.53	211.39
887.71	372.49
887.89	441.10
888.06	92.61
888.24	273.51
888.42	630.54
888.59	434.62
888.77	50.96
888.94	151.66
889.12	359.52
889.30	683.79
889.47	247.91
889.65	338.70
889.82	439.74
890.00	583.09
890.18	245.18
890.35	261.56
890.53	470.11
890.71	178.96
890.88	355.77
891.06	187.84
891.23	409.36
891.41	600.84
891.59	265.66
891.76	228.45
891.94	529.85
892.11	292.97
892.29	168.04
892.46	417.55
892.64	115.13
892.82	483.09
892.99	35.95
893.17	184.76
893.34	515.51
893.52	479.33
893.70	117.86
893.87	160.53
894.05	639.07
894.22	126.74
894.40	335.97
894.57	188.18
894.75	624.05
894.93	345.87
895.10	370.79
895.28	328.12
895.45	455.78
895.63	798.81
895.80	321.98
895.98	237.33
896.16	523.70
896.33	565.35
896.51	273.85
896.68	436.32
896.86	658.53
897.03	439.74
897.21	226.41
897.38	91.92
897.56	351.67
897.74	974.94
897.91	300.47
898.09	149.27
898.26	705.63
898.44	460.90
898.61	328.12
898.79	180.67
898.96	466.70
899.14	326.42
899.31	257.81
899.49	88.51
899.67	354.40
899.84	633.95
900.02	139.03
900.19	159.85
900.37	615.86
900.54	583.78
900.72	144.83
900.89	284.09
901.07	599.14
901.24	280.68
901.42	116.16
901.59	124.69
901.77	754.78
901.94	667.74
902.12	182.38
902.29	278.97
902.47	541.79
902.64	344.16
902.82	160.87
902.99	195.35
903.17	345.87
903.34	920.67
903.52	437.69
903.69	204.22
903.87	296.04
904.04	384.44
904.22	307.64
904.39	233.23
904.57	599.14
904.74	241.77
904.92	134.59
905.09	209.00
905.27	287.16
905.44	596.41
905.62	181.01
905.79	310.03
905.97	477.97
906.14	561.25
906.32	419.94
906.49	281.36
906.67	229.82
906.84	476.94
907.02	257.47
907.19	400.14
907.37	492.64
907.54	327.44
907.72	372.84
907.89	220.26
908.06	310.37
908.24	443.83
908.41	428.81
908.59	276.92
908.76	272.14
908.94	662.97
909.11	685.83
909.29	187.50
909.46	820.32
909.64	556.81
909.81	230.50
909.99	193.30
910.16	448.95
910.33	437.35
910.51	384.78
910.68	117.52
910.86	603.23
911.03	213.44
911.21	201.15
911.38	196.71
911.56	307.64
911.73	361.23
911.90	263.95
912.08	103.19
912.25	710.41
912.43	346.90
912.60	278.29
912.78	254.74
912.95	384.10
913.12	564.66
913.30	315.49
913.47	241.08
913.65	686.18
913.82	248.25
914.00	260.54
914.17	86.12
914.34	516.54
914.52	270.78
914.69	96.02
914.87	185.11
915.04	522.00
915.21	155.41
915.39	206.61
915.56	350.65
915.74	371.13
915.91	560.91
916.08	361.57
916.26	113.09
916.43	324.37
916.61	343.82
916.78	171.45
916.95	262.25
917.13	842.16
917.30	292.62
917.48	280.68
917.65	133.57
917.82	357.82
918.00	374.88
918.17	242.79
918.35	271.12
918.52	446.56
918.69	386.15
918.87	287.16
919.04	345.53
919.22	515.51
919.39	580.02
919.56	215.83
919.74	399.80
919.91	629.86
920.08	487.18
920.26	273.51
920.43	239.72
920.61	509.71
920.78	280.68
920.95	329.83
921.13	302.52
921.30	362.60
921.47	482.74
921.65	355.77
921.82	154.04
921.99	489.23
922.17	612.11
922.34	309.69
922.51	127.42
922.69	379.32
922.86	389.56
923.04	140.05
923.21	96.70
923.38	422.33
923.56	769.46
923.73	219.58
923.90	197.39
924.08	340.75
924.25	419.94
924.42	173.84
924.60	176.23
924.77	550.33
924.94	489.57
925.12	276.24
925.29	351.33
925.46	224.70
925.64	432.57
925.81	386.15
925.98	206.27
926.16	527.46
926.33	502.88
926.50	194.66
926.68	184.76
926.85	267.37
927.02	547.60
927.19	285.46
927.37	215.14
927.54	574.56
927.71	490.94
927.89	315.15
928.06	156.78
928.23	363.28
928.41	624.74
928.58	372.49
928.75	196.37
928.93	348.26
929.10	282.38
929.27	253.03
929.44	234.94
929.62	303.21
929.79	617.57
929.96	256.10
930.14	150.97
930.31	888.24
930.48	517.56
930.66	253.37
930.83	271.80
931.00	573.20
931.17	547.94
931.35	68.03
931.52	223.33
931.69	787.89
931.87	360.55
932.04	224.70
932.21	184.08
932.38	667.40
932.56	712.46
932.73	287.50
932.90	285.80
933.07	627.13
933.25	537.70
933.42	287.85
933.59	178.28
933.77	591.97
933.94	306.62
934.11	452.71
934.28	233.92
934.46	599.14
934.63	529.16
934.80	230.16
934.97	158.14
935.15	490.94
935.32	581.73
935.49	339.39
935.66	215.14
935.84	502.88
936.01	692.66
936.18	230.50
936.35	95.68
936.53	953.78
936.70	489.23
936.87	236.30
937.04	315.83
937.22	574.56
937.39	580.71
937.56	343.14
937.73	222.99
937.91	356.79
938.08	302.52
938.25	255.08
938.42	225.72
938.59	552.72
938.77	381.37
938.94	246.20
939.11	115.13
939.28	420.28
939.46	414.14
939.63	144.15
939.80	221.97
939.97	360.89
940.14	563.98
940.32	333.58
940.49	68.71
940.66	889.95
940.83	592.31
941.00	357.48
941.18	187.15
941.35	456.46
941.52	470.80
941.69	443.49
941.87	224.36
942.04	535.65
942.21	349.28
942.38	314.81
942.55	270.10
942.73	399.80
942.90	352.02
943.07	175.89
943.24	99.09
943.41	329.15
943.58	464.65
943.76	285.11
943.93	222.65
944.10	624.40
944.27	724.75
944.44	176.23
944.62	421.30
944.79	365.67
944.96	471.48
945.13	436.32
945.30	117.18
945.47	420.96
945.65	563.98
945.82	267.71
945.99	158.48
946.16	688.22
946.33	456.46
946.50	258.83
946.68	371.13
946.85	511.76
947.02	577.97
947.19	301.16
947.36	130.83
947.53	721.67
947.71	636.00
947.88	245.18
948.05	302.18
948.22	353.04
948.39	312.76
948.56	255.76
948.74	257.81
948.91	519.61
949.08	617.57
949.25	257.81
949.42	200.47
949.59	332.56
949.76	707.34
949.94	278.97
950.11	77.25
950.28	523.70
950.45	385.12
950.62	111.72
950.79	273.51
950.96	255.08
951.14	328.12
951.31	366.35
951.48	109.33
951.65	525.07
951.82	420.96
951.99	224.70
952.16	156.78
952.33	566.37
952.51	593.68
952.68	339.04
952.85	209.68
953.02	499.81
953.19	545.21
953.36	359.87
953.53	177.94
953.70	554.76
953.87	545.55
954.05	201.15
954.22	229.82
954.39	535.99
954.56	209.34
954.73	342.80
954.90	179.64
955.07	401.85
955.24	427.45
955.41	382.73
955.58	335.97
955.76	320.95
955.93	380.69
956.10	260.88
956.27	387.17
956.44	326.76
956.61	545.55
956.78	230.84
956.95	183.74
957.12	522.00
957.29	604.26
957.46	303.21
957.64	177.60
957.81	803.93
957.98	711.78
958.15	211.05
958.32	95.34
958.49	488.55
958.66	363.62
958.83	253.03
959.00	221.97
959.17	339.73
959.34	485.82
959.51	296.04
959.68	444.52
959.85	513.80
960.03	492.98
960.20	-11.16
960.37	193.64
960.54	807.01
960.71	293.65
960.88	334.27
961.05	259.17
961.22	375.57
961.39	497.42
961.56	398.44
961.73	267.37
961.90	230.50
962.07	542.48
962.24	127.08
962.41	141.76
962.58	464.31
962.75	641.46
962.92	286.82
963.09	88.51
963.26	266.00
963.44	696.42
963.61	143.12
963.78	150.63
963.95	678.32
964.12	563.64
964.29	123.33
964.46	286.14
964.63	373.18
964.80	563.64
964.97	266.00
965.14	176.91
965.31	492.98
965.48	428.13
965.65	288.87
965.82	159.51
965.99	358.50
966.16	492.64
966.33	302.52
966.50	157.80
966.67	447.59
966.84	595.38
967.01	202.85
967.18	188.18
967.35	532.24
967.52	372.49
967.69	160.19
967.86	121.62
968.03	880.39
968.20	214.46
968.37	169.06
968.54	122.64
968.71	594.70
968.88	541.45
969.05	233.23
969.22	182.03
969.39	252.35
969.56	870.15
969.73	161.21
969.90	190.23
970.07	541.11
970.24	431.54
970.41	131.18
970.58	171.11
970.75	668.43
970.92	449.64
971.09	329.83
971.26	179.99
971.43	449.98
971.60	894.04
971.77	207.63
971.94	254.40
972.11	423.35
972.28	343.48
972.45	179.30
972.62	129.47
972.79	632.93
972.96	618.59
973.12	181.01
973.29	154.39
973.46	529.16
973.63	139.37
973.80	373.86
973.97	182.38
974.14	694.71
974.31	153.36
974.48	271.12
974.65	123.67
974.82	449.64
974.99	161.90
975.16	273.17
975.33	197.39
975.50	607.33
975.67	570.81
975.84	451.68
976.01	135.27
976.18	418.57
976.35	295.35
976.51	339.39
976.68	221.29
976.85	511.07
977.02	319.59
977.19	290.58
977.36	54.72
977.53	382.73
977.70	504.25
977.87	364.30
978.04	141.07
978.21	352.70
978.38	471.48
978.55	191.59
978.72	166.67
978.88	385.47
979.05	407.65
979.22	185.45
979.39	121.96
979.56	530.53
979.73	378.30
979.90	289.89
980.07	350.31
980.24	293.31
980.41	503.91
980.58	246.20
980.75	139.37
980.91	558.18
981.08	340.41
981.25	243.13
981.42	361.57
981.59	385.12
981.76	497.08
981.93	255.42
982.10	90.90
982.27	491.62
982.44	423.35
982.60	239.38
982.77	232.89
982.94	552.72
983.11	534.97
983.28	238.69
983.45	286.82
983.62	372.84
983.79	481.72
983.95	212.07
984.12	172.82
984.29	421.65
984.46	248.25
984.63	73.15
984.80	184.08
984.97	674.57
985.14	534.28
985.30	133.22
985.47	167.70
985.64	668.77
985.81	344.85
985.98	120.59
986.15	209.00
986.32	523.36
986.49	484.11
986.65	126.74
986.82	105.23
986.99	650.68
987.16	444.52
987.33	260.54
987.50	264.29
987.67	408.33
987.83	362.26
988.00	244.84
988.17	332.22
988.34	531.21
988.51	453.73
988.68	353.38
988.84	131.18
989.01	371.13
989.18	554.76
989.35	190.57
989.52	79.64
989.69	350.65
989.86	391.61
990.02	205.24
990.19	329.83
990.36	114.11
990.53	1043.55
990.70	138.69
990.87	211.05
991.03	549.64
991.20	175.89
991.37	262.59
991.54	146.19
991.71	392.63
991.87	523.70
992.04	249.96
992.21	289.21
992.38	682.42
992.55	581.39
992.72	129.13
992.88	194.32
993.05	360.89
993.22	568.76
993.39	236.30
993.56	150.29
993.72	555.11
993.89	558.52
994.06	214.12
994.23	195.00
994.40	522.00
994.56	345.53
994.73	220.95
994.90	122.30
995.07	352.02
995.24	489.23
995.40	206.95
995.57	270.44
995.74	690.27
995.91	509.71
996.08	164.97
996.24	204.22
996.41	751.03
996.58	464.65
996.75	63.25
996.92	216.17
997.08	603.92
997.25	424.72
997.42	143.12
997.59	245.18
997.75	608.69
997.92	704.61
998.09	165.65
998.26	93.29
998.43	461.92
998.59	398.78
998.76	203.88
998.93	370.79
999.10	631.90
999.26	330.85
999.43	156.78
999.60	230.16
999.77	829.87
999.93	368.74
1000.10	222.65
1000.27	166.33
1000.44	457.83
1000.60	312.42
1000.77	232.21
1000.94	161.90
1001.11	683.10
1001.28	489.91
1001.44	181.69
1001.61	181.69
1001.78	417.21
1001.95	652.73
1002.11	265.66
1002.28	296.38
1002.45	489.91
1002.61	388.20
1002.78	155.41
1002.95	346.21
1003.12	472.50
1003.28	576.61
1003.45	126.06
1003.62	109.33
1003.79	401.85
1003.95	370.11
1004.12	224.36
1004.29	77.59
1004.46	625.42
1004.62	508.34
1004.79	147.22
1004.96	273.85
1005.12	792.33
1005.29	190.91
1005.46	307.30
1005.63	238.69
1005.79	259.52
1005.96	522.00
1006.13	169.75
1006.29	292.97
1006.46	282.04
1006.63	685.49
1006.80	271.46
1006.96	242.45
1007.13	400.83
1007.30	507.32
1007.46	385.12
1007.63	103.19
1007.80	594.70
1007.97	604.26
1008.13	132.88
1008.30	116.84
1008.47	534.28
1008.63	515.17
1008.80	246.89
1008.97	284.77
1009.13	369.76
1009.30	364.64
1009.47	168.72
1009.64	244.50
1009.80	410.38
1009.97	662.97
1010.14	314.13
1010.30	261.90
1010.47	310.37
1010.64	466.02
1010.80	299.45
1010.97	79.29
1011.14	334.61
1011.30	1026.14
1011.47	189.54
1011.64	317.88
1011.80	471.82
1011.97	445.20
1012.14	159.51
1012.30	124.35
1012.47	584.80
1012.64	684.13
1012.80	176.57
1012.97	212.07
1013.14	486.50
1013.30	771.51
1013.47	205.59
1013.64	178.96
1013.80	470.46
1013.97	534.63
1014.14	63.25
1014.30	237.67
1014.47	619.96
1014.64	407.65
1014.80	307.98
1014.97	177.26
1015.14	591.63
1015.30	642.49
1015.47	164.97
1015.64	172.48
1015.80	505.61
1015.97	519.61
1016.13	170.09
1016.30	268.73
1016.47	520.63
1016.63	433.25
1016.80	72.81
1016.97	104.21
1017.13	220.26
1017.30	458.85
1017.47	188.18
1017.63	137.32
1017.80	653.75
1017.96	545.21
1018.13	387.17
1018.30	193.64
1018.46	500.49
1018.63	427.79
1018.80	144.49
1018.96	191.59
1019.13	508.00
1019.29	427.79
1019.46	154.04
1019.63	193.98
1019.79	270.10
1019.96	622.35
1020.13	166.33
1020.29	263.61
1020.46	599.14
1020.62	621.32
1020.79	147.22
1020.96	369.76
1021.12	617.57
1021.29	423.69
1021.45	371.13
1021.62	165.31
1021.79	239.38
1021.95	558.18
1022.12	367.37
1022.28	119.23
1022.45	538.04
1022.62	744.88
1022.78	271.46
1022.95	271.12
1023.11	737.72
1023.28	401.51
1023.45	177.26
1023.61	144.83
1023.78	673.89
1023.94	499.81
1024.11	212.41
1024.27	323.68
1024.44	423.35
1024.61	583.09
1024.77	99.77
1024.94	220.95
1025.10	387.17
1025.27	531.55
1025.43	210.02
1025.60	70.76
1025.77	693.00
1025.93	366.01
1026.10	112.40
1026.26	171.11
1026.43	531.55
1026.59	667.74
1026.76	177.60
1026.93	200.81
1027.09	466.70
1027.26	421.30
1027.42	207.97
1027.59	141.07
1027.75	500.49
1027.92	521.31
1028.08	180.33
1028.25	131.18
1028.42	584.46
1028.58	353.38
1028.75	314.47
1028.91	110.70
1029.08	957.19
1029.24	535.31
1029.41	279.65
1029.57	201.83
1029.74	507.66
1029.91	281.70
1030.07	118.55
1030.24	259.52
1030.40	360.55
1030.57	453.39
1030.73	355.09
1030.90	202.51
1031.06	672.86
1031.23	654.43
1031.39	182.38
1031.56	61.54
1031.72	386.83
1031.89	640.78
1032.05	222.99
1032.22	184.42
1032.38	470.80
1032.55	687.54
1032.72	189.54
1032.88	266.34
1033.05	499.47
1033.21	527.12
1033.38	114.45
1033.54	139.71
1033.71	526.78
1033.87	766.39
1034.04	189.54
1034.20	210.02
1034.37	522.00
1034.53	506.98
1034.70	247.57
1034.86	90.22
1035.03	640.44
1035.19	507.66
1035.36	249.96
1035.52	93.63
1035.69	498.44
1035.85	843.19
1036.02	270.44
1036.18	96.70
1036.35	330.51
1036.51	877.66
1036.68	171.79
1036.84	171.45
1037.01	427.79
1037.17	535.99
1037.34	59.16
1037.50	227.43
1037.67	795.06
