File Dati SpectraSuite
++++++++++++++++++++++++++++++++++++
Data: Tue Feb 26 17:04:39 CET 2019
Utente: Studente
Spettro Scuro Presente: No
Spettro di Riferimento Presente: No
Numero di Componenti Spettri Campionati: 1
Spettrometri: USB4F01341
Tempo di integrazione (usec): 2000 (USB4F01341)
Media Spettri: 200 (USB4F01341)
Appiattimento Boxcar: 0 (USB4F01341)
Correggi Oscurità Elettronica: No (USB4F01341)
Strobo/Lampada Abilitato: No (USB4F01341)
Correct for Detector Non-linearity: No (USB4F01341)
Correggi Stray Light: No (USB4F01341)
Numero di Pixel nello Spettro Elaborato: 3648
>>>>>Comincia Dati dello Spettro Elaborati<<<<<
0,00	1290,23
1,00	1290,23
2,00	1290,23
3,00	1282,12
4,00	1284,46
5,00	1285,71
6,00	1284,22
7,00	1283,72
8,00	1286,12
9,00	1288,16
10,00	1290,27
11,00	1281,98
12,00	1291,97
13,00	1284,53
14,00	1288,41
15,00	1284,25
16,00	1292,44
17,00	1282,13
18,00	1292,03
19,00	1289,03
20,00	1295,93
21,00	1284,78
22,00	1295,18
23,00	1287,45
24,00	1294,31
25,00	1289,20
26,00	1292,29
27,00	1285,91
28,00	1287,03
29,00	1286,28
30,00	1293,36
31,00	1289,34
32,00	1293,29
33,00	1290,94
34,00	1291,14
35,00	1285,89
36,00	1297,36
37,00	1291,73
38,00	1290,29
39,00	1285,34
40,00	1294,51
41,00	1290,70
42,00	1288,42
43,00	1294,20
44,00	1293,29
45,00	1290,50
46,00	1294,90
47,00	1288,73
48,00	1297,84
49,00	1291,88
50,00	1294,80
51,00	1286,20
52,00	1295,14
53,00	1289,93
54,00	1292,57
55,00	1291,32
56,00	1294,55
57,00	1292,93
58,00	1294,93
59,00	1294,23
60,00	1295,91
61,00	1294,41
62,00	1299,06
63,00	1289,10
64,00	1294,98
65,00	1289,00
66,00	1297,66
67,00	1294,83
68,00	1299,33
69,00	1290,89
70,00	1294,98
71,00	1290,86
72,00	1294,63
73,00	1291,26
74,00	1299,50
75,00	1289,20
76,00	1297,55
77,00	1293,14
78,00	1298,68
79,00	1292,14
80,00	1296,19
81,00	1287,65
82,00	1295,65
83,00	1291,51
84,00	1294,27
85,00	1292,75
86,00	1299,86
87,00	1291,28
88,00	1298,86
89,00	1294,70
90,00	1298,66
91,00	1290,68
92,00	1298,97
93,00	1294,72
94,00	1300,36
95,00	1290,52
96,00	1301,24
97,00	1294,53
98,00	1298,18
99,00	1291,60
100,00	1297,54
101,00	1293,52
102,00	1299,51
103,00	1300,97
104,00	1299,94
105,00	1293,82
106,00	1305,59
107,00	1295,95
108,00	1303,33
109,00	1298,98
110,00	1302,31
111,00	1299,05
112,00	1300,02
113,00	1303,59
114,00	1306,83
115,00	1301,71
116,00	1302,82
117,00	1299,93
118,00	1304,06
119,00	1296,29
120,00	1307,14
121,00	1297,81
122,00	1306,53
123,00	1300,53
124,00	1307,91
125,00	1299,65
126,00	1305,40
127,00	1302,32
128,00	1304,26
129,00	1302,63
130,00	1309,01
131,00	1298,63
132,00	1312,90
133,00	1304,58
134,00	1311,55
135,00	1307,42
136,00	1311,41
137,00	1299,94
138,00	1310,34
139,00	1309,30
140,00	1308,63
141,00	1305,86
142,00	1312,44
143,00	1309,33
144,00	1307,90
145,00	1308,64
146,00	1309,40
147,00	1310,59
148,00	1317,64
149,00	1308,75
150,00	1311,17
151,00	1306,23
152,00	1313,39
153,00	1304,30
154,00	1310,20
155,00	1305,46
156,00	1305,48
157,00	1310,59
158,00	1317,37
159,00	1316,48
160,00	1324,12
161,00	1327,55
162,00	1325,88
163,00	1324,85
164,00	1323,44
165,00	1321,89
166,00	1322,18
167,00	1321,70
168,00	1321,54
169,00	1320,75
170,00	1323,26
171,00	1322,26
172,00	1325,69
173,00	1325,32
174,00	1335,93
175,00	1328,97
176,00	1331,51
177,00	1335,02
178,00	1331,50
179,00	1333,78
180,00	1331,92
181,00	1336,67
182,00	1336,54
183,00	1340,57
184,00	1339,76
185,00	1341,89
186,00	1345,37
187,00	1344,68
188,00	1340,51
189,00	1352,56
190,00	1343,33
191,00	1354,16
192,00	1350,85
193,00	1361,89
194,00	1358,36
195,00	1360,27
196,00	1352,38
197,00	1371,33
198,00	1361,42
199,00	1364,99
200,00	1361,43
201,00	1374,03
202,00	1368,15
203,00	1380,76
204,00	1367,77
205,00	1377,25
206,00	1370,12
207,00	1388,22
208,00	1382,13
209,00	1403,23
210,00	1386,86
211,00	1408,91
212,00	1386,97
213,00	1412,28
214,00	1388,15
215,00	1407,95
216,00	1402,55
217,00	1433,23
218,00	1408,80
219,00	1439,10
220,00	1414,54
221,00	1435,48
222,00	1408,42
223,00	1430,58
224,00	1417,45
225,00	1467,00
226,00	1429,40
227,00	1446,62
228,00	1429,31
229,00	1468,19
230,00	1440,35
231,00	1489,79
232,00	1457,70
233,00	1503,19
234,00	1460,91
235,00	1522,01
236,00	1479,21
237,00	1520,30
238,00	1473,43
239,00	1570,31
240,00	1509,66
241,00	1553,36
242,00	1514,46
243,00	1586,10
244,00	1502,75
245,00	1555,63
246,00	1558,25
247,00	1622,50
248,00	1541,99
249,00	1626,29
250,00	1549,10
251,00	1697,71
252,00	1538,22
253,00	1644,68
254,00	1598,17
255,00	1671,42
256,00	1605,05
257,00	1710,73
258,00	1659,88
259,00	1704,33
260,00	1656,97
261,00	1809,28
262,00	1698,26
263,00	1769,15
264,00	1743,08
265,00	1790,72
266,00	1705,71
267,00	1813,00
268,00	1763,45
269,00	1805,04
270,00	1865,88
271,00	1918,21
272,00	1832,18
273,00	1897,98
274,00	1866,01
275,00	2109,70
276,00	1873,28
277,00	1970,83
278,00	1888,01
279,00	2170,73
280,00	1935,42
281,00	2112,02
282,00	2010,42
283,00	2178,44
284,00	2021,62
285,00	2202,54
286,00	2045,74
287,00	2175,35
288,00	2052,11
289,00	2502,20
290,00	2231,26
291,00	2257,09
292,00	2188,04
293,00	2293,93
294,00	2285,70
295,00	2486,96
296,00	2225,34
297,00	2500,85
298,00	2237,38
299,00	2540,77
300,00	2304,58
301,00	2686,69
302,00	2453,29
303,00	2632,47
304,00	2652,23
305,00	2881,88
306,00	2592,11
307,00	2782,44
308,00	2483,86
309,00	2784,88
310,00	2675,57
311,00	2701,98
312,00	2594,69
313,00	2979,08
314,00	2813,23
315,00	3043,57
316,00	2928,48
317,00	3089,05
318,00	2966,94
319,00	3243,57
320,00	2973,39
321,00	3296,28
322,00	2743,11
323,00	3348,75
324,00	3043,55
325,00	3377,41
326,00	3047,84
327,00	3418,95
328,00	3395,49
329,00	3650,81
330,00	3454,66
331,00	3487,97
332,00	3171,58
333,00	3505,28
334,00	3232,45
335,00	3621,43
336,00	3228,14
337,00	3571,39
338,00	3547,58
339,00	3671,01
340,00	3486,24
341,00	3901,18
342,00	3624,28
343,00	4259,69
344,00	3454,55
345,00	3969,08
346,00	3687,12
347,00	3913,06
348,00	3910,18
349,00	3938,50
350,00	3838,21
351,00	4220,06
352,00	3941,87
353,00	4005,47
354,00	4042,05
355,00	4263,67
356,00	4060,26
357,00	4462,79
358,00	4264,29
359,00	4443,76
360,00	4042,08
361,00	4688,15
362,00	4276,18
363,00	4368,83
364,00	3970,96
365,00	4654,17
366,00	4928,57
367,00	4758,25
368,00	4529,41
369,00	4686,75
370,00	4540,37
371,00	4693,89
372,00	4416,50
373,00	4734,82
374,00	4480,12
375,00	5034,26
376,00	4236,88
377,00	5013,02
378,00	4798,09
379,00	5229,30
380,00	5107,43
381,00	4921,81
382,00	4864,66
383,00	5623,81
384,00	5043,08
385,00	5711,54
386,00	4975,96
387,00	5564,69
388,00	4995,95
389,00	5675,15
390,00	5173,25
391,00	5651,35
392,00	5438,44
393,00	5361,15
394,00	5694,03
395,00	5655,20
396,00	5328,52
397,00	6429,09
398,00	5947,05
399,00	6384,35
400,00	5736,68
401,00	6140,04
402,00	5619,89
403,00	6272,51
404,00	6091,48
405,00	6598,76
406,00	6037,63
407,00	6544,77
408,00	6330,50
409,00	6273,59
410,00	5845,21
411,00	6254,40
412,00	6140,72
413,00	6378,95
414,00	6585,12
415,00	7073,65
416,00	6909,01
417,00	6754,63
418,00	6611,66
419,00	6500,45
420,00	6973,63
421,00	7515,07
422,00	6949,00
423,00	6830,24
424,00	7425,12
425,00	7468,94
426,00	6936,47
427,00	7260,74
428,00	7805,82
429,00	7640,48
430,00	6924,16
431,00	7643,79
432,00	7235,28
433,00	8362,53
434,00	7141,55
435,00	8155,89
436,00	7337,95
437,00	8530,96
438,00	7507,64
439,00	7989,25
440,00	8001,88
441,00	8339,34
442,00	8451,86
443,00	8249,72
444,00	7911,18
445,00	9055,61
446,00	8469,71
447,00	8896,99
448,00	8210,41
449,00	8646,09
450,00	8088,48
451,00	8732,01
452,00	8087,64
453,00	9480,35
454,00	8821,49
455,00	9035,60
456,00	8504,84
457,00	9513,89
458,00	8716,82
459,00	8846,27
460,00	8180,00
461,00	9140,39
462,00	8981,99
463,00	9373,76
464,00	9300,89
465,00	9536,09
466,00	9225,34
467,00	9880,59
468,00	9014,46
469,00	9792,83
470,00	9772,23
471,00	9658,31
472,00	9031,47
473,00	9877,13
474,00	9464,61
475,00	10149,21
476,00	9273,98
477,00	9364,12
478,00	9551,22
479,00	9916,48
480,00	10247,62
481,00	10707,23
482,00	10379,75
483,00	9814,50
484,00	10096,30
485,00	9966,17
486,00	9641,50
487,00	9632,44
488,00	9210,94
489,00	9849,47
490,00	9556,83
491,00	10879,61
492,00	10623,81
493,00	11392,52
494,00	10179,06
495,00	10641,13
496,00	10043,22
497,00	10350,18
498,00	10424,11
499,00	10717,55
500,00	10814,32
501,00	11048,32
502,00	10585,19
503,00	10869,79
504,00	11336,15
505,00	11211,29
506,00	10525,16
507,00	10933,20
508,00	10824,25
509,00	11009,20
510,00	10858,50
511,00	11005,15
512,00	10934,82
513,00	10819,28
514,00	10469,85
515,00	11062,47
516,00	10989,37
517,00	10784,92
518,00	10257,17
519,00	11590,54
520,00	11591,81
521,00	12359,88
522,00	11192,55
523,00	11945,45
524,00	11421,35
525,00	12040,88
526,00	12214,02
527,00	12818,38
528,00	13379,84
529,00	12128,34
530,00	12151,59
531,00	12171,97
532,00	11268,84
533,00	12199,83
534,00	12709,42
535,00	12678,88
536,00	12304,43
537,00	12465,50
538,00	12230,23
539,00	13090,50
540,00	13007,86
541,00	13052,59
542,00	12155,01
543,00	12358,75
544,00	12010,81
545,00	13381,81
546,00	12599,08
547,00	12946,44
548,00	13860,51
549,00	12971,52
550,00	12770,08
551,00	12848,53
552,00	14067,19
553,00	13876,25
554,00	12792,27
555,00	14112,39
556,00	13380,64
557,00	13971,97
558,00	14760,12
559,00	14806,50
560,00	13284,97
561,00	13311,19
562,00	13877,89
563,00	15220,02
564,00	14682,47
565,00	14922,33
566,00	14248,95
567,00	15325,37
568,00	14890,56
569,00	14928,90
570,00	14748,58
571,00	15967,30
572,00	14673,93
573,00	15289,49
574,00	15012,99
575,00	16353,64
576,00	17256,66
577,00	17809,63
578,00	16649,35
579,00	15371,34
580,00	17196,05
581,00	16631,41
582,00	15187,79
583,00	17515,40
584,00	17019,59
585,00	18151,33
586,00	17456,27
587,00	17813,82
588,00	18331,77
589,00	17709,37
590,00	17013,29
591,00	18031,40
592,00	17302,04
593,00	18298,00
594,00	18970,13
595,00	20043,16
596,00	17991,00
597,00	19503,44
598,00	18671,11
599,00	19647,93
600,00	20582,13
601,00	20341,01
602,00	20989,02
603,00	19664,93
604,00	19543,32
605,00	21329,40
606,00	20436,63
607,00	20759,45
608,00	19684,71
609,00	21044,86
610,00	20116,33
611,00	21152,55
612,00	22365,00
613,00	23760,79
614,00	22997,96
615,00	22938,50
616,00	22161,40
617,00	21546,09
618,00	21936,61
619,00	22313,79
620,00	22766,42
621,00	22635,54
622,00	22959,89
623,00	24030,88
624,00	24630,04
625,00	24294,34
626,00	24878,80
627,00	24855,51
628,00	24613,15
629,00	25331,06
630,00	25291,92
631,00	25752,98
632,00	26764,87
633,00	27652,00
634,00	26041,21
635,00	28371,47
636,00	27160,47
637,00	28355,22
638,00	28231,73
639,00	28833,17
640,00	28000,32
641,00	29047,59
642,00	29468,67
643,00	29640,30
644,00	29572,75
645,00	30747,39
646,00	30344,51
647,00	30362,69
648,00	31261,91
649,00	31508,55
650,00	32122,51
651,00	31292,96
652,00	32796,12
653,00	32111,79
654,00	32570,19
655,00	32065,46
656,00	33084,39
657,00	33614,51
658,00	32713,56
659,00	33900,80
660,00	33590,76
661,00	35403,51
662,00	34572,22
663,00	35197,90
664,00	35744,24
665,00	35418,32
666,00	35225,43
667,00	36239,65
668,00	36674,83
669,00	37560,82
670,00	37629,50
671,00	37517,65
672,00	36878,44
673,00	38613,11
674,00	38066,76
675,00	39356,89
676,00	38989,86
677,00	38821,46
678,00	38613,75
679,00	40084,36
680,00	39247,44
681,00	40040,65
682,00	39466,20
683,00	40807,73
684,00	41197,29
685,00	42025,63
686,00	41139,44
687,00	41084,22
688,00	40585,72
689,00	42012,76
690,00	41619,46
691,00	42160,10
692,00	41808,46
693,00	41924,57
694,00	43050,82
695,00	42800,68
696,00	43431,11
697,00	43241,02
698,00	42946,91
699,00	43981,39
700,00	44201,65
701,00	44880,51
702,00	44350,13
703,00	45209,37
704,00	44632,35
705,00	44586,75
706,00	44842,97
707,00	45380,93
708,00	45385,63
709,00	45596,18
710,00	45623,73
711,00	45742,17
712,00	45218,85
713,00	45397,56
714,00	46308,60
715,00	46037,92
716,00	46306,13
717,00	46206,88
718,00	46545,21
719,00	47008,31
720,00	47014,78
721,00	47218,69
722,00	47023,85
723,00	47032,91
724,00	47660,28
725,00	47380,32
726,00	46579,66
727,00	47698,63
728,00	47332,91
729,00	48120,53
730,00	47787,30
731,00	48155,59
732,00	47270,55
733,00	48586,82
734,00	47962,84
735,00	48605,49
736,00	47893,31
737,00	47855,65
738,00	48673,08
739,00	49259,85
740,00	49239,30
741,00	48630,16
742,00	48937,44
743,00	49312,66
744,00	49092,96
745,00	50381,13
746,00	48898,43
747,00	49339,01
748,00	48429,67
749,00	49595,99
750,00	49448,04
751,00	50140,70
752,00	50155,34
753,00	49733,27
754,00	49350,31
755,00	50445,69
756,00	49956,95
757,00	50762,34
758,00	49760,54
759,00	50484,48
760,00	50054,60
761,00	50654,41
762,00	49943,24
763,00	50513,06
764,00	50639,44
765,00	50695,29
766,00	50661,65
767,00	51072,25
768,00	50604,88
769,00	50383,48
770,00	50331,42
771,00	51030,93
772,00	51106,51
773,00	51005,35
774,00	51251,11
775,00	51205,17
776,00	51052,94
777,00	51549,86
778,00	51595,95
779,00	51886,69
780,00	51667,43
781,00	51764,38
782,00	51919,55
783,00	51884,33
784,00	51985,94
785,00	52471,21
786,00	51450,65
787,00	52436,29
788,00	51986,59
789,00	52459,12
790,00	52055,13
791,00	52761,01
792,00	52532,43
793,00	52828,94
794,00	52315,39
795,00	52927,66
796,00	52719,35
797,00	53383,61
798,00	53141,19
799,00	53388,15
800,00	52783,55
801,00	53531,49
802,00	53434,81
803,00	53949,08
804,00	53242,10
805,00	53667,14
806,00	53252,40
807,00	53862,71
808,00	53557,26
809,00	53410,73
810,00	53495,37
811,00	53739,68
812,00	53491,78
813,00	54233,25
814,00	53896,05
815,00	54093,94
816,00	53990,42
817,00	54755,39
818,00	53920,46
819,00	54424,59
820,00	54892,49
821,00	55439,28
822,00	54182,10
823,00	54987,97
824,00	55077,91
825,00	55119,26
826,00	54923,30
827,00	55614,16
828,00	55271,59
829,00	55218,52
830,00	55751,81
831,00	55480,48
832,00	56109,43
833,00	55710,24
834,00	55064,30
835,00	55896,89
836,00	55426,93
837,00	56377,95
838,00	56161,61
839,00	56131,65
840,00	56488,60
841,00	56704,84
842,00	56199,55
843,00	56602,42
844,00	56373,09
845,00	56450,41
846,00	56877,70
847,00	56857,71
848,00	56339,08
849,00	57153,88
850,00	56598,66
851,00	57282,25
852,00	56119,91
853,00	57487,58
854,00	56096,86
855,00	57625,53
856,00	56326,21
857,00	57182,80
858,00	57390,71
859,00	57494,35
860,00	57172,46
861,00	58164,45
862,00	57029,00
863,00	57860,07
864,00	57093,12
865,00	57708,68
866,00	57591,83
867,00	57542,92
868,00	57797,35
869,00	57752,53
870,00	57513,21
871,00	58382,35
872,00	58246,93
873,00	57543,20
874,00	57916,20
875,00	57673,34
876,00	57398,24
877,00	58404,05
878,00	57531,56
879,00	58197,22
880,00	57740,97
881,00	59232,72
882,00	57915,78
883,00	58985,07
884,00	58338,81
885,00	58065,47
886,00	58004,73
887,00	57723,29
888,00	58436,30
889,00	58212,05
890,00	58718,41
891,00	58636,64
892,00	58124,56
893,00	58942,42
894,00	58044,29
895,00	58885,57
896,00	58038,88
897,00	58591,90
898,00	58535,51
899,00	59022,18
900,00	58176,84
901,00	58676,18
902,00	58653,72
903,00	58408,66
904,00	58862,18
905,00	58743,97
906,00	59128,46
907,00	58451,44
908,00	58640,18
909,00	58705,77
910,00	58413,67
911,00	58464,31
912,00	59154,60
913,00	58640,62
914,00	59061,54
915,00	58165,67
916,00	58555,43
917,00	58913,76
918,00	58394,69
919,00	59520,80
920,00	59007,02
921,00	58776,80
922,00	59207,71
923,00	58944,07
924,00	59076,06
925,00	59247,62
926,00	58921,75
927,00	59424,87
928,00	58584,62
929,00	58631,94
930,00	59161,33
931,00	58586,57
932,00	59380,06
933,00	59429,67
934,00	58429,73
935,00	59560,50
936,00	59104,27
937,00	58910,49
938,00	59045,54
939,00	59012,63
940,00	59590,05
941,00	59063,98
942,00	58956,09
943,00	59147,99
944,00	58492,97
945,00	59197,78
946,00	58771,46
947,00	59051,00
948,00	59061,52
949,00	58951,64
950,00	59322,33
951,00	59769,49
952,00	57784,17
953,00	59394,10
954,00	58889,20
955,00	59461,01
956,00	59258,24
957,00	59287,63
958,00	59374,44
959,00	59276,56
960,00	59272,95
961,00	59542,47
962,00	59620,24
963,00	59313,74
964,00	58871,54
965,00	59262,68
966,00	59097,00
967,00	59578,44
968,00	59387,96
969,00	59182,58
970,00	59099,86
971,00	59964,56
972,00	59203,92
973,00	59363,88
974,00	59281,17
975,00	59439,34
976,00	59252,96
977,00	59335,86
978,00	59172,44
979,00	59502,05
980,00	58842,37
981,00	59549,98
982,00	59288,30
983,00	58604,91
984,00	59198,10
985,00	60001,93
986,00	59006,19
987,00	59640,70
988,00	59690,92
989,00	59340,61
990,00	59466,33
991,00	59416,45
992,00	59511,63
993,00	59650,71
994,00	59546,48
995,00	59422,51
996,00	59482,26
997,00	60041,19
998,00	59551,97
999,00	60172,41
1000,00	59630,51
1001,00	60171,83
1002,00	59777,54
1003,00	60012,97
1004,00	59462,86
1005,00	59696,77
1006,00	59170,30
1007,00	60139,80
1008,00	59964,61
1009,00	59812,66
1010,00	59799,46
1011,00	59911,84
1012,00	60060,24
1013,00	60003,77
1014,00	60091,84
1015,00	60230,62
1016,00	59971,86
1017,00	60622,30
1018,00	60001,27
1019,00	59956,15
1020,00	60202,30
1021,00	59505,59
1022,00	59613,37
1023,00	60070,05
1024,00	60560,66
1025,00	60183,65
1026,00	59286,34
1027,00	60127,21
1028,00	59545,34
1029,00	60150,80
1030,00	59602,66
1031,00	60045,48
1032,00	59132,60
1033,00	59937,82
1034,00	59852,83
1035,00	61081,97
1036,00	59792,12
1037,00	60689,44
1038,00	60545,25
1039,00	60291,04
1040,00	60211,68
1041,00	60372,99
1042,00	60771,34
1043,00	60354,79
1044,00	60533,11
1045,00	60889,86
1046,00	60551,19
1047,00	59950,52
1048,00	60455,67
1049,00	60188,96
1050,00	60309,93
1051,00	60560,61
1052,00	60445,82
1053,00	61159,70
1054,00	60452,34
1055,00	60910,18
1056,00	60507,81
1057,00	60545,31
1058,00	60088,51
1059,00	60660,07
1060,00	60379,95
1061,00	60770,63
1062,00	60303,80
1063,00	60764,16
1064,00	60303,47
1065,00	60569,04
1066,00	60607,84
1067,00	60802,65
1068,00	60755,24
1069,00	60423,42
1070,00	60073,45
1071,00	60539,75
1072,00	60691,58
1073,00	60276,82
1074,00	60708,67
1075,00	59911,74
1076,00	59970,39
1077,00	60283,28
1078,00	60203,13
1079,00	60240,08
1080,00	60287,48
1081,00	60137,18
1082,00	59999,48
1083,00	60621,14
1084,00	60403,64
1085,00	60172,30
1086,00	60020,82
1087,00	60306,55
1088,00	60512,89
1089,00	60115,17
1090,00	60570,68
1091,00	60334,66
1092,00	59811,62
1093,00	59651,34
1094,00	59316,54
1095,00	59562,09
1096,00	60214,50
1097,00	60223,12
1098,00	59902,89
1099,00	60109,12
1100,00	59582,80
1101,00	59618,32
1102,00	59631,67
1103,00	59763,11
1104,00	60062,82
1105,00	59255,58
1106,00	59724,19
1107,00	60074,01
1108,00	59601,55
1109,00	59548,02
1110,00	59468,98
1111,00	59257,42
1112,00	58992,15
1113,00	59137,15
1114,00	59071,84
1115,00	59532,01
1116,00	59018,72
1117,00	58727,75
1118,00	59596,44
1119,00	59187,97
1120,00	58711,79
1121,00	58890,05
1122,00	59333,30
1123,00	59396,50
1124,00	58556,32
1125,00	58458,78
1126,00	58674,87
1127,00	58442,78
1128,00	57950,12
1129,00	58444,58
1130,00	58220,80
1131,00	59193,81
1132,00	58283,98
1133,00	58645,61
1134,00	58201,79
1135,00	58285,98
1136,00	58215,96
1137,00	58825,07
1138,00	58126,60
1139,00	58053,58
1140,00	57449,23
1141,00	58409,05
1142,00	58040,49
1143,00	58339,65
1144,00	57892,40
1145,00	57871,97
1146,00	58341,98
1147,00	57841,81
1148,00	57463,91
1149,00	57794,34
1150,00	58177,83
1151,00	56939,72
1152,00	56964,92
1153,00	57546,83
1154,00	57178,20
1155,00	57452,90
1156,00	57078,84
1157,00	57050,04
1158,00	56724,96
1159,00	56968,66
1160,00	57082,82
1161,00	56678,94
1162,00	56516,05
1163,00	56855,74
1164,00	56382,90
1165,00	56899,01
1166,00	57004,22
1167,00	57293,48
1168,00	56201,99
1169,00	56700,45
1170,00	56889,32
1171,00	56395,77
1172,00	56786,47
1173,00	56296,67
1174,00	55849,75
1175,00	56125,47
1176,00	56476,21
1177,00	56079,37
1178,00	56075,02
1179,00	56522,13
1180,00	55557,70
1181,00	55842,79
1182,00	55407,43
1183,00	55697,97
1184,00	55458,02
1185,00	55426,80
1186,00	55468,75
1187,00	55030,32
1188,00	54985,22
1189,00	56020,69
1190,00	55095,21
1191,00	55430,78
1192,00	55191,96
1193,00	54812,54
1194,00	54427,72
1195,00	54919,27
1196,00	55068,80
1197,00	55056,00
1198,00	54452,49
1199,00	54836,12
1200,00	54741,86
1201,00	54414,29
1202,00	53836,94
1203,00	54561,56
1204,00	53980,27
1205,00	54654,78
1206,00	54386,29
1207,00	54875,21
1208,00	54602,81
1209,00	54296,93
1210,00	54340,35
1211,00	54198,45
1212,00	53950,50
1213,00	54166,89
1214,00	53731,80
1215,00	54226,04
1216,00	53465,92
1217,00	53631,11
1218,00	53676,29
1219,00	53876,30
1220,00	53918,57
1221,00	53735,40
1222,00	54102,07
1223,00	54436,00
1224,00	53688,16
1225,00	53926,95
1226,00	53570,92
1227,00	53670,09
1228,00	53380,50
1229,00	53707,43
1230,00	53283,61
1231,00	53640,03
1232,00	53649,14
1233,00	53395,18
1234,00	53439,76
1235,00	53113,56
1236,00	53057,01
1237,00	53011,26
1238,00	52323,03
1239,00	52906,92
1240,00	52734,82
1241,00	52994,59
1242,00	52290,05
1243,00	52929,50
1244,00	52090,27
1245,00	52646,25
1246,00	51935,63
1247,00	52464,01
1248,00	52916,01
1249,00	52233,01
1250,00	51629,11
1251,00	51969,32
1252,00	51912,30
1253,00	52171,67
1254,00	51419,20
1255,00	51924,09
1256,00	52074,67
1257,00	52237,64
1258,00	51830,55
1259,00	52237,92
1260,00	52207,98
1261,00	52105,17
1262,00	51897,75
1263,00	51636,14
1264,00	52017,02
1265,00	51923,07
1266,00	51846,48
1267,00	51786,54
1268,00	51690,85
1269,00	51698,59
1270,00	51134,33
1271,00	51461,88
1272,00	50610,89
1273,00	50994,04
1274,00	51239,01
1275,00	51249,03
1276,00	50976,13
1277,00	51152,01
1278,00	50526,26
1279,00	51649,61
1280,00	51338,10
1281,00	51425,70
1282,00	51054,66
1283,00	50873,58
1284,00	50646,12
1285,00	51344,91
1286,00	50534,39
1287,00	51316,67
1288,00	50441,26
1289,00	50831,33
1290,00	50200,72
1291,00	51068,73
1292,00	50468,13
1293,00	50918,32
1294,00	50207,31
1295,00	50241,60
1296,00	50662,77
1297,00	50562,94
1298,00	50043,85
1299,00	50091,16
1300,00	50360,06
1301,00	50021,92
1302,00	49258,96
1303,00	49918,85
1304,00	49356,41
1305,00	50185,70
1306,00	49749,87
1307,00	49792,49
1308,00	49334,28
1309,00	50067,91
1310,00	49882,07
1311,00	50223,73
1312,00	49749,39
1313,00	49862,42
1314,00	49231,12
1315,00	49504,74
1316,00	49528,40
1317,00	49348,69
1318,00	48599,07
1319,00	49206,23
1320,00	49231,61
1321,00	49058,84
1322,00	48633,96
1323,00	49216,54
1324,00	48775,20
1325,00	48808,44
1326,00	48981,25
1327,00	49349,48
1328,00	48785,40
1329,00	48826,48
1330,00	49267,05
1331,00	48958,76
1332,00	48289,79
1333,00	49205,01
1334,00	48534,69
1335,00	48495,18
1336,00	48091,30
1337,00	47966,05
1338,00	47940,04
1339,00	48711,14
1340,00	48128,73
1341,00	48197,14
1342,00	48284,23
1343,00	48224,76
1344,00	47881,22
1345,00	48207,70
1346,00	47756,92
1347,00	48077,74
1348,00	47472,98
1349,00	48265,96
1350,00	47373,02
1351,00	47808,49
1352,00	47056,11
1353,00	47341,97
1354,00	47201,35
1355,00	48159,98
1356,00	47168,32
1357,00	47618,52
1358,00	47250,56
1359,00	47079,56
1360,00	46935,94
1361,00	47156,63
1362,00	46767,09
1363,00	47198,98
1364,00	47056,86
1365,00	46748,16
1366,00	46800,88
1367,00	47064,01
1368,00	46680,78
1369,00	46652,19
1370,00	46423,99
1371,00	46671,74
1372,00	46045,46
1373,00	46580,00
1374,00	46388,72
1375,00	46028,04
1376,00	46019,86
1377,00	46306,10
1378,00	46072,41
1379,00	46037,39
1380,00	46102,14
1381,00	46432,63
1382,00	45954,25
1383,00	45851,11
1384,00	45639,51
1385,00	46013,98
1386,00	45289,17
1387,00	45551,04
1388,00	45666,74
1389,00	45978,08
1390,00	44999,22
1391,00	45361,06
1392,00	44980,88
1393,00	45143,67
1394,00	44880,02
1395,00	45333,75
1396,00	44646,57
1397,00	44743,16
1398,00	44725,16
1399,00	44767,51
1400,00	44782,21
1401,00	44377,55
1402,00	44507,01
1403,00	44081,25
1404,00	44218,72
1405,00	44399,01
1406,00	44601,55
1407,00	44258,35
1408,00	44345,60
1409,00	44281,44
1410,00	44138,40
1411,00	44139,13
1412,00	44118,59
1413,00	44292,62
1414,00	43797,84
1415,00	43902,97
1416,00	44184,62
1417,00	43950,85
1418,00	42842,23
1419,00	43364,21
1420,00	42927,48
1421,00	43379,56
1422,00	43342,75
1423,00	43598,88
1424,00	42629,86
1425,00	43325,59
1426,00	42763,69
1427,00	43322,61
1428,00	42888,01
1429,00	43088,82
1430,00	42707,86
1431,00	43027,86
1432,00	42760,31
1433,00	42483,19
1434,00	42377,73
1435,00	41699,66
1436,00	42291,18
1437,00	42652,01
1438,00	41866,87
1439,00	42105,72
1440,00	42112,43
1441,00	42285,03
1442,00	41281,42
1443,00	42069,27
1444,00	41545,09
1445,00	41269,12
1446,00	41170,32
1447,00	42003,36
1448,00	41650,18
1449,00	42118,69
1450,00	41430,16
1451,00	41474,55
1452,00	41008,92
1453,00	41241,95
1454,00	40865,23
1455,00	41017,73
1456,00	40828,81
1457,00	41254,28
1458,00	40772,41
1459,00	41304,19
1460,00	40631,92
1461,00	41041,02
1462,00	40536,22
1463,00	40554,77
1464,00	40015,66
1465,00	41014,99
1466,00	40239,24
1467,00	40382,17
1468,00	40481,11
1469,00	40590,92
1470,00	39993,93
1471,00	40522,90
1472,00	39736,00
1473,00	39802,70
1474,00	39567,07
1475,00	39834,97
1476,00	39667,75
1477,00	39962,19
1478,00	39352,32
1479,00	39816,71
1480,00	39298,50
1481,00	39312,52
1482,00	38953,26
1483,00	39210,10
1484,00	38664,12
1485,00	39221,64
1486,00	38934,43
1487,00	38920,87
1488,00	38356,64
1489,00	38524,45
1490,00	38591,13
1491,00	38940,41
1492,00	38366,76
1493,00	38454,81
1494,00	38613,88
1495,00	38467,66
1496,00	38211,67
1497,00	38640,95
1498,00	38025,22
1499,00	38177,55
1500,00	37864,38
1501,00	38266,86
1502,00	37334,48
1503,00	38037,18
1504,00	37598,60
1505,00	37952,96
1506,00	37801,09
1507,00	37670,97
1508,00	37651,42
1509,00	37870,69
1510,00	37062,98
1511,00	37349,24
1512,00	37248,90
1513,00	37491,67
1514,00	37622,90
1515,00	37318,70
1516,00	37186,75
1517,00	37542,92
1518,00	36990,88
1519,00	37106,62
1520,00	37046,53
1521,00	37121,56
1522,00	36802,05
1523,00	36838,79
1524,00	36681,79
1525,00	37150,44
1526,00	36019,23
1527,00	36737,20
1528,00	36319,28
1529,00	36482,12
1530,00	36345,83
1531,00	36349,81
1532,00	36226,47
1533,00	36225,11
1534,00	35966,09
1535,00	36135,96
1536,00	35740,02
1537,00	36127,36
1538,00	35722,45
1539,00	35706,56
1540,00	35624,48
1541,00	36105,06
1542,00	35718,98
1543,00	35814,55
1544,00	35394,84
1545,00	35679,74
1546,00	35068,35
1547,00	35648,33
1548,00	35301,29
1549,00	35367,78
1550,00	35416,04
1551,00	35281,44
1552,00	34708,00
1553,00	35553,51
1554,00	35008,66
1555,00	35155,50
1556,00	34705,22
1557,00	35198,61
1558,00	35048,68
1559,00	35122,42
1560,00	34548,06
1561,00	34940,88
1562,00	34413,91
1563,00	34418,08
1564,00	34311,94
1565,00	34474,76
1566,00	34109,55
1567,00	34105,78
1568,00	34035,83
1569,00	34290,34
1570,00	34228,53
1571,00	34043,39
1572,00	34269,17
1573,00	34133,84
1574,00	33737,22
1575,00	34081,24
1576,00	33594,29
1577,00	33699,84
1578,00	33245,95
1579,00	33811,06
1580,00	33352,10
1581,00	33741,67
1582,00	33269,14
1583,00	33475,49
1584,00	33311,93
1585,00	33361,11
1586,00	33102,12
1587,00	33131,36
1588,00	32828,18
1589,00	32963,79
1590,00	32723,30
1591,00	33072,72
1592,00	32507,95
1593,00	32846,65
1594,00	32567,82
1595,00	32806,96
1596,00	32557,28
1597,00	32518,09
1598,00	32487,16
1599,00	32797,63
1600,00	32145,83
1601,00	32572,80
1602,00	32217,76
1603,00	32560,49
1604,00	32227,59
1605,00	32474,72
1606,00	32173,58
1607,00	32218,76
1608,00	31785,99
1609,00	31913,57
1610,00	31626,61
1611,00	32183,40
1612,00	31532,75
1613,00	31729,58
1614,00	31369,26
1615,00	31592,85
1616,00	31166,58
1617,00	31657,43
1618,00	31185,77
1619,00	31511,30
1620,00	30911,23
1621,00	31150,26
1622,00	31429,09
1623,00	31277,57
1624,00	30884,85
1625,00	31220,82
1626,00	30925,66
1627,00	30911,68
1628,00	30644,39
1629,00	30640,81
1630,00	30184,93
1631,00	30327,33
1632,00	30277,87
1633,00	30677,65
1634,00	30431,23
1635,00	30236,83
1636,00	29988,22
1637,00	30474,55
1638,00	29925,46
1639,00	30466,11
1640,00	30111,52
1641,00	30160,17
1642,00	30038,37
1643,00	30117,56
1644,00	29821,02
1645,00	29887,67
1646,00	29272,97
1647,00	30025,18
1648,00	29398,33
1649,00	29805,10
1650,00	29117,83
1651,00	29871,69
1652,00	29209,21
1653,00	29481,41
1654,00	29278,54
1655,00	29284,52
1656,00	29046,74
1657,00	29439,76
1658,00	28821,45
1659,00	29074,01
1660,00	28694,80
1661,00	28775,37
1662,00	28852,02
1663,00	28545,01
1664,00	28640,22
1665,00	28794,68
1666,00	28167,95
1667,00	28807,73
1668,00	28202,65
1669,00	28368,26
1670,00	28199,30
1671,00	28475,42
1672,00	28233,37
1673,00	28395,50
1674,00	27998,40
1675,00	28048,64
1676,00	27831,78
1677,00	28096,91
1678,00	27768,97
1679,00	27881,01
1680,00	27490,42
1681,00	28016,89
1682,00	27592,73
1683,00	27593,30
1684,00	27355,72
1685,00	27216,26
1686,00	27111,83
1687,00	27482,61
1688,00	27051,74
1689,00	27355,61
1690,00	26774,18
1691,00	27242,97
1692,00	26536,87
1693,00	27019,49
1694,00	26876,56
1695,00	26830,42
1696,00	26759,37
1697,00	26768,28
1698,00	26563,57
1699,00	26467,94
1700,00	26398,25
1701,00	26563,33
1702,00	26191,55
1703,00	26358,81
1704,00	26004,10
1705,00	26114,33
1706,00	25779,63
1707,00	25982,17
1708,00	26109,00
1709,00	25883,19
1710,00	25365,69
1711,00	25958,46
1712,00	25446,38
1713,00	25929,37
1714,00	25607,77
1715,00	25444,86
1716,00	25570,56
1717,00	25759,94
1718,00	25040,21
1719,00	25253,65
1720,00	25111,77
1721,00	25338,36
1722,00	24819,15
1723,00	25126,84
1724,00	24902,60
1725,00	25265,16
1726,00	24727,79
1727,00	25106,69
1728,00	24555,12
1729,00	24972,22
1730,00	24625,41
1731,00	24610,01
1732,00	24095,00
1733,00	24459,76
1734,00	23951,89
1735,00	24369,19
1736,00	24019,61
1737,00	24264,77
1738,00	23701,92
1739,00	24142,91
1740,00	23597,35
1741,00	24007,93
1742,00	23501,79
1743,00	23654,77
1744,00	23156,38
1745,00	23661,01
1746,00	23254,65
1747,00	23526,51
1748,00	23160,55
1749,00	23413,76
1750,00	22958,05
1751,00	23169,22
1752,00	22877,79
1753,00	23138,71
1754,00	22904,68
1755,00	22944,99
1756,00	22755,23
1757,00	22967,40
1758,00	22533,53
1759,00	22836,39
1760,00	22771,46
1761,00	22522,79
1762,00	22543,38
1763,00	22530,71
1764,00	22138,30
1765,00	22562,79
1766,00	21942,05
1767,00	22152,65
1768,00	21714,46
1769,00	22387,82
1770,00	21840,79
1771,00	21788,89
1772,00	21731,96
1773,00	21909,91
1774,00	21480,50
1775,00	21664,19
1776,00	21474,37
1777,00	21781,69
1778,00	21086,10
1779,00	21494,97
1780,00	21220,42
1781,00	21271,81
1782,00	21094,69
1783,00	21221,02
1784,00	20913,10
1785,00	21237,44
1786,00	20611,66
1787,00	21021,47
1788,00	20802,61
1789,00	20772,75
1790,00	20573,07
1791,00	20904,33
1792,00	20372,04
1793,00	20907,87
1794,00	20260,82
1795,00	20612,73
1796,00	20137,14
1797,00	20427,72
1798,00	19970,85
1799,00	20339,62
1800,00	19943,69
1801,00	20099,77
1802,00	19899,50
1803,00	20143,21
1804,00	19591,03
1805,00	20116,49
1806,00	19669,40
1807,00	20093,31
1808,00	19600,47
1809,00	19820,67
1810,00	19600,77
1811,00	19599,92
1812,00	19180,64
1813,00	19513,67
1814,00	19208,51
1815,00	19213,17
1816,00	18943,85
1817,00	19356,70
1818,00	18892,74
1819,00	19348,82
1820,00	18862,30
1821,00	19065,80
1822,00	18719,51
1823,00	19288,96
1824,00	18831,33
1825,00	19141,70
1826,00	18519,77
1827,00	19000,46
1828,00	18600,08
1829,00	18845,55
1830,00	18446,13
1831,00	18728,47
1832,00	18297,92
1833,00	18711,24
1834,00	18202,21
1835,00	18692,40
1836,00	18140,56
1837,00	18363,93
1838,00	18145,31
1839,00	18425,52
1840,00	17779,06
1841,00	18627,07
1842,00	17886,70
1843,00	17984,60
1844,00	17703,79
1845,00	18015,58
1846,00	17580,64
1847,00	17833,38
1848,00	17672,41
1849,00	18018,53
1850,00	17558,70
1851,00	17852,08
1852,00	17505,40
1853,00	17751,46
1854,00	17390,64
1855,00	17730,91
1856,00	17092,64
1857,00	17826,56
1858,00	17365,14
1859,00	17633,46
1860,00	17179,18
1861,00	17468,35
1862,00	17166,03
1863,00	17469,51
1864,00	16947,36
1865,00	17437,89
1866,00	17012,39
1867,00	17495,61
1868,00	17072,35
1869,00	17496,45
1870,00	17108,07
1871,00	17325,15
1872,00	17307,31
1873,00	17250,07
1874,00	16969,27
1875,00	17269,87
1876,00	16660,04
1877,00	17240,51
1878,00	16846,21
1879,00	16916,64
1880,00	16732,88
1881,00	16969,13
1882,00	16709,91
1883,00	16940,94
1884,00	16768,28
1885,00	16903,31
1886,00	16536,88
1887,00	17038,94
1888,00	16344,81
1889,00	16968,61
1890,00	16575,77
1891,00	16837,77
1892,00	16539,67
1893,00	16802,50
1894,00	16316,55
1895,00	16839,07
1896,00	16568,11
1897,00	16818,98
1898,00	16226,64
1899,00	16952,74
1900,00	16463,44
1901,00	16775,27
1902,00	16431,91
1903,00	16745,39
1904,00	16390,43
1905,00	16925,55
1906,00	16439,25
1907,00	16611,97
1908,00	16373,54
1909,00	16798,62
1910,00	16457,86
1911,00	16792,65
1912,00	16262,87
1913,00	16707,50
1914,00	16320,86
1915,00	16845,39
1916,00	16190,36
1917,00	16727,68
1918,00	16095,72
1919,00	16645,72
1920,00	16113,74
1921,00	16575,42
1922,00	16244,32
1923,00	16676,50
1924,00	16333,71
1925,00	16434,06
1926,00	16181,67
1927,00	16584,79
1928,00	16176,58
1929,00	16656,44
1930,00	16106,13
1931,00	16579,49
1932,00	16046,63
1933,00	16673,96
1934,00	16273,36
1935,00	16612,57
1936,00	16314,06
1937,00	16611,68
1938,00	16257,80
1939,00	16587,59
1940,00	16239,74
1941,00	16433,14
1942,00	16104,03
1943,00	16584,35
1944,00	15933,06
1945,00	16390,66
1946,00	16069,90
1947,00	16584,50
1948,00	15970,76
1949,00	16528,34
1950,00	15986,34
1951,00	16524,91
1952,00	15931,85
1953,00	16382,35
1954,00	15825,49
1955,00	16104,25
1956,00	16010,99
1957,00	16498,54
1958,00	15960,35
1959,00	16383,67
1960,00	16001,50
1961,00	16161,67
1962,00	15754,37
1963,00	16216,41
1964,00	15865,36
1965,00	16438,27
1966,00	15696,75
1967,00	16245,07
1968,00	15660,54
1969,00	16185,92
1970,00	15927,18
1971,00	16065,12
1972,00	15633,64
1973,00	15951,40
1974,00	15673,79
1975,00	16102,03
1976,00	15613,67
1977,00	16081,29
1978,00	15459,96
1979,00	15845,51
1980,00	15221,01
1981,00	15912,67
1982,00	15547,08
1983,00	15799,14
1984,00	15478,39
1985,00	15865,19
1986,00	15230,40
1987,00	15668,53
1988,00	15430,06
1989,00	15712,24
1990,00	15244,67
1991,00	15534,90
1992,00	15095,25
1993,00	15561,11
1994,00	15040,11
1995,00	15390,75
1996,00	15140,93
1997,00	15463,22
1998,00	15104,50
1999,00	15373,80
2000,00	14986,75
2001,00	15297,54
2002,00	14980,14
2003,00	15290,75
2004,00	14710,45
2005,00	15239,24
2006,00	14843,38
2007,00	15251,56
2008,00	14813,30
2009,00	15146,44
2010,00	14762,56
2011,00	15051,50
2012,00	14658,72
2013,00	14935,71
2014,00	14745,65
2015,00	14956,49
2016,00	14462,37
2017,00	14926,07
2018,00	14296,45
2019,00	14764,56
2020,00	14220,87
2021,00	14845,24
2022,00	14428,98
2023,00	14706,06
2024,00	14081,15
2025,00	14557,33
2026,00	14300,20
2027,00	14482,78
2028,00	14200,50
2029,00	14428,93
2030,00	14105,51
2031,00	14405,87
2032,00	13989,58
2033,00	14371,18
2034,00	13991,55
2035,00	14250,72
2036,00	13806,44
2037,00	14190,65
2038,00	13773,68
2039,00	14129,03
2040,00	13572,20
2041,00	14127,75
2042,00	13667,90
2043,00	14275,67
2044,00	13749,70
2045,00	14098,37
2046,00	13582,55
2047,00	13965,07
2048,00	13474,44
2049,00	13976,25
2050,00	13600,48
2051,00	13787,22
2052,00	13438,01
2053,00	13852,49
2054,00	13240,98
2055,00	13581,06
2056,00	13120,50
2057,00	13488,29
2058,00	13161,80
2059,00	13478,76
2060,00	13134,42
2061,00	13492,01
2062,00	13029,92
2063,00	13359,75
2064,00	13002,91
2065,00	13378,10
2066,00	13012,77
2067,00	13404,99
2068,00	13012,77
2069,00	13275,93
2070,00	12879,26
2071,00	13315,30
2072,00	12850,83
2073,00	13253,24
2074,00	12754,31
2075,00	13200,11
2076,00	12705,98
2077,00	13074,53
2078,00	12643,12
2079,00	13068,43
2080,00	12537,78
2081,00	12952,87
2082,00	12658,94
2083,00	12944,10
2084,00	12541,48
2085,00	12781,51
2086,00	12452,27
2087,00	12799,70
2088,00	12459,62
2089,00	12763,03
2090,00	12449,46
2091,00	12763,89
2092,00	12311,96
2093,00	12711,41
2094,00	12250,30
2095,00	12591,33
2096,00	12194,31
2097,00	12584,71
2098,00	12195,42
2099,00	12527,32
2100,00	12172,63
2101,00	12385,08
2102,00	11918,67
2103,00	12228,80
2104,00	11808,88
2105,00	12364,18
2106,00	11916,87
2107,00	12144,41
2108,00	11738,01
2109,00	12323,54
2110,00	11831,68
2111,00	12175,33
2112,00	11725,26
2113,00	12178,43
2114,00	11739,87
2115,00	12005,39
2116,00	11615,08
2117,00	12063,25
2118,00	11613,77
2119,00	12008,01
2120,00	11618,28
2121,00	11944,91
2122,00	11586,02
2123,00	11969,15
2124,00	11510,23
2125,00	11916,81
2126,00	11552,33
2127,00	11907,36
2128,00	11480,06
2129,00	11969,35
2130,00	11498,19
2131,00	11792,85
2132,00	11441,68
2133,00	11677,41
2134,00	11398,52
2135,00	11702,62
2136,00	11176,79
2137,00	11568,68
2138,00	11112,93
2139,00	11456,92
2140,00	10929,81
2141,00	11441,24
2142,00	10892,55
2143,00	11302,58
2144,00	10923,33
2145,00	11254,57
2146,00	10837,22
2147,00	11213,15
2148,00	10757,61
2149,00	11294,80
2150,00	10807,96
2151,00	11180,30
2152,00	10802,59
2153,00	11242,03
2154,00	10727,58
2155,00	11138,77
2156,00	10752,69
2157,00	11116,97
2158,00	10700,29
2159,00	11067,42
2160,00	10571,98
2161,00	10995,74
2162,00	10523,46
2163,00	10928,61
2164,00	10548,62
2165,00	10788,81
2166,00	10389,13
2167,00	10806,78
2168,00	10415,92
2169,00	10660,88
2170,00	10459,89
2171,00	10640,91
2172,00	10224,11
2173,00	10680,18
2174,00	10173,16
2175,00	10698,65
2176,00	10158,52
2177,00	10583,03
2178,00	10011,30
2179,00	10562,47
2180,00	10038,30
2181,00	10506,82
2182,00	10018,24
2183,00	10455,84
2184,00	10015,27
2185,00	10407,88
2186,00	9913,08
2187,00	10214,76
2188,00	9855,63
2189,00	10271,03
2190,00	9904,77
2191,00	10232,02
2192,00	9811,66
2193,00	10293,81
2194,00	9765,56
2195,00	10229,03
2196,00	9781,05
2197,00	10194,16
2198,00	9748,33
2199,00	10034,31
2200,00	9653,61
2201,00	10159,53
2202,00	9608,97
2203,00	10087,64
2204,00	9580,98
2205,00	9948,54
2206,00	9478,14
2207,00	9946,93
2208,00	9526,61
2209,00	9867,42
2210,00	9413,83
2211,00	9824,90
2212,00	9504,92
2213,00	9674,80
2214,00	9264,66
2215,00	9700,30
2216,00	9309,63
2217,00	9747,66
2218,00	9278,24
2219,00	9578,60
2220,00	9157,92
2221,00	9519,31
2222,00	9138,62
2223,00	9505,22
2224,00	8984,43
2225,00	9355,48
2226,00	9030,35
2227,00	9431,62
2228,00	9000,32
2229,00	9409,33
2230,00	9009,53
2231,00	9339,55
2232,00	8988,55
2233,00	9353,43
2234,00	8983,80
2235,00	9389,38
2236,00	8936,52
2237,00	9232,07
2238,00	8860,37
2239,00	9295,34
2240,00	8801,59
2241,00	9235,06
2242,00	8934,74
2243,00	9067,63
2244,00	8731,35
2245,00	9093,93
2246,00	8838,67
2247,00	9286,23
2248,00	8830,24
2249,00	9269,82
2250,00	8909,25
2251,00	9236,32
2252,00	8792,42
2253,00	9280,52
2254,00	8707,06
2255,00	9277,94
2256,00	8850,02
2257,00	9173,52
2258,00	8796,73
2259,00	9186,90
2260,00	8738,37
2261,00	9111,34
2262,00	8656,34
2263,00	9174,91
2264,00	8741,16
2265,00	8970,99
2266,00	8699,77
2267,00	9095,63
2268,00	8682,81
2269,00	9110,85
2270,00	8676,31
2271,00	9140,69
2272,00	8629,41
2273,00	9139,85
2274,00	8574,90
2275,00	9040,73
2276,00	8602,28
2277,00	8982,61
2278,00	8590,78
2279,00	8937,22
2280,00	8469,50
2281,00	9015,26
2282,00	8491,58
2283,00	8875,29
2284,00	8412,00
2285,00	8810,16
2286,00	8334,19
2287,00	8830,05
2288,00	8298,43
2289,00	8854,28
2290,00	8354,87
2291,00	8652,18
2292,00	8320,83
2293,00	8713,18
2294,00	8260,27
2295,00	8712,46
2296,00	8343,00
2297,00	8696,39
2298,00	8309,23
2299,00	8608,78
2300,00	8188,37
2301,00	8630,68
2302,00	8198,10
2303,00	8481,27
2304,00	8141,35
2305,00	8549,68
2306,00	8138,15
2307,00	8463,46
2308,00	8034,39
2309,00	8482,94
2310,00	7982,17
2311,00	8370,60
2312,00	7938,22
2313,00	8432,56
2314,00	7925,61
2315,00	8417,08
2316,00	7878,17
2317,00	8430,33
2318,00	7964,36
2319,00	8238,35
2320,00	7781,49
2321,00	8212,81
2322,00	7754,13
2323,00	8208,59
2324,00	7764,37
2325,00	8099,32
2326,00	7714,76
2327,00	8029,19
2328,00	7709,55
2329,00	8047,54
2330,00	7680,01
2331,00	8056,08
2332,00	7709,35
2333,00	7981,90
2334,00	7591,38
2335,00	7947,66
2336,00	7528,99
2337,00	7926,48
2338,00	7535,68
2339,00	7940,35
2340,00	7473,43
2341,00	7885,98
2342,00	7442,63
2343,00	7927,78
2344,00	7338,63
2345,00	7868,06
2346,00	7360,73
2347,00	7775,27
2348,00	7481,70
2349,00	7751,36
2350,00	7262,49
2351,00	7790,84
2352,00	7256,32
2353,00	7652,37
2354,00	7230,36
2355,00	7684,92
2356,00	7298,84
2357,00	7648,74
2358,00	7194,92
2359,00	7568,20
2360,00	7173,55
2361,00	7537,86
2362,00	7121,04
2363,00	7542,30
2364,00	7037,46
2365,00	7513,57
2366,00	6962,94
2367,00	7366,55
2368,00	6920,50
2369,00	7381,90
2370,00	6891,86
2371,00	7304,78
2372,00	6957,96
2373,00	7420,17
2374,00	6859,29
2375,00	7375,29
2376,00	6921,24
2377,00	7295,02
2378,00	6765,67
2379,00	7252,30
2380,00	6727,00
2381,00	7248,67
2382,00	6764,55
2383,00	7132,58
2384,00	6750,55
2385,00	7183,65
2386,00	6859,23
2387,00	7130,68
2388,00	6727,11
2389,00	7113,17
2390,00	6632,52
2391,00	7040,63
2392,00	6679,93
2393,00	7084,21
2394,00	6652,50
2395,00	7027,73
2396,00	6565,81
2397,00	7023,81
2398,00	6510,79
2399,00	7003,22
2400,00	6576,66
2401,00	6959,40
2402,00	6533,82
2403,00	7004,34
2404,00	6527,94
2405,00	6937,40
2406,00	6583,15
2407,00	6917,11
2408,00	6487,68
2409,00	6928,47
2410,00	6493,57
2411,00	6861,59
2412,00	6440,99
2413,00	6809,21
2414,00	6429,92
2415,00	6815,10
2416,00	6407,73
2417,00	6821,88
2418,00	6365,41
2419,00	6840,14
2420,00	6323,51
2421,00	6825,19
2422,00	6399,68
2423,00	6815,32
2424,00	6362,62
2425,00	6805,81
2426,00	6313,30
2427,00	6736,04
2428,00	6374,61
2429,00	6726,78
2430,00	6283,91
2431,00	6741,75
2432,00	6267,16
2433,00	6727,08
2434,00	6279,10
2435,00	6712,41
2436,00	6223,20
2437,00	6726,82
2438,00	6187,60
2439,00	6678,09
2440,00	6184,89
2441,00	6786,88
2442,00	6201,29
2443,00	6638,91
2444,00	6219,34
2445,00	6651,84
2446,00	6143,34
2447,00	6649,24
2448,00	6190,11
2449,00	6684,14
2450,00	6135,39
2451,00	6616,51
2452,00	6130,98
2453,00	6617,16
2454,00	6172,39
2455,00	6578,88
2456,00	6141,42
2457,00	6550,87
2458,00	6108,79
2459,00	6598,10
2460,00	6098,59
2461,00	6601,36
2462,00	6086,93
2463,00	6556,24
2464,00	6078,48
2465,00	6505,96
2466,00	6009,55
2467,00	6512,94
2468,00	6027,90
2469,00	6419,68
2470,00	6002,44
2471,00	6391,16
2472,00	5999,75
2473,00	6445,24
2474,00	6000,21
2475,00	6480,35
2476,00	5981,41
2477,00	6404,04
2478,00	5938,25
2479,00	6390,13
2480,00	5952,45
2481,00	6398,90
2482,00	5954,51
2483,00	6379,33
2484,00	5950,20
2485,00	6390,97
2486,00	5858,32
2487,00	6383,26
2488,00	5825,48
2489,00	6363,07
2490,00	5877,80
2491,00	6346,78
2492,00	5869,53
2493,00	6341,24
2494,00	5776,08
2495,00	6282,57
2496,00	5835,34
2497,00	6267,35
2498,00	5882,24
2499,00	6262,16
2500,00	5830,06
2501,00	6248,92
2502,00	5803,37
2503,00	6224,91
2504,00	5787,51
2505,00	6136,72
2506,00	5718,45
2507,00	6242,55
2508,00	5725,86
2509,00	6249,18
2510,00	5686,62
2511,00	6201,98
2512,00	5764,32
2513,00	6120,84
2514,00	5751,26
2515,00	6145,52
2516,00	5637,99
2517,00	6178,25
2518,00	5643,65
2519,00	6096,48
2520,00	5631,06
2521,00	6086,93
2522,00	5617,92
2523,00	6098,80
2524,00	5561,01
2525,00	6106,38
2526,00	5518,56
2527,00	6001,38
2528,00	5538,09
2529,00	5998,40
2530,00	5512,21
2531,00	6033,12
2532,00	5538,51
2533,00	5952,04
2534,00	5476,97
2535,00	6001,55
2536,00	5420,97
2537,00	5982,36
2538,00	5453,90
2539,00	5905,41
2540,00	5444,04
2541,00	5908,79
2542,00	5415,72
2543,00	5821,52
2544,00	5354,24
2545,00	5810,48
2546,00	5402,21
2547,00	5799,68
2548,00	5321,88
2549,00	5800,77
2550,00	5370,87
2551,00	5739,86
2552,00	5257,25
2553,00	5754,46
2554,00	5275,58
2555,00	5734,01
2556,00	5205,36
2557,00	5742,88
2558,00	5260,49
2559,00	5733,56
2560,00	5190,13
2561,00	5685,65
2562,00	5162,15
2563,00	5646,31
2564,00	5162,35
2565,00	5684,79
2566,00	5159,49
2567,00	5580,89
2568,00	5123,45
2569,00	5557,38
2570,00	5052,74
2571,00	5552,60
2572,00	5079,33
2573,00	5555,07
2574,00	5005,60
2575,00	5522,71
2576,00	5005,99
2577,00	5434,67
2578,00	4982,84
2579,00	5423,23
2580,00	4985,61
2581,00	5368,27
2582,00	4896,36
2583,00	5345,75
2584,00	4838,53
2585,00	5378,08
2586,00	4845,74
2587,00	5255,73
2588,00	4827,61
2589,00	5264,60
2590,00	4763,83
2591,00	5198,63
2592,00	4716,75
2593,00	5243,51
2594,00	4730,54
2595,00	5192,12
2596,00	4705,90
2597,00	5168,43
2598,00	4647,27
2599,00	5133,33
2600,00	4628,82
2601,00	5127,11
2602,00	4597,84
2603,00	5062,19
2604,00	4600,16
2605,00	5081,73
2606,00	4516,01
2607,00	4997,19
2608,00	4550,41
2609,00	4990,02
2610,00	4493,11
2611,00	4973,40
2612,00	4444,02
2613,00	4948,04
2614,00	4417,93
2615,00	4900,12
2616,00	4386,40
2617,00	4872,58
2618,00	4361,31
2619,00	4853,93
2620,00	4334,40
2621,00	4836,67
2622,00	4375,49
2623,00	4807,36
2624,00	4273,43
2625,00	4762,48
2626,00	4311,38
2627,00	4711,21
2628,00	4211,88
2629,00	4675,91
2630,00	4160,31
2631,00	4628,24
2632,00	4147,14
2633,00	4648,97
2634,00	4096,18
2635,00	4637,68
2636,00	4125,06
2637,00	4598,82
2638,00	4121,26
2639,00	4525,27
2640,00	4059,03
2641,00	4485,53
2642,00	4011,73
2643,00	4460,69
2644,00	3976,49
2645,00	4427,96
2646,00	3998,24
2647,00	4421,98
2648,00	3895,99
2649,00	4393,56
2650,00	3897,86
2651,00	4403,03
2652,00	3862,57
2653,00	4291,74
2654,00	3852,04
2655,00	4306,67
2656,00	3757,24
2657,00	4222,33
2658,00	3750,65
2659,00	4269,51
2660,00	3783,79
2661,00	4254,90
2662,00	3749,54
2663,00	4165,98
2664,00	3693,48
2665,00	4153,13
2666,00	3705,77
2667,00	4193,65
2668,00	3711,75
2669,00	4124,80
2670,00	3629,96
2671,00	4155,03
2672,00	3641,73
2673,00	4093,02
2674,00	3592,15
2675,00	4051,81
2676,00	3500,18
2677,00	4049,43
2678,00	3556,69
2679,00	4033,88
2680,00	3530,09
2681,00	4001,63
2682,00	3551,03
2683,00	3979,65
2684,00	3533,17
2685,00	4008,36
2686,00	3503,53
2687,00	3991,00
2688,00	3516,44
2689,00	4039,68
2690,00	3510,16
2691,00	3965,89
2692,00	3477,61
2693,00	3965,94
2694,00	3492,22
2695,00	3892,56
2696,00	3416,11
2697,00	3902,94
2698,00	3430,15
2699,00	3844,60
2700,00	3405,97
2701,00	3861,16
2702,00	3409,65
2703,00	3875,17
2704,00	3468,57
2705,00	3871,98
2706,00	3467,39
2707,00	3876,26
2708,00	3362,31
2709,00	3901,72
2710,00	3435,40
2711,00	3922,76
2712,00	3407,29
2713,00	3863,49
2714,00	3373,53
2715,00	3870,34
2716,00	3366,86
2717,00	3826,77
2718,00	3414,51
2719,00	3880,25
2720,00	3409,42
2721,00	3843,43
2722,00	3333,00
2723,00	3839,54
2724,00	3387,02
2725,00	3835,39
2726,00	3412,38
2727,00	3852,63
2728,00	3359,52
2729,00	3791,96
2730,00	3294,84
2731,00	3818,17
2732,00	3316,95
2733,00	3833,65
2734,00	3415,32
2735,00	3846,23
2736,00	3340,83
2737,00	3848,93
2738,00	3335,49
2739,00	3759,61
2740,00	3289,46
2741,00	3772,96
2742,00	3315,97
2743,00	3811,60
2744,00	3323,87
2745,00	3800,28
2746,00	3347,46
2747,00	3833,51
2748,00	3295,74
2749,00	3738,21
2750,00	3316,99
2751,00	3795,67
2752,00	3298,85
2753,00	3757,64
2754,00	3275,39
2755,00	3692,95
2756,00	3263,63
2757,00	3704,59
2758,00	3277,81
2759,00	3732,21
2760,00	3257,45
2761,00	3791,59
2762,00	3243,91
2763,00	3714,06
2764,00	3250,18
2765,00	3761,12
2766,00	3279,38
2767,00	3756,72
2768,00	3273,78
2769,00	3721,29
2770,00	3227,64
2771,00	3753,37
2772,00	3247,14
2773,00	3785,93
2774,00	3234,54
2775,00	3674,28
2776,00	3206,29
2777,00	3655,17
2778,00	3211,49
2779,00	3680,55
2780,00	3135,97
2781,00	3712,19
2782,00	3216,36
2783,00	3707,14
2784,00	3179,32
2785,00	3699,43
2786,00	3194,53
2787,00	3613,19
2788,00	3178,70
2789,00	3655,70
2790,00	3220,62
2791,00	3578,88
2792,00	3178,82
2793,00	3623,53
2794,00	3163,06
2795,00	3600,06
2796,00	3113,05
2797,00	3659,74
2798,00	3153,97
2799,00	3576,49
2800,00	3074,12
2801,00	3521,42
2802,00	3119,32
2803,00	3535,14
2804,00	3076,28
2805,00	3562,86
2806,00	3073,49
2807,00	3553,43
2808,00	3064,26
2809,00	3527,79
2810,00	3128,04
2811,00	3543,02
2812,00	3056,29
2813,00	3534,37
2814,00	3039,36
2815,00	3510,42
2816,00	3023,72
2817,00	3448,79
2818,00	2997,81
2819,00	3471,80
2820,00	2960,14
2821,00	3488,89
2822,00	3019,22
2823,00	3415,32
2824,00	2981,27
2825,00	3409,57
2826,00	2928,73
2827,00	3413,94
2828,00	2942,06
2829,00	3367,66
2830,00	2857,30
2831,00	3313,24
2832,00	2913,11
2833,00	3356,48
2834,00	2915,00
2835,00	3307,86
2836,00	2883,85
2837,00	3314,09
2838,00	2860,09
2839,00	3326,33
2840,00	2830,68
2841,00	3275,57
2842,00	2838,90
2843,00	3252,40
2844,00	2789,71
2845,00	3264,29
2846,00	2778,33
2847,00	3252,82
2848,00	2815,19
2849,00	3224,52
2850,00	2825,06
2851,00	3211,01
2852,00	2751,81
2853,00	3224,60
2854,00	2728,07
2855,00	3201,71
2856,00	2690,61
2857,00	3178,03
2858,00	2708,66
2859,00	3157,96
2860,00	2685,58
2861,00	3067,18
2862,00	2698,63
2863,00	3055,62
2864,00	2684,39
2865,00	3112,26
2866,00	2625,61
2867,00	3033,03
2868,00	2657,23
2869,00	3110,11
2870,00	2675,46
2871,00	3033,85
2872,00	2620,47
2873,00	2996,40
2874,00	2603,07
2875,00	3022,72
2876,00	2565,11
2877,00	2994,52
2878,00	2559,80
2879,00	2936,13
2880,00	2559,96
2881,00	2939,74
2882,00	2518,92
2883,00	2931,32
2884,00	2449,23
2885,00	2913,10
2886,00	2496,90
2887,00	2893,44
2888,00	2482,35
2889,00	2877,60
2890,00	2469,93
2891,00	2879,66
2892,00	2416,29
2893,00	2823,70
2894,00	2369,54
2895,00	2797,92
2896,00	2411,21
2897,00	2799,61
2898,00	2413,93
2899,00	2783,48
2900,00	2374,87
2901,00	2774,22
2902,00	2375,54
2903,00	2713,70
2904,00	2329,19
2905,00	2724,35
2906,00	2316,62
2907,00	2727,02
2908,00	2313,82
2909,00	2714,47
2910,00	2247,84
2911,00	2692,12
2912,00	2310,57
2913,00	2664,52
2914,00	2264,04
2915,00	2646,55
2916,00	2255,26
2917,00	2624,58
2918,00	2257,59
2919,00	2620,41
2920,00	2258,52
2921,00	2597,49
2922,00	2229,50
2923,00	2580,32
2924,00	2201,56
2925,00	2561,72
2926,00	2207,09
2927,00	2517,72
2928,00	2157,30
2929,00	2530,41
2930,00	2171,77
2931,00	2496,82
2932,00	2136,48
2933,00	2479,26
2934,00	2158,50
2935,00	2459,42
2936,00	2104,42
2937,00	2440,56
2938,00	2092,67
2939,00	2417,40
2940,00	2086,45
2941,00	2397,36
2942,00	2095,07
2943,00	2412,70
2944,00	2048,21
2945,00	2406,95
2946,00	2043,26
2947,00	2379,03
2948,00	2049,26
2949,00	2314,90
2950,00	2030,41
2951,00	2317,19
2952,00	2009,91
2953,00	2342,60
2954,00	2020,34
2955,00	2301,33
2956,00	2009,92
2957,00	2295,52
2958,00	1984,51
2959,00	2293,09
2960,00	1985,45
2961,00	2267,92
2962,00	1981,14
2963,00	2232,87
2964,00	1934,76
2965,00	2227,58
2966,00	1917,99
2967,00	2194,54
2968,00	1904,83
2969,00	2179,54
2970,00	1910,69
2971,00	2189,10
2972,00	1885,31
2973,00	2171,23
2974,00	1876,06
2975,00	2149,48
2976,00	1864,89
2977,00	2121,62
2978,00	1858,82
2979,00	2092,59
2980,00	1851,92
2981,00	2122,49
2982,00	1843,41
2983,00	2113,62
2984,00	1824,72
2985,00	2092,37
2986,00	1826,70
2987,00	2068,44
2988,00	1827,32
2989,00	2047,55
2990,00	1776,57
2991,00	2053,73
2992,00	1782,05
2993,00	2025,86
2994,00	1765,40
2995,00	2006,10
2996,00	1776,50
2997,00	2009,91
2998,00	1769,90
2999,00	1977,23
3000,00	1755,60
3001,00	1979,25
3002,00	1745,60
3003,00	1972,99
3004,00	1730,65
3005,00	1951,46
3006,00	1729,86
3007,00	1924,53
3008,00	1715,28
3009,00	1925,13
3010,00	1728,29
3011,00	1905,25
3012,00	1707,00
3013,00	1889,89
3014,00	1701,95
3015,00	1884,28
3016,00	1695,61
3017,00	1874,66
3018,00	1679,91
3019,00	1863,62
3020,00	1672,85
3021,00	1867,24
3022,00	1677,84
3023,00	1846,94
3024,00	1677,45
3025,00	1851,85
3026,00	1644,68
3027,00	1816,51
3028,00	1652,43
3029,00	1814,02
3030,00	1631,18
3031,00	1796,48
3032,00	1632,70
3033,00	1803,31
3034,00	1632,79
3035,00	1796,83
3036,00	1625,07
3037,00	1781,25
3038,00	1614,45
3039,00	1759,66
3040,00	1591,52
3041,00	1765,65
3042,00	1608,61
3043,00	1753,46
3044,00	1597,76
3045,00	1745,06
3046,00	1589,34
3047,00	1724,20
3048,00	1569,66
3049,00	1718,32
3050,00	1568,84
3051,00	1704,26
3052,00	1567,20
3053,00	1685,79
3054,00	1558,70
3055,00	1692,11
3056,00	1550,72
3057,00	1681,32
3058,00	1558,00
3059,00	1682,42
3060,00	1555,92
3061,00	1674,48
3062,00	1501,62
3063,00	1651,33
3064,00	1538,09
3065,00	1658,62
3066,00	1539,70
3067,00	1657,13
3068,00	1536,96
3069,00	1637,79
3070,00	1526,70
3071,00	1620,37
3072,00	1524,39
3073,00	1632,07
3074,00	1526,24
3075,00	1628,02
3076,00	1517,17
3077,00	1627,21
3078,00	1512,44
3079,00	1626,65
3080,00	1506,79
3081,00	1618,71
3082,00	1506,19
3083,00	1595,81
3084,00	1498,51
3085,00	1597,86
3086,00	1490,54
3087,00	1585,73
3088,00	1493,76
3089,00	1587,46
3090,00	1487,25
3091,00	1582,28
3092,00	1486,27
3093,00	1564,23
3094,00	1475,42
3095,00	1564,02
3096,00	1471,20
3097,00	1563,81
3098,00	1476,32
3099,00	1552,93
3100,00	1469,53
3101,00	1539,88
3102,00	1470,95
3103,00	1541,20
3104,00	1463,05
3105,00	1542,59
3106,00	1458,88
3107,00	1529,24
3108,00	1459,35
3109,00	1540,95
3110,00	1456,88
3111,00	1531,10
3112,00	1446,37
3113,00	1526,05
3114,00	1452,59
3115,00	1525,38
3116,00	1449,90
3117,00	1513,99
3118,00	1448,59
3119,00	1510,33
3120,00	1439,47
3121,00	1519,98
3122,00	1447,74
3123,00	1518,19
3124,00	1438,90
3125,00	1508,47
3126,00	1436,55
3127,00	1509,08
3128,00	1434,57
3129,00	1509,49
3130,00	1434,51
3131,00	1501,77
3132,00	1429,04
3133,00	1491,98
3134,00	1421,18
3135,00	1490,73
3136,00	1424,74
3137,00	1482,87
3138,00	1428,73
3139,00	1482,65
3140,00	1419,56
3141,00	1476,93
3142,00	1422,35
3143,00	1475,92
3144,00	1419,16
3145,00	1471,73
3146,00	1419,50
3147,00	1470,81
3148,00	1409,65
3149,00	1465,51
3150,00	1415,75
3151,00	1460,26
3152,00	1407,48
3153,00	1458,10
3154,00	1404,63
3155,00	1454,50
3156,00	1406,11
3157,00	1456,27
3158,00	1404,52
3159,00	1445,96
3160,00	1404,92
3161,00	1450,08
3162,00	1404,76
3163,00	1443,12
3164,00	1402,43
3165,00	1438,05
3166,00	1403,71
3167,00	1433,98
3168,00	1395,70
3169,00	1429,07
3170,00	1397,14
3171,00	1441,06
3172,00	1394,19
3173,00	1424,82
3174,00	1394,28
3175,00	1430,97
3176,00	1393,18
3177,00	1434,86
3178,00	1396,79
3179,00	1426,42
3180,00	1388,80
3181,00	1432,39
3182,00	1386,18
3183,00	1426,23
3184,00	1384,63
3185,00	1419,98
3186,00	1388,64
3187,00	1415,54
3188,00	1387,25
3189,00	1419,91
3190,00	1388,68
3191,00	1419,61
3192,00	1380,62
3193,00	1413,02
3194,00	1383,57
3195,00	1414,80
3196,00	1381,56
3197,00	1413,89
3198,00	1381,10
3199,00	1410,01
3200,00	1375,08
3201,00	1403,01
3202,00	1373,88
3203,00	1400,58
3204,00	1373,03
3205,00	1401,93
3206,00	1373,87
3207,00	1403,61
3208,00	1372,95
3209,00	1395,37
3210,00	1371,17
3211,00	1391,53
3212,00	1369,14
3213,00	1397,57
3214,00	1372,15
3215,00	1394,94
3216,00	1370,15
3217,00	1391,93
3218,00	1371,63
3219,00	1391,93
3220,00	1370,97
3221,00	1394,05
3222,00	1368,31
3223,00	1389,31
3224,00	1367,76
3225,00	1388,24
3226,00	1364,39
3227,00	1386,62
3228,00	1364,78
3229,00	1384,73
3230,00	1365,57
3231,00	1390,14
3232,00	1353,25
3233,00	1383,63
3234,00	1361,40
3235,00	1376,30
3236,00	1360,20
3237,00	1375,90
3238,00	1353,47
3239,00	1372,83
3240,00	1359,18
3241,00	1374,25
3242,00	1353,11
3243,00	1373,04
3244,00	1358,65
3245,00	1371,25
3246,00	1353,33
3247,00	1373,49
3248,00	1352,51
3249,00	1375,14
3250,00	1351,89
3251,00	1370,70
3252,00	1354,85
3253,00	1367,65
3254,00	1355,07
3255,00	1372,49
3256,00	1353,28
3257,00	1370,63
3258,00	1352,37
3259,00	1366,86
3260,00	1349,19
3261,00	1369,37
3262,00	1354,20
3263,00	1363,16
3264,00	1347,64
3265,00	1359,88
3266,00	1347,81
3267,00	1368,24
3268,00	1349,02
3269,00	1357,75
3270,00	1344,78
3271,00	1354,84
3272,00	1346,98
3273,00	1358,01
3274,00	1344,32
3275,00	1356,10
3276,00	1343,24
3277,00	1354,48
3278,00	1342,77
3279,00	1350,92
3280,00	1341,25
3281,00	1356,26
3282,00	1345,85
3283,00	1348,94
3284,00	1337,02
3285,00	1350,64
3286,00	1339,50
3287,00	1346,90
3288,00	1344,20
3289,00	1351,13
3290,00	1342,99
3291,00	1347,32
3292,00	1340,08
3293,00	1349,96
3294,00	1344,32
3295,00	1354,60
3296,00	1343,75
3297,00	1346,58
3298,00	1336,55
3299,00	1345,60
3300,00	1336,21
3301,00	1347,26
3302,00	1341,43
3303,00	1345,57
3304,00	1335,21
3305,00	1345,49
3306,00	1336,76
3307,00	1344,37
3308,00	1333,87
3309,00	1345,43
3310,00	1333,59
3311,00	1342,10
3312,00	1337,19
3313,00	1341,18
3314,00	1333,50
3315,00	1345,43
3316,00	1329,19
3317,00	1340,60
3318,00	1334,46
3319,00	1342,76
3320,00	1340,88
3321,00	1335,19
3322,00	1337,69
3323,00	1336,55
3324,00	1332,50
3325,00	1337,02
3326,00	1328,63
3327,00	1337,11
3328,00	1333,29
3329,00	1331,32
3330,00	1334,08
3331,00	1333,00
3332,00	1332,50
3333,00	1329,09
3334,00	1332,82
3335,00	1331,60
3336,00	1331,91
3337,00	1336,21
3338,00	1330,17
3339,00	1333,31
3340,00	1334,41
3341,00	1331,27
3342,00	1333,23
3343,00	1332,08
3344,00	1334,41
3345,00	1331,90
3346,00	1333,82
3347,00	1329,98
3348,00	1328,32
3349,00	1329,00
3350,00	1328,81
3351,00	1328,73
3352,00	1328,96
3353,00	1326,34
3354,00	1327,90
3355,00	1325,62
3356,00	1323,01
3357,00	1324,95
3358,00	1330,08
3359,00	1324,55
3360,00	1319,55
3361,00	1324,89
3362,00	1326,39
3363,00	1324,54
3364,00	1330,20
3365,00	1327,03
3366,00	1318,73
3367,00	1323,45
3368,00	1324,80
3369,00	1324,02
3370,00	1324,04
3371,00	1321,06
3372,00	1325,99
3373,00	1327,30
3374,00	1324,66
3375,00	1322,49
3376,00	1323,36
3377,00	1321,76
3378,00	1323,53
3379,00	1322,97
3380,00	1322,46
3381,00	1319,07
3382,00	1324,99
3383,00	1317,35
3384,00	1321,55
3385,00	1322,47
3386,00	1323,84
3387,00	1318,31
3388,00	1318,82
3389,00	1318,50
3390,00	1321,64
3391,00	1316,84
3392,00	1322,15
3393,00	1317,47
3394,00	1318,98
3395,00	1315,94
3396,00	1316,80
3397,00	1318,34
3398,00	1317,64
3399,00	1316,02
3400,00	1314,96
3401,00	1313,85
3402,00	1319,41
3403,00	1313,17
3404,00	1317,66
3405,00	1319,59
3406,00	1318,48
3407,00	1313,69
3408,00	1316,16
3409,00	1313,67
3410,00	1319,24
3411,00	1307,74
3412,00	1313,02
3413,00	1313,95
3414,00	1314,75
3415,00	1315,13
3416,00	1313,51
3417,00	1310,18
3418,00	1318,00
3419,00	1311,59
3420,00	1319,46
3421,00	1312,13
3422,00	1315,21
3423,00	1308,49
3424,00	1312,20
3425,00	1317,40
3426,00	1313,74
3427,00	1314,41
3428,00	1311,88
3429,00	1313,09
3430,00	1314,94
3431,00	1305,13
3432,00	1316,11
3433,00	1312,24
3434,00	1311,92
3435,00	1311,40
3436,00	1315,05
3437,00	1312,43
3438,00	1316,71
3439,00	1307,99
3440,00	1312,24
3441,00	1306,61
3442,00	1311,84
3443,00	1309,25
3444,00	1312,55
3445,00	1305,78
3446,00	1311,06
3447,00	1307,37
3448,00	1311,70
3449,00	1308,93
3450,00	1307,63
3451,00	1306,06
3452,00	1308,12
3453,00	1305,05
3454,00	1306,25
3455,00	1303,64
3456,00	1314,55
3457,00	1307,24
3458,00	1309,46
3459,00	1301,05
3460,00	1306,68
3461,00	1301,57
3462,00	1310,59
3463,00	1307,41
3464,00	1310,03
3465,00	1303,26
3466,00	1308,91
3467,00	1303,65
3468,00	1310,03
3469,00	1303,04
3470,00	1306,59
3471,00	1303,46
3472,00	1311,00
3473,00	1303,89
3474,00	1309,25
3475,00	1303,32
3476,00	1308,12
3477,00	1303,47
3478,00	1307,86
3479,00	1302,33
3480,00	1305,57
3481,00	1299,97
3482,00	1308,24
3483,00	1304,00
3484,00	1309,07
3485,00	1303,08
3486,00	1306,87
3487,00	1302,20
3488,00	1311,30
3489,00	1304,13
3490,00	1306,75
3491,00	1303,48
3492,00	1309,17
3493,00	1300,38
3494,00	1304,35
3495,00	1300,49
3496,00	1309,44
3497,00	1299,10
3498,00	1303,17
3499,00	1302,53
3500,00	1306,98
3501,00	1300,29
3502,00	1309,25
3503,00	1299,45
3504,00	1304,47
3505,00	1300,74
3506,00	1305,01
3507,00	1299,49
3508,00	1301,22
3509,00	1300,40
3510,00	1298,72
3511,00	1299,67
3512,00	1310,41
3513,00	1300,34
3514,00	1304,72
3515,00	1298,91
3516,00	1305,99
3517,00	1297,12
3518,00	1303,05
3519,00	1300,63
3520,00	1303,72
3521,00	1301,68
3522,00	1310,92
3523,00	1300,38
3524,00	1305,74
3525,00	1297,18
3526,00	1307,54
3527,00	1298,99
3528,00	1303,87
3529,00	1299,89
3530,00	1303,73
3531,00	1299,01
3532,00	1301,44
3533,00	1294,63
3534,00	1300,23
3535,00	1296,83
3536,00	1304,42
3537,00	1300,48
3538,00	1303,21
3539,00	1296,41
3540,00	1297,90
3541,00	1295,05
3542,00	1300,31
3543,00	1298,34
3544,00	1300,44
3545,00	1302,06
3546,00	1297,87
3547,00	1299,84
3548,00	1300,58
3549,00	1297,91
3550,00	1304,34
3551,00	1290,93
3552,00	1303,33
3553,00	1301,25
3554,00	1298,05
3555,00	1297,87
3556,00	1302,78
3557,00	1297,59
3558,00	1299,75
3559,00	1298,33
3560,00	1297,13
3561,00	1294,06
3562,00	1299,10
3563,00	1299,53
3564,00	1300,04
3565,00	1298,91
3566,00	1298,86
3567,00	1295,39
3568,00	1300,07
3569,00	1294,18
3570,00	1302,66
3571,00	1292,61
3572,00	1296,94
3573,00	1297,94
3574,00	1297,49
3575,00	1298,04
3576,00	1302,41
3577,00	1298,18
3578,00	1299,07
3579,00	1299,60
3580,00	1303,15
3581,00	1296,17
3582,00	1295,22
3583,00	1293,70
3584,00	1296,50
3585,00	1296,69
3586,00	1297,85
3587,00	1295,11
3588,00	1298,15
3589,00	1294,31
3590,00	1300,25
3591,00	1298,89
3592,00	1301,41
3593,00	1297,07
3594,00	1300,90
3595,00	1289,85
3596,00	1298,17
3597,00	1297,06
3598,00	1302,95
3599,00	1290,01
3600,00	1303,94
3601,00	1293,57
3602,00	1298,27
3603,00	1296,48
3604,00	1299,38
3605,00	1295,49
3606,00	1298,34
3607,00	1298,38
3608,00	1302,20
3609,00	1298,44
3610,00	1291,77
3611,00	1294,58
3612,00	1302,71
3613,00	1296,95
3614,00	1297,83
3615,00	1292,87
3616,00	1300,05
3617,00	1293,75
3618,00	1295,37
3619,00	1296,66
3620,00	1303,40
3621,00	1295,35
3622,00	1302,09
3623,00	1291,28
3624,00	1301,93
3625,00	1295,50
3626,00	1297,72
3627,00	1294,76
3628,00	1299,56
3629,00	1295,39
3630,00	1296,13
3631,00	1295,33
3632,00	1297,05
3633,00	1295,35
3634,00	1301,24
3635,00	1294,66
3636,00	1302,20
3637,00	1292,95
3638,00	1298,54
3639,00	1291,87
3640,00	1301,28
3641,00	1291,14
3642,00	1295,77
3643,00	1289,71
3644,00	1296,62
3645,00	1291,54
3646,00	1297,61
3647,00	1294,73
>>>>>Finisci Dati dello Spettro Elaborati<<<<<
