337.57	0.85
337.79	0.85
338.02	0.85
338.24	2.73
338.47	-1.13
338.69	3.10
338.92	5.29
339.14	-1.23
339.36	3.85
339.59	3.79
339.81	1.74
340.04	0.99
340.26	-2.32
340.49	-5.53
340.71	7.06
340.93	-0.07
341.16	4.06
341.38	-7.00
341.61	2.90
341.83	-0.28
342.05	2.39
342.28	-5.43
342.50	9.31
342.73	3.38
342.95	7.10
343.17	9.11
343.40	-1.06
343.62	5.18
343.85	-7.62
344.07	5.56
344.29	-0.79
344.52	8.22
344.74	1.26
344.97	2.25
345.19	5.29
345.41	-2.36
345.64	5.63
345.86	-9.77
346.08	5.97
346.31	-5.81
346.53	2.86
346.76	-10.35
346.98	10.07
347.20	-2.32
347.43	-2.80
347.65	-0.07
347.87	9.79
348.10	-2.97
348.32	-1.74
348.54	10.61
348.77	14.37
348.99	-1.06
349.21	14.84
349.44	-2.09
349.66	13.85
349.88	4.57
350.11	0.24
350.33	-3.45
350.55	3.65
350.78	1.36
351.00	10.37
351.22	-0.96
351.45	-1.10
351.67	-2.15
351.89	14.37
352.12	2.97
352.34	0.44
352.56	5.12
352.79	6.99
353.01	2.11
353.23	14.50
353.45	0.95
353.68	6.31
353.90	-3.62
354.12	2.86
354.35	3.55
354.57	7.37
354.79	-3.52
355.01	8.15
355.24	-4.54
355.46	-1.81
355.68	5.29
355.91	2.59
356.13	0.71
356.35	5.66
356.57	2.52
356.80	3.51
357.02	-8.64
357.24	10.44
357.46	5.70
357.69	5.01
357.91	4.88
358.13	12.73
358.35	3.31
358.58	3.75
358.80	-2.70
359.02	3.17
359.24	1.81
359.47	3.55
359.69	-10.93
359.91	0.30
360.13	-3.66
360.36	-3.28
360.58	-0.45
360.80	6.79
361.02	-0.21
361.25	11.02
361.47	7.78
361.69	1.26
361.91	3.85
362.13	12.42
362.36	-4.61
362.58	2.73
362.80	-9.08
363.02	-0.99
363.25	-5.19
363.47	6.11
363.69	-0.86
363.91	7.78
364.13	3.00
364.36	3.82
364.58	-4.10
364.80	5.94
365.02	-4.61
365.24	6.07
365.47	5.36
365.69	0.75
365.91	4.40
366.13	5.90
366.35	-4.20
366.57	11.50
366.80	-0.14
367.02	6.82
367.24	-4.30
367.46	3.85
367.68	0.61
367.90	4.50
368.13	4.64
368.35	13.79
368.57	1.26
368.79	9.18
369.01	-0.21
369.23	5.32
369.46	-7.55
369.68	7.16
369.90	-1.10
370.12	7.85
370.34	1.12
370.56	8.02
370.78	-1.68
371.01	2.90
371.23	-0.52
371.45	3.44
371.67	-4.37
371.89	6.17
372.11	6.34
372.33	4.74
372.56	-0.28
372.78	8.70
373.00	1.12
373.22	10.68
373.44	9.08
373.66	15.25
373.88	0.06
374.10	8.09
374.32	-4.95
374.55	1.02
374.77	-1.33
374.99	0.27
375.21	-5.06
375.43	10.41
375.65	7.20
375.87	16.21
376.09	2.83
376.31	11.43
376.53	7.37
376.75	11.60
376.98	-8.13
377.20	3.96
377.42	-3.25
377.64	10.58
377.86	-1.44
378.08	0.24
378.30	7.13
378.52	4.40
378.74	6.65
378.96	4.74
379.18	7.40
379.40	2.42
379.62	6.14
379.84	6.31
380.07	-2.63
380.29	12.45
380.51	-3.04
380.73	5.22
380.95	-1.40
381.17	4.40
381.39	4.67
381.61	3.38
381.83	-2.94
382.05	4.19
382.27	2.90
382.49	9.59
382.71	8.97
382.93	-1.03
383.15	-3.42
383.37	-0.00
383.59	4.54
383.81	14.26
384.03	2.35
384.25	1.53
384.47	2.83
384.69	1.87
384.91	-4.03
385.13	6.99
385.35	3.24
385.57	9.11
385.79	3.55
386.01	5.08
386.23	4.74
386.45	8.60
386.67	1.33
386.89	8.02
387.11	3.20
387.33	8.70
387.55	3.48
387.77	6.58
387.99	2.93
388.21	16.35
388.43	1.16
388.65	1.36
388.87	1.46
389.09	16.86
389.31	-3.79
389.53	6.21
389.75	10.95
389.97	0.30
390.19	9.04
390.41	5.12
390.63	0.06
390.85	4.23
391.07	2.62
391.29	4.40
391.51	2.97
391.72	5.80
391.94	-2.84
392.16	1.91
392.38	-10.14
392.60	7.95
392.82	1.67
393.04	9.86
393.26	2.08
393.48	-3.28
393.70	-1.74
393.92	7.95
394.14	-0.35
394.36	10.07
394.58	5.97
394.80	8.84
395.01	3.61
395.23	9.83
395.45	3.41
395.67	2.69
395.89	2.86
396.11	6.11
396.33	7.16
396.55	11.46
396.77	2.21
396.99	10.61
397.21	5.05
397.42	8.19
397.64	-2.60
397.86	5.90
398.08	2.83
398.30	8.09
398.52	5.01
398.74	3.44
398.96	6.45
399.17	2.01
399.39	4.74
399.61	12.97
399.83	-2.80
400.05	6.07
400.27	1.57
400.49	4.98
400.71	2.28
400.92	6.04
401.14	1.84
401.36	-2.26
401.58	0.95
401.80	0.03
402.02	6.55
402.24	10.61
402.45	0.92
402.67	2.52
402.89	2.80
403.11	2.35
403.33	0.85
403.55	7.92
403.76	5.08
403.98	1.60
404.20	-2.39
404.42	7.13
404.64	9.08
404.86	4.64
405.07	-0.41
405.29	-2.09
405.51	-2.77
405.73	6.99
405.95	-5.91
406.17	12.90
406.38	-5.26
406.60	10.41
406.82	3.96
407.04	3.58
407.26	0.27
407.47	5.49
407.69	2.25
407.91	10.51
408.13	4.16
408.35	7.47
408.56	-0.79
408.78	10.07
409.00	4.43
409.22	5.59
409.44	-5.26
409.65	8.77
409.87	-4.99
410.09	4.57
410.31	4.74
410.52	4.19
410.74	8.15
410.96	9.49
411.18	-1.37
411.40	8.94
411.61	2.73
411.83	12.56
412.05	5.22
412.27	9.04
412.48	1.81
412.70	10.82
412.92	-3.52
413.14	2.04
413.35	2.25
413.57	4.71
413.79	5.08
414.01	8.36
414.22	7.78
414.44	-0.58
414.66	11.57
414.87	5.32
415.09	-0.86
415.31	10.88
415.53	2.11
415.74	8.53
415.96	-0.41
416.18	6.28
416.40	1.91
416.61	3.14
416.83	4.26
417.05	4.74
417.26	5.59
417.48	3.24
417.70	-3.89
417.92	8.80
418.13	-1.16
418.35	8.05
418.57	1.29
418.78	12.63
419.00	-3.28
419.22	0.61
419.43	6.99
419.65	7.54
419.87	10.13
420.09	5.08
420.30	3.00
420.52	6.72
420.74	5.32
420.95	7.95
421.17	3.48
421.39	10.99
421.60	-2.26
421.82	11.87
422.04	-3.42
422.25	4.43
422.47	3.44
422.69	7.20
422.90	0.85
423.12	8.90
423.34	0.85
423.55	-2.26
423.77	2.86
423.99	8.53
424.20	2.32
424.42	9.11
424.64	-4.13
424.85	4.98
425.07	0.78
425.28	6.00
425.50	0.06
425.72	5.73
425.93	-2.46
426.15	8.02
426.37	6.00
426.58	3.99
426.80	0.85
427.01	0.17
427.23	5.39
427.45	9.45
427.66	0.64
427.88	11.26
428.10	4.23
428.31	12.52
428.53	5.36
428.74	0.20
428.96	-0.79
429.18	5.32
429.39	6.24
429.61	5.63
429.82	2.56
430.04	9.69
430.26	0.99
430.47	11.23
430.69	3.20
430.90	7.44
431.12	0.88
431.34	5.18
431.55	-8.78
431.77	4.60
431.98	-4.41
432.20	7.16
432.41	-0.96
432.63	10.61
432.85	0.82
433.06	1.57
433.28	1.05
433.49	14.13
433.71	4.02
433.92	5.73
434.14	-3.28
434.35	7.13
434.57	-3.04
434.79	8.02
435.00	-2.12
435.22	9.21
435.43	-2.60
435.65	2.97
435.86	1.09
436.08	10.54
436.29	3.00
436.51	6.62
436.72	0.27
436.94	6.55
437.16	1.19
437.37	9.52
437.59	5.70
437.80	4.30
438.02	8.12
438.23	21.30
438.45	11.02
438.66	-0.93
438.88	-0.55
439.09	13.68
439.31	-0.93
439.52	-0.11
439.74	4.77
439.95	16.69
440.17	7.30
440.38	9.21
440.60	1.70
440.81	6.17
441.03	-5.23
441.24	5.63
441.46	-3.49
441.67	6.48
441.89	4.74
442.10	8.73
442.32	5.42
442.53	7.92
442.75	-0.89
442.96	7.95
443.18	11.33
443.39	2.45
443.61	7.13
443.82	4.88
444.04	-2.77
444.25	13.21
444.46	2.11
444.68	1.94
444.89	-0.72
445.11	4.37
445.32	2.93
445.54	4.50
445.75	-0.62
445.97	15.15
446.18	-6.80
446.40	4.23
446.61	2.59
446.82	5.05
447.04	5.46
447.25	14.30
447.47	-5.26
447.68	7.47
447.90	-5.84
448.11	8.60
448.32	-5.09
448.54	9.79
448.75	-0.55
448.97	7.47
449.18	-4.75
449.40	1.74
449.61	-1.51
449.82	2.56
450.04	2.56
450.25	8.29
450.47	-3.52
450.68	7.54
450.89	-8.20
451.11	5.70
451.32	3.07
451.54	7.44
451.75	2.21
451.96	9.66
452.18	2.08
452.39	10.00
452.61	-0.72
452.82	9.21
453.03	9.52
453.25	8.80
453.46	-2.05
453.68	4.81
453.89	1.70
454.10	12.45
454.32	3.20
454.53	8.19
454.74	6.45
454.96	4.57
455.17	-0.75
455.39	13.14
455.60	-2.15
455.81	7.40
456.03	10.82
456.24	9.55
456.45	4.98
456.67	11.91
456.88	2.45
457.09	0.58
457.31	-2.73
457.52	13.85
457.73	4.64
457.95	1.91
458.16	1.09
458.37	5.97
458.59	-1.40
458.80	6.62
459.01	3.41
459.23	6.89
459.44	-0.62
459.65	7.10
459.87	0.30
460.08	8.80
460.29	-2.09
460.51	2.28
460.72	3.75
460.93	9.08
461.15	-5.06
461.36	-0.79
461.57	10.58
461.79	0.54
462.00	-4.71
462.21	12.56
462.42	3.55
462.64	5.97
462.85	4.50
463.06	11.84
463.28	8.87
463.49	2.28
463.70	4.06
463.92	4.33
464.13	-2.73
464.34	12.15
464.55	8.63
464.77	7.33
464.98	-9.66
465.19	3.72
465.40	8.26
465.62	2.39
465.83	3.17
466.04	6.38
466.26	3.89
466.47	8.97
466.68	8.09
466.89	-1.33
467.11	7.33
467.32	6.34
467.53	1.23
467.74	-0.28
467.96	0.75
468.17	4.30
468.38	-8.67
468.59	2.11
468.81	7.95
469.02	4.67
469.23	3.72
469.44	4.30
469.66	-1.71
469.87	9.11
470.08	4.67
470.29	-0.72
470.50	8.32
470.72	11.81
470.93	2.21
471.14	7.85
471.35	9.55
471.57	8.22
471.78	3.96
471.99	13.68
472.20	-3.08
472.41	6.31
472.63	4.64
472.84	9.38
473.05	-5.91
473.26	12.05
473.47	-2.80
473.69	-4.71
473.90	-4.95
474.11	8.70
474.32	2.66
474.53	3.65
474.75	2.25
474.96	12.56
475.17	4.02
475.38	9.76
475.59	4.37
475.80	7.98
476.02	-3.11
476.23	7.16
476.44	2.49
476.65	3.89
476.86	-5.57
477.08	-1.44
477.29	0.34
477.50	8.73
477.71	4.88
477.92	10.24
478.13	-2.94
478.34	-0.38
478.56	7.13
478.77	1.26
478.98	5.76
479.19	10.00
479.40	8.12
479.61	5.80
479.83	4.16
480.04	11.12
480.25	2.42
480.46	3.68
480.67	-2.32
480.88	7.47
481.09	6.45
481.30	8.97
481.52	4.26
481.73	7.57
481.94	0.99
482.15	12.39
482.36	-4.61
482.57	9.42
482.78	3.85
482.99	-4.78
483.21	0.99
483.42	7.95
483.63	-0.24
483.84	1.74
484.05	2.80
484.26	16.00
484.47	-2.50
484.68	6.89
484.89	-2.19
485.10	4.33
485.32	2.93
485.53	-0.11
485.74	-0.17
485.95	2.25
486.16	3.72
486.37	3.61
486.58	2.56
486.79	9.66
487.00	4.84
487.21	8.39
487.42	2.42
487.63	8.32
487.85	-1.95
488.06	1.46
488.27	1.29
488.48	10.68
488.69	5.97
488.90	13.34
489.11	9.52
489.32	7.20
489.53	6.00
489.74	9.18
489.95	2.97
490.16	9.86
490.37	2.90
490.58	1.05
490.79	-2.29
491.00	4.81
491.21	1.33
491.42	1.19
491.63	8.36
491.84	1.12
492.06	7.81
492.27	7.44
492.48	4.95
492.69	1.77
492.90	0.99
493.11	8.87
493.32	1.81
493.53	6.17
493.74	8.67
493.95	8.94
494.16	3.75
494.37	14.67
494.58	4.60
494.79	4.40
495.00	-4.30
495.21	11.53
495.42	-9.80
495.63	10.54
495.84	3.38
496.05	17.88
496.26	4.06
496.47	4.57
496.68	9.35
496.89	2.21
497.10	9.28
497.31	13.55
497.52	2.32
497.73	-4.34
497.94	-0.04
498.15	9.28
498.36	4.33
498.57	2.45
498.78	4.33
498.98	12.63
499.19	-3.72
499.40	5.83
499.61	7.23
499.82	6.04
500.03	-5.09
500.24	4.84
500.45	9.35
500.66	5.12
500.87	-6.97
501.08	-0.62
501.29	4.74
501.50	9.08
501.71	-6.52
501.92	5.97
502.13	7.71
502.34	4.67
502.55	3.07
502.76	4.74
502.97	7.61
503.17	9.76
503.38	1.63
503.59	7.51
503.80	-1.03
504.01	-3.01
504.22	13.92
504.43	6.48
504.64	0.20
504.85	8.12
505.06	9.76
505.27	15.05
505.48	3.17
505.68	3.14
505.89	5.15
506.10	5.08
506.31	4.13
506.52	14.23
506.73	3.34
506.94	17.40
507.15	-2.26
507.36	9.14
507.57	2.73
507.77	13.58
507.98	3.92
508.19	11.98
508.40	1.05
508.61	3.20
508.82	-0.96
509.03	10.07
509.24	3.41
509.45	5.53
509.65	5.73
509.86	8.09
510.07	-6.63
510.28	11.33
510.49	7.81
510.70	5.97
510.91	9.04
511.11	3.10
511.32	16.07
511.53	9.86
511.74	8.97
511.95	7.37
512.16	3.55
512.37	10.75
512.57	-2.63
512.78	9.55
512.99	9.59
513.20	11.29
513.41	5.25
513.62	-1.33
513.82	2.52
514.03	8.90
514.24	7.71
514.45	7.33
514.66	3.72
514.87	11.16
515.07	0.61
515.28	14.43
515.49	0.47
515.70	9.25
515.91	3.24
516.11	10.51
516.32	6.38
516.53	14.30
516.74	6.07
516.95	11.98
517.16	8.32
517.36	8.60
517.57	4.77
517.78	4.54
517.99	2.86
518.20	12.76
518.40	4.64
518.61	3.96
518.82	5.18
519.03	3.92
519.23	6.55
519.44	4.09
519.65	1.26
519.86	4.40
520.07	0.54
520.27	19.83
520.48	10.78
520.69	14.57
520.90	1.36
521.10	21.09
521.31	9.08
521.52	15.97
521.73	7.88
521.94	11.94
522.14	6.21
522.35	17.20
522.56	8.26
522.77	9.25
522.97	10.92
523.18	3.58
523.39	12.32
523.60	18.50
523.80	13.21
524.01	11.02
524.22	13.55
524.43	22.93
524.63	19.62
524.84	27.92
525.05	58.60
525.25	93.69
525.46	275.07
525.67	430.38
525.88	1147.44
526.08	1556.93
526.29	2842.20
526.50	3510.76
526.71	5175.83
526.91	5950.85
527.12	7899.73
527.33	8976.00
527.53	11302.70
527.74	12431.06
527.95	15035.26
528.16	16488.02
528.36	18640.33
528.57	20686.26
528.78	23066.99
528.98	25621.14
529.19	28212.71
529.40	30754.99
529.60	33141.35
529.81	35130.24
530.02	38260.11
530.22	40124.96
530.43	43465.27
530.64	45076.16
530.85	47835.32
531.05	49774.61
531.26	52019.05
531.47	53125.81
531.67	55428.00
531.88	56877.96
532.09	57823.85
532.29	59283.91
532.50	59874.14
532.71	60906.59
532.91	60530.78
533.12	61030.97
533.33	61253.82
533.53	60818.76
533.74	60399.75
533.95	60629.87
534.15	59268.08
534.36	58677.58
534.56	56634.93
534.77	55707.07
534.98	54317.32
535.18	52052.40
535.39	51143.58
535.60	48469.65
535.80	45932.35
536.01	43804.41
536.22	41216.90
536.42	38718.52
536.63	36571.94
536.83	33784.01
537.04	31639.27
537.25	28597.46
537.45	26277.48
537.66	24044.48
537.87	21646.17
538.07	19460.79
538.28	17490.50
538.48	15006.76
538.69	13700.60
538.90	11413.46
539.10	10059.18
539.31	8155.55
539.51	6995.38
539.72	5331.47
539.93	4420.33
540.13	2915.86
540.34	2314.41
540.54	1106.92
540.75	789.59
540.96	276.06
541.16	165.34
541.37	76.93
541.57	43.58
541.78	31.50
541.99	16.41
542.19	21.74
542.40	15.29
542.60	16.96
542.81	13.85
543.01	26.04
543.22	7.92
543.43	18.87
543.63	8.63
543.84	16.28
544.04	15.22
544.25	15.46
544.45	7.27
544.66	14.71
544.87	10.75
545.07	10.92
545.28	18.12
545.48	23.24
545.69	10.17
545.89	10.95
546.10	14.30
546.30	19.55
546.51	5.05
546.71	16.04
546.92	7.20
547.13	11.70
547.33	8.63
547.54	16.65
547.74	6.45
547.95	9.55
548.15	10.85
548.36	15.08
548.56	6.79
548.77	9.55
548.97	9.28
549.18	10.68
549.38	10.37
549.59	19.35
549.79	17.95
550.00	16.58
550.20	7.13
550.41	7.40
550.61	4.47
550.82	9.42
551.02	3.61
551.23	11.94
551.43	4.95
551.64	12.49
551.84	13.68
552.05	15.49
552.25	8.39
552.46	9.25
552.66	19.45
552.87	15.97
553.07	13.96
553.28	9.93
553.48	14.16
553.69	10.85
553.89	9.45
554.10	17.37
554.30	6.41
554.51	16.69
554.71	6.86
554.92	7.16
555.12	11.29
555.32	17.61
555.53	8.73
555.73	16.04
555.94	5.70
556.14	16.38
556.35	4.71
556.55	8.05
556.76	0.75
556.96	8.36
557.17	8.70
557.37	9.93
557.57	7.68
557.78	20.27
557.98	11.94
558.19	7.27
558.39	-2.53
558.60	13.38
558.80	11.09
559.00	15.87
559.21	9.04
559.41	4.77
559.62	10.51
559.82	5.15
560.03	6.24
560.23	14.09
560.43	12.39
560.64	13.65
560.84	10.24
561.05	8.97
561.25	6.82
561.45	15.73
561.66	1.46
561.86	8.97
562.07	10.24
562.27	1.60
562.47	-1.74
562.68	8.60
562.88	5.05
563.09	1.09
563.29	2.21
563.49	9.55
563.70	12.45
563.90	10.03
564.11	2.11
564.31	15.22
564.51	4.13
564.72	7.23
564.92	3.96
565.12	14.71
565.33	6.41
565.53	20.17
565.74	5.87
565.94	9.93
566.14	8.77
566.35	4.02
566.55	7.30
566.75	5.76
566.96	-3.21
567.16	8.90
567.36	-6.11
567.57	20.10
567.77	8.02
567.98	16.48
568.18	7.16
568.38	15.01
568.59	1.98
568.79	6.07
568.99	2.49
569.20	12.97
569.40	8.32
569.60	7.78
569.81	2.08
570.01	5.29
570.21	4.30
570.42	4.54
570.62	-3.96
570.82	7.30
571.03	7.74
571.23	17.44
571.43	0.47
571.63	8.26
571.84	6.82
572.04	11.09
572.24	2.93
572.45	16.45
572.65	-1.51
572.85	-3.35
573.06	0.37
573.26	4.02
573.46	6.65
573.67	6.14
573.87	7.06
574.07	14.16
574.27	9.96
574.48	10.88
574.68	2.11
574.88	3.51
575.09	8.87
575.29	9.01
575.49	3.61
575.69	6.62
575.90	5.66
576.10	13.31
576.30	2.28
576.51	8.73
576.71	4.50
576.91	6.99
577.11	8.09
577.32	10.48
577.52	8.50
577.72	5.15
577.92	2.59
578.13	8.29
578.33	-1.20
578.53	6.96
578.73	-1.71
578.94	12.39
579.14	7.03
579.34	10.44
579.54	10.95
579.75	9.62
579.95	0.20
580.15	5.36
580.35	3.27
580.56	19.14
580.76	13.72
580.96	12.86
581.16	7.61
581.37	-3.76
581.57	8.87
581.77	6.52
581.97	3.92
582.17	12.39
582.38	3.96
582.58	9.35
582.78	6.79
582.98	5.87
583.19	2.73
583.39	3.68
583.59	8.39
583.79	7.92
583.99	12.35
584.20	15.53
584.40	-2.26
584.60	5.42
584.80	1.81
585.00	1.16
585.21	0.47
585.41	12.59
585.61	6.45
585.81	5.01
586.01	1.87
586.22	9.18
586.42	2.66
586.62	8.12
586.82	2.08
587.02	5.76
587.22	-0.31
587.43	10.78
587.63	1.84
587.83	12.15
588.03	12.83
588.23	1.02
588.43	9.31
588.64	10.88
588.84	-0.48
589.04	14.98
589.24	5.87
589.44	4.64
589.64	-1.68
589.85	0.54
590.05	9.83
590.25	13.00
590.45	-2.63
590.65	5.90
590.85	4.74
591.05	3.20
591.26	10.71
591.46	8.26
591.66	12.08
591.86	10.95
592.06	-2.39
592.26	0.13
592.46	0.44
592.67	3.99
592.87	11.84
593.07	15.01
593.27	4.02
593.47	6.48
593.67	3.89
593.87	17.88
594.07	13.31
594.28	6.21
594.48	0.78
594.68	14.84
594.88	-0.55
595.08	9.38
595.28	3.89
595.48	12.86
595.68	7.51
595.88	4.13
596.08	5.15
596.29	7.44
596.49	4.23
596.69	8.63
596.89	5.66
597.09	10.58
597.29	11.33
597.49	3.61
597.69	-4.71
597.89	8.50
598.09	1.98
598.29	5.36
598.50	2.56
598.70	7.20
598.90	-5.36
599.10	15.87
599.30	9.21
599.50	8.22
599.70	6.79
599.90	8.39
600.10	6.82
600.30	2.62
600.50	5.42
600.70	9.31
600.90	4.84
601.10	10.20
601.30	-2.97
601.50	10.78
601.71	7.85
601.91	6.38
602.11	1.87
602.31	7.03
602.51	0.78
602.71	10.65
602.91	5.56
603.11	12.39
603.31	0.13
603.51	8.50
603.71	5.12
603.91	15.46
604.11	-2.46
604.31	13.34
604.51	-0.69
604.71	5.12
604.91	3.79
605.11	6.00
605.31	3.51
605.51	5.25
605.71	4.47
605.91	10.00
606.11	4.43
606.31	6.86
606.51	-0.41
606.71	11.91
606.91	5.25
607.11	3.65
607.31	6.07
607.51	10.00
607.71	-0.89
607.91	7.06
608.11	-5.16
608.31	0.61
608.51	-3.69
608.71	8.36
608.91	-0.24
609.11	6.58
609.31	7.16
609.51	11.94
609.71	2.93
609.91	6.04
610.11	-1.88
610.31	10.48
610.51	-5.29
610.71	16.79
610.91	0.82
611.11	7.92
611.31	0.61
611.51	15.83
611.71	6.86
611.91	4.67
612.11	5.63
612.31	0.20
612.51	2.01
612.71	4.74
612.90	-2.29
613.10	2.15
613.30	6.07
613.50	5.70
613.70	1.60
613.90	1.70
614.10	3.58
614.30	8.15
614.50	-1.68
614.70	8.60
614.90	1.81
615.10	7.57
615.30	6.34
615.50	5.53
615.70	1.29
615.90	4.57
616.09	3.65
616.29	13.34
616.49	2.32
616.69	8.73
616.89	8.53
617.09	5.05
617.29	-4.58
617.49	3.31
617.69	-0.31
617.89	3.85
618.09	0.58
618.28	8.90
618.48	-1.71
618.68	12.45
618.88	1.12
619.08	9.66
619.28	3.92
619.48	9.01
619.68	4.26
619.88	-0.55
620.08	1.53
620.27	7.20
620.47	6.07
620.67	7.92
620.87	6.75
621.07	13.31
621.27	0.61
621.47	9.04
621.67	0.17
621.86	3.34
622.06	9.18
622.26	-0.69
622.46	2.69
622.66	6.45
622.86	-1.03
623.06	3.10
623.25	7.57
623.45	5.29
623.65	10.13
623.85	14.91
624.05	-3.31
624.25	6.17
624.45	-6.59
624.64	4.26
624.84	2.52
625.04	13.75
625.24	0.37
625.44	10.34
625.64	-0.75
625.83	18.15
626.03	1.57
626.23	5.12
626.43	-3.69
626.63	12.42
626.83	5.39
627.02	2.59
627.22	11.40
627.42	1.26
627.62	-2.73
627.82	0.41
628.02	12.66
628.21	5.32
628.41	1.91
628.61	5.76
628.81	0.03
629.01	1.94
629.20	-0.17
629.40	1.19
629.60	2.93
629.80	3.38
630.00	10.00
630.19	8.63
630.39	-1.71
630.59	9.79
630.79	7.03
630.99	-0.14
631.18	0.54
631.38	8.12
631.58	6.62
631.78	-7.99
631.98	4.02
632.17	9.52
632.37	-5.26
632.57	9.72
632.77	4.77
632.96	16.55
633.16	6.00
633.36	2.66
633.56	10.34
633.76	7.68
633.95	2.25
634.15	2.45
634.35	3.24
634.55	12.93
634.74	6.31
634.94	4.95
635.14	7.44
635.34	12.45
635.53	-0.52
635.73	3.48
635.93	3.79
636.13	10.30
636.32	2.08
636.52	9.42
636.72	1.50
636.92	12.28
637.11	5.70
637.31	11.91
637.51	1.02
637.70	11.12
637.90	7.30
638.10	-2.09
638.30	7.16
638.49	1.33
638.69	6.89
638.89	6.48
639.09	9.42
639.28	5.53
639.48	-1.37
639.68	11.74
639.87	4.30
640.07	2.25
640.27	1.81
640.47	15.80
640.66	7.30
640.86	13.04
641.06	-3.49
641.25	10.75
641.45	0.99
641.65	10.00
641.84	2.04
642.04	5.32
642.24	-0.79
642.44	3.51
642.63	4.50
642.83	10.34
643.03	4.95
643.22	15.56
643.42	3.82
643.62	6.38
643.81	11.46
644.01	10.51
644.21	10.17
644.40	1.91
644.60	7.10
644.80	9.42
644.99	8.05
645.19	6.24
645.39	-1.37
645.58	3.61
645.78	-3.38
645.98	8.15
646.17	1.36
646.37	11.98
646.57	0.27
646.76	9.55
646.96	-1.10
647.16	6.99
647.35	2.86
647.55	5.25
647.75	-5.16
647.94	10.20
648.14	10.10
648.33	14.13
648.53	2.42
648.73	4.43
648.92	8.19
649.12	10.30
649.32	-0.89
649.51	15.42
649.71	8.43
649.90	16.86
650.10	-1.20
650.30	11.74
650.49	-0.45
650.69	7.74
650.89	5.39
651.08	11.50
651.28	8.56
651.47	10.71
651.67	12.08
651.87	10.41
652.06	0.24
652.26	5.83
652.45	0.88
652.65	11.53
652.85	3.75
653.04	8.09
653.24	-6.01
653.43	6.04
653.63	8.70
653.83	7.23
654.02	3.14
654.22	9.04
654.41	8.94
654.61	6.62
654.81	1.19
655.00	2.04
655.20	7.54
655.39	5.42
655.59	5.39
655.78	8.32
655.98	3.27
656.18	-1.27
656.37	3.38
656.57	10.27
656.76	2.39
656.96	13.27
657.15	1.63
657.35	0.30
657.55	0.13
657.74	4.95
657.94	-1.81
658.13	11.36
658.33	-0.00
658.52	12.15
658.72	1.19
658.91	-2.53
659.11	3.20
659.30	8.12
659.50	-2.26
659.70	6.07
659.89	-0.45
660.09	16.14
660.28	6.14
660.48	9.62
660.67	3.31
660.87	7.57
661.06	6.07
661.26	9.79
661.45	3.72
661.65	1.98
661.84	2.04
662.04	12.83
662.23	3.38
662.43	14.64
662.62	-6.28
662.82	8.90
663.01	-3.18
663.21	8.12
663.41	3.68
663.60	3.82
663.80	5.39
663.99	1.46
664.19	9.31
664.38	8.43
664.58	6.14
664.77	9.62
664.97	2.15
665.16	7.54
665.35	8.50
665.55	12.56
665.74	6.28
665.94	10.24
666.13	5.90
666.33	10.37
666.52	8.12
666.72	11.91
666.91	2.15
667.11	5.42
667.30	10.48
667.50	7.06
667.69	1.87
667.89	7.30
668.08	0.10
668.28	2.42
668.47	-3.86
668.67	8.73
668.86	9.25
669.05	4.88
669.25	1.63
669.44	13.31
669.64	-2.26
669.83	7.57
670.03	-0.79
670.22	11.29
670.42	6.17
670.61	11.87
670.81	-0.17
671.00	9.83
671.19	2.66
671.39	17.64
671.58	5.29
671.78	-0.17
671.97	9.93
672.17	11.81
672.36	-0.72
672.55	8.39
672.75	3.14
672.94	5.01
673.14	4.30
673.33	8.02
673.53	7.40
673.72	-2.22
673.91	-2.56
674.11	4.37
674.30	4.06
674.50	4.88
674.69	-1.92
674.88	4.47
675.08	0.24
675.27	7.20
675.47	8.12
675.66	6.58
675.85	-0.35
676.05	11.74
676.24	3.72
676.44	4.47
676.63	-1.51
676.82	4.09
677.02	11.87
677.21	5.56
677.41	8.32
677.60	4.26
677.79	7.98
677.99	2.97
678.18	-1.40
678.37	9.49
678.57	2.86
678.76	6.41
678.96	9.76
679.15	-0.45
679.34	3.61
679.54	7.81
679.73	-0.99
679.92	4.81
680.12	-2.63
680.31	6.07
680.51	4.16
680.70	1.26
680.89	6.89
681.09	5.18
681.28	6.89
681.47	8.80
681.67	1.60
681.86	10.41
682.05	-1.98
682.25	9.28
682.44	1.46
682.63	3.10
682.83	-4.24
683.02	2.90
683.21	8.50
683.41	11.16
683.60	6.72
683.79	12.08
683.99	1.29
684.18	2.97
684.37	6.86
684.57	6.69
684.76	0.34
684.95	3.24
685.15	0.06
685.34	6.72
685.53	-3.66
685.73	2.76
685.92	2.52
686.11	-0.75
686.31	2.83
686.50	5.97
686.69	9.52
686.88	13.55
687.08	2.90
687.27	5.90
687.46	10.17
687.66	5.12
687.85	2.80
688.04	8.15
688.24	-1.57
688.43	12.11
688.62	2.42
688.81	8.19
689.01	6.04
689.20	6.21
689.39	5.76
689.59	7.37
689.78	12.32
689.97	4.64
690.16	3.96
690.36	7.68
690.55	-0.96
690.74	3.27
690.93	-1.03
691.13	8.02
691.32	-4.54
691.51	7.37
691.70	4.50
691.90	10.44
692.09	-6.69
692.28	2.76
692.48	0.51
692.67	19.28
692.86	3.24
693.05	11.77
693.25	2.01
693.44	10.00
693.63	0.88
693.82	15.94
694.01	0.88
694.21	9.04
694.40	-0.38
694.59	11.33
694.78	2.21
694.98	0.47
695.17	3.51
695.36	9.42
695.55	-2.70
695.75	10.17
695.94	6.93
696.13	0.78
696.32	-4.00
696.51	12.80
696.71	2.66
696.90	-0.07
697.09	2.15
697.28	14.23
697.48	0.24
697.67	6.89
697.86	1.33
698.05	10.20
698.24	-0.79
698.44	3.61
698.63	-3.25
698.82	10.07
699.01	4.43
699.20	3.92
699.40	-3.86
699.59	9.28
699.78	1.46
699.97	9.96
700.16	10.30
700.36	13.04
700.55	-0.28
700.74	12.73
700.93	0.20
701.12	8.26
701.31	5.59
701.51	5.76
701.70	16.00
701.89	10.58
702.08	6.41
702.27	10.65
702.46	1.84
702.66	14.61
702.85	12.08
703.04	15.42
703.23	-3.45
703.42	11.09
703.61	0.85
703.81	7.37
704.00	7.64
704.19	2.35
704.38	0.58
704.57	8.87
704.76	-3.66
704.96	7.44
705.15	12.22
705.34	8.22
705.53	6.62
705.72	0.64
705.91	4.64
706.10	6.28
706.30	4.16
706.49	5.53
706.68	2.80
706.87	8.50
707.06	-2.36
707.25	8.09
707.44	2.45
707.63	4.43
707.83	1.60
708.02	12.56
708.21	6.82
708.40	6.34
708.59	5.32
708.78	1.02
708.97	11.77
709.16	14.02
709.35	0.47
709.55	8.32
709.74	2.83
709.93	11.70
710.12	3.89
710.31	8.60
710.50	-10.00
710.69	9.35
710.88	4.06
711.07	3.89
711.26	-4.54
711.46	10.61
711.65	2.83
711.84	11.53
712.03	2.25
712.22	3.85
712.41	8.36
712.60	11.50
712.79	1.67
712.98	18.33
713.17	1.40
713.36	8.05
713.55	-5.33
713.75	0.88
713.94	1.46
714.13	-2.32
714.32	7.61
714.51	10.65
714.70	0.44
714.89	-1.47
715.08	-2.12
715.27	8.29
715.46	0.64
715.65	10.34
715.84	9.25
716.03	9.42
716.22	-1.85
716.41	5.87
716.60	6.86
716.79	7.03
716.99	1.05
717.18	11.19
717.37	8.05
717.56	14.61
717.75	1.77
717.94	9.89
718.13	5.01
718.32	2.28
718.51	-2.43
718.70	6.89
718.89	0.61
719.08	12.76
719.27	2.93
719.46	5.22
719.65	5.90
719.84	6.79
720.03	2.66
720.22	3.61
720.41	8.90
720.60	7.27
720.79	-2.56
720.98	12.90
721.17	5.05
721.36	4.91
721.55	1.46
721.74	12.08
721.93	6.75
722.12	9.69
722.31	7.33
722.50	0.20
722.69	3.10
722.88	8.12
723.07	-3.01
723.26	12.73
723.45	-1.95
723.64	2.69
723.83	4.33
724.02	10.61
724.21	5.53
724.40	4.40
724.59	-0.21
724.78	7.61
724.97	8.15
725.16	2.42
725.35	9.66
725.54	7.16
725.73	8.46
725.92	8.09
726.11	2.76
726.30	10.20
726.49	-0.11
726.68	-1.95
726.87	6.65
727.06	-0.96
727.25	7.71
727.43	2.21
727.62	5.01
727.81	5.70
728.00	0.68
728.19	5.80
728.38	3.10
728.57	7.57
728.76	0.03
728.95	12.11
729.14	-3.18
729.33	13.38
729.52	1.40
729.71	-0.38
729.90	7.71
730.09	11.16
730.28	5.18
730.47	8.32
730.65	1.81
730.84	0.64
731.03	4.09
731.22	2.69
731.41	3.20
731.60	3.44
731.79	7.16
731.98	10.82
732.17	2.97
732.36	8.15
732.55	7.68
732.74	6.34
732.92	12.45
733.11	6.69
733.30	7.74
733.49	9.14
733.68	1.57
733.87	8.84
734.06	2.39
734.25	11.12
734.44	-1.03
734.63	12.45
734.81	-1.88
735.00	4.60
735.19	10.65
735.38	8.56
735.57	-1.95
735.76	13.44
735.95	1.50
736.14	8.90
736.33	-2.67
736.51	1.81
736.70	6.41
736.89	0.30
737.08	3.27
737.27	12.90
737.46	7.03
737.65	10.30
737.83	-1.03
738.02	3.07
738.21	2.11
738.40	3.89
738.59	3.00
738.78	12.90
738.97	0.85
739.16	10.71
739.34	3.03
739.53	3.96
739.72	7.44
739.91	4.06
740.10	-1.98
740.29	3.55
740.47	4.43
740.66	7.78
740.85	0.88
741.04	11.98
741.23	1.77
741.42	4.33
741.60	2.66
741.79	16.35
741.98	-2.77
742.17	1.12
742.36	1.77
742.55	4.02
742.73	-3.28
742.92	-4.03
743.11	2.80
743.30	3.31
743.49	1.57
743.68	3.00
743.86	6.82
744.05	15.01
744.24	-0.99
744.43	5.08
744.62	13.65
744.80	8.53
744.99	-2.73
745.18	9.52
745.37	-1.37
745.56	12.39
745.74	-1.78
745.93	0.64
746.12	2.59
746.31	14.91
746.50	-1.27
746.68	8.32
746.87	-4.03
747.06	-0.35
747.25	7.40
747.44	4.06
747.62	8.43
747.81	7.33
748.00	1.33
748.19	6.69
748.37	-2.77
748.56	9.96
748.75	0.88
748.94	5.80
749.13	8.15
749.31	-2.46
749.50	5.49
749.69	6.93
749.88	0.58
750.06	5.83
750.25	-2.15
750.44	3.38
750.63	1.57
750.81	6.34
751.00	-0.45
751.19	8.26
751.38	10.68
751.56	3.34
751.75	8.32
751.94	16.45
752.13	-9.25
752.31	4.26
752.50	5.12
752.69	8.90
752.88	3.58
753.06	13.21
753.25	7.51
753.44	14.81
753.63	-0.89
753.81	5.32
754.00	11.40
754.19	12.52
754.37	6.93
754.56	9.38
754.75	0.54
754.94	9.28
755.12	5.39
755.31	5.01
755.50	2.08
755.69	3.27
755.87	5.39
756.06	12.28
756.25	2.39
756.43	12.73
756.62	-7.31
756.81	18.46
756.99	5.15
757.18	2.90
757.37	3.75
757.56	13.68
757.74	4.84
757.93	6.79
758.12	10.41
758.30	8.77
758.49	6.34
758.68	10.13
758.86	-6.73
759.05	7.61
759.24	2.08
759.42	6.41
759.61	1.77
759.80	15.32
759.99	-7.14
760.17	1.84
760.36	0.47
760.55	4.95
760.73	1.70
760.92	1.77
761.11	0.88
761.29	10.07
761.48	1.43
761.67	9.79
761.85	3.34
762.04	6.75
762.23	4.88
762.41	5.05
762.60	8.97
762.79	7.64
762.97	-2.60
763.16	2.76
763.34	5.05
763.53	-1.03
763.72	-0.62
763.90	5.63
764.09	-1.44
764.28	4.71
764.46	-0.69
764.65	5.66
764.84	2.11
765.02	10.37
765.21	5.94
765.40	16.86
765.58	-1.23
765.77	16.38
765.95	6.93
766.14	1.33
766.33	-3.11
766.51	12.86
766.70	6.96
766.89	6.14
767.07	5.18
767.26	17.92
767.44	-1.37
767.63	0.54
767.82	2.69
768.00	5.63
768.19	0.06
768.37	14.02
768.56	-0.62
768.75	9.83
768.93	-4.10
769.12	10.54
769.30	-5.46
769.49	4.19
769.68	2.66
769.86	2.45
770.05	-0.58
770.23	7.98
770.42	-1.54
770.61	7.13
770.79	3.10
770.98	4.74
771.16	1.84
771.35	5.46
771.54	12.39
771.72	4.37
771.91	11.46
772.09	7.68
772.28	4.33
772.46	5.32
772.65	8.53
772.84	8.36
773.02	0.78
773.21	4.57
773.39	2.62
773.58	11.19
773.76	1.81
773.95	4.09
774.13	1.46
774.32	16.28
774.51	3.17
774.69	3.48
774.88	3.68
775.06	0.13
775.25	4.30
775.43	11.29
775.62	-7.24
775.80	9.28
775.99	3.58
776.18	12.93
776.36	-3.14
776.55	7.03
776.73	2.21
776.92	10.78
777.10	4.09
777.29	5.08
777.47	2.25
777.66	9.42
777.84	5.42
778.03	6.86
778.21	-7.82
778.40	5.12
778.58	-1.68
778.77	-0.93
778.95	-1.68
779.14	9.62
779.33	5.05
779.51	3.07
779.70	4.40
779.88	12.42
780.07	-3.76
780.25	11.46
780.44	2.90
780.62	2.66
780.81	10.17
780.99	7.40
781.18	0.85
781.36	5.46
781.55	5.29
781.73	8.53
781.92	-2.19
782.10	12.97
782.29	2.25
782.47	13.17
782.66	4.57
782.84	13.55
783.03	4.19
783.21	6.86
783.39	3.48
783.58	-0.45
783.76	-3.89
783.95	8.02
784.13	4.43
784.32	6.17
784.50	-7.82
784.69	-1.68
784.87	6.48
785.06	5.12
785.24	3.38
785.43	8.94
785.61	-0.38
785.80	15.32
785.98	0.27
786.17	4.09
786.35	1.23
786.53	16.99
786.72	5.73
786.90	5.15
787.09	-1.33
787.27	-1.20
787.46	-0.79
787.64	13.04
787.83	0.95
788.01	6.86
788.19	-2.12
788.38	9.28
788.56	0.13
788.75	4.16
788.93	1.33
789.12	4.77
789.30	-0.62
789.49	8.70
789.67	0.30
789.85	14.13
790.04	3.58
790.22	10.92
790.41	-0.96
790.59	4.98
790.77	-0.48
790.96	20.89
791.14	1.81
791.33	7.74
791.51	4.54
791.70	4.81
791.88	3.10
792.06	14.16
792.25	7.92
792.43	10.07
792.62	8.50
792.80	17.54
792.98	1.81
793.17	-2.53
793.35	-0.21
793.54	2.69
793.72	3.10
793.90	7.78
794.09	5.56
794.27	6.11
794.46	-1.68
794.64	12.49
794.82	3.85
795.01	9.49
795.19	12.80
795.37	9.52
795.56	4.37
795.74	14.13
795.93	0.47
796.11	-3.08
796.29	10.58
796.48	4.77
796.66	0.78
796.84	10.92
797.03	6.96
797.21	3.92
797.40	-1.57
797.58	3.48
797.76	-1.95
797.95	8.36
798.13	-10.38
798.31	3.07
798.50	1.26
798.68	5.39
798.86	1.84
799.05	16.72
799.23	5.53
799.42	13.00
799.60	-5.77
799.78	2.73
799.97	-1.23
800.15	8.84
800.33	-2.56
800.52	13.82
800.70	7.06
800.88	6.79
801.07	-1.88
801.25	3.79
801.43	2.90
801.62	6.96
801.80	10.30
801.98	1.57
802.17	-0.93
802.35	3.00
802.53	-2.67
802.72	10.61
802.90	3.27
803.08	3.07
803.26	1.12
803.45	12.42
803.63	-0.45
803.81	3.75
804.00	3.17
804.18	7.95
804.36	6.21
804.55	5.90
804.73	1.05
804.91	0.41
805.10	-3.69
805.28	2.45
805.46	4.74
805.64	11.57
805.83	0.06
806.01	3.61
806.19	-1.57
806.38	6.17
806.56	5.22
806.74	10.51
806.92	4.47
807.11	4.77
807.29	2.18
807.47	13.34
807.66	7.57
807.84	5.53
808.02	2.90
808.20	6.24
808.39	2.08
808.57	4.74
808.75	6.48
808.94	7.47
809.12	0.54
809.30	7.06
809.48	4.26
809.67	18.70
809.85	6.99
810.03	11.23
810.21	10.51
810.40	15.32
810.58	4.88
810.76	10.68
810.94	-5.70
811.13	6.31
811.31	1.12
811.49	5.05
811.67	-0.79
811.86	-0.96
812.04	1.43
812.22	10.41
812.40	5.94
812.59	9.11
812.77	0.61
812.95	5.76
813.13	-2.09
813.32	15.08
813.50	-4.75
813.68	5.18
813.86	4.16
814.04	6.58
814.23	1.29
814.41	6.04
814.59	-5.70
814.77	5.29
814.96	-3.89
815.14	12.08
815.32	-0.72
815.50	4.60
815.68	-6.52
815.87	6.55
816.05	10.68
816.23	11.81
816.41	-5.60
816.59	9.62
816.78	0.06
816.96	6.62
817.14	4.71
817.32	10.44
817.50	1.70
817.69	6.69
817.87	3.92
818.05	3.75
818.23	1.63
818.41	9.59
818.60	-0.82
818.78	8.50
818.96	8.73
819.14	3.58
819.32	-8.64
819.51	5.18
819.69	1.84
819.87	5.90
820.05	-0.82
820.23	-3.08
820.41	-2.22
820.60	5.49
820.78	6.04
820.96	8.73
821.14	7.71
821.32	4.77
821.50	-5.23
821.69	0.58
821.87	1.43
822.05	8.02
822.23	-4.13
822.41	13.58
822.59	-1.10
822.78	6.52
822.96	7.06
823.14	2.56
823.32	7.37
823.50	1.09
823.68	0.92
823.86	1.09
824.05	6.58
824.23	9.72
824.41	6.52
824.59	4.77
824.77	0.10
824.95	-1.30
825.13	5.12
825.32	8.90
825.50	-0.45
825.68	4.50
825.86	3.89
826.04	3.07
826.22	6.34
826.40	11.33
826.58	6.86
826.77	5.12
826.95	4.40
827.13	1.26
827.31	4.67
827.49	11.64
827.67	0.99
827.85	10.17
828.03	3.24
828.22	5.87
828.40	-4.30
828.58	9.28
828.76	8.15
828.94	2.08
829.12	8.56
829.30	2.59
829.48	-1.92
829.66	2.25
829.84	-2.39
830.03	6.52
830.21	7.40
830.39	11.60
830.57	10.00
830.75	16.14
830.93	0.78
831.11	4.16
831.29	10.27
831.47	-1.47
831.65	-4.68
831.83	6.14
832.02	1.60
832.20	9.04
832.38	4.43
832.56	13.00
832.74	5.70
832.92	12.69
833.10	-4.48
833.28	-0.99
833.46	5.70
833.64	9.14
833.82	5.87
834.00	8.56
834.18	-3.96
834.36	8.87
834.54	0.03
834.73	11.50
834.91	-2.12
835.09	6.55
835.27	5.53
835.45	-3.18
835.63	3.41
835.81	1.02
835.99	-0.38
836.17	9.25
836.35	3.17
836.53	14.91
836.71	2.86
836.89	2.97
837.07	6.99
837.25	7.68
837.43	-2.67
837.61	7.95
837.79	0.64
837.97	4.43
838.15	5.05
838.33	-7.31
838.51	7.81
838.69	14.02
838.87	1.40
839.05	4.77
839.23	0.10
839.41	3.03
839.59	4.37
839.78	-3.76
839.96	4.84
840.14	6.96
840.32	0.10
840.50	7.98
840.68	-2.60
840.86	-0.31
841.04	3.89
841.22	8.94
841.40	-4.95
841.58	9.55
841.76	6.00
841.94	7.44
842.12	3.68
842.30	-1.30
842.48	-3.38
842.66	-5.02
842.84	1.46
843.02	-0.04
843.20	8.67
843.38	1.91
843.55	3.10
843.73	3.51
843.91	7.54
844.09	6.45
844.27	0.30
844.45	17.06
844.63	-0.99
844.81	16.79
844.99	9.76
845.17	4.88
845.35	1.12
845.53	10.65
845.71	8.84
845.89	8.22
846.07	-1.92
846.25	6.11
846.43	-1.85
846.61	4.95
846.79	2.35
846.97	6.14
847.15	7.81
847.33	9.79
847.51	-3.14
847.69	1.53
847.87	3.44
848.05	12.59
848.23	4.23
848.41	11.91
848.58	0.13
848.76	11.87
848.94	10.37
849.12	3.34
849.30	-5.67
849.48	11.84
849.66	7.54
849.84	8.50
850.02	3.89
850.20	0.51
850.38	4.50
850.56	5.83
850.74	11.43
850.92	18.46
851.10	1.67
851.27	16.28
851.45	6.55
851.63	6.93
851.81	-0.11
851.99	12.83
852.17	9.96
852.35	8.43
852.53	5.15
852.71	12.05
852.89	6.58
853.07	11.64
853.24	-0.69
853.42	8.36
853.60	3.14
853.78	-4.41
853.96	8.29
854.14	7.47
854.32	-3.49
854.50	11.74
854.68	4.81
854.86	0.68
855.03	5.90
855.21	10.54
855.39	-4.07
855.57	17.37
855.75	-3.55
855.93	9.76
856.11	-2.73
856.29	5.56
856.47	-2.63
856.64	7.06
856.82	8.29
857.00	2.62
857.18	-7.14
857.36	9.38
857.54	-7.21
857.72	13.27
857.90	4.77
858.07	2.66
858.25	-3.01
858.43	13.24
858.61	11.70
858.79	8.09
858.97	2.66
859.15	14.30
859.32	-0.04
859.50	8.29
859.68	0.06
859.86	15.12
860.04	3.34
860.22	5.94
860.40	-2.02
860.57	8.43
860.75	6.34
860.93	6.62
861.11	1.63
861.29	8.73
861.47	-4.92
861.64	3.20
861.82	8.29
862.00	9.45
862.18	2.21
862.36	1.77
862.54	-9.19
862.71	2.28
862.89	3.00
863.07	9.96
863.25	2.83
863.43	6.52
863.61	2.18
863.78	15.56
863.96	3.58
864.14	6.00
864.32	-2.32
864.50	9.79
864.67	3.92
864.85	16.07
865.03	6.93
865.21	11.46
865.39	-1.13
865.57	4.91
865.74	5.18
865.92	3.20
866.10	2.45
866.28	4.43
866.46	6.69
866.63	12.80
866.81	4.09
866.99	7.23
867.17	-0.62
867.34	5.36
867.52	-3.93
867.70	-0.55
867.88	5.29
868.06	8.50
868.23	9.28
868.41	13.31
868.59	7.54
868.77	15.39
868.95	4.67
869.12	4.98
869.30	0.51
869.48	10.61
869.66	3.00
869.83	1.57
870.01	-7.14
870.19	9.35
870.37	6.58
870.55	12.63
870.72	6.65
870.90	12.86
871.08	-1.16
871.26	8.73
871.43	1.87
871.61	10.78
871.79	4.02
871.97	7.44
872.14	0.54
872.32	2.73
872.50	10.13
872.68	11.40
872.85	3.24
873.03	9.01
873.21	-3.96
873.39	5.70
873.56	-2.36
873.74	4.50
873.92	4.60
874.10	6.17
874.27	8.84
874.45	9.04
874.63	1.26
874.80	4.74
874.98	-11.40
875.16	0.58
875.34	1.60
875.51	5.29
875.69	4.64
875.87	5.70
876.05	-4.37
876.22	13.07
876.40	-4.03
876.58	-0.00
876.75	2.45
876.93	15.77
877.11	5.87
877.29	5.56
877.46	4.16
877.64	13.10
877.82	-1.92
877.99	9.49
878.17	-2.77
878.35	4.67
878.52	7.81
878.70	7.81
878.88	-0.69
879.06	9.11
879.23	2.80
879.41	4.19
879.59	5.97
879.76	6.21
879.94	9.18
880.12	-1.85
880.29	-5.09
880.47	9.49
880.65	0.61
880.82	8.15
881.00	1.77
881.18	1.09
881.36	1.29
881.53	7.85
881.71	4.02
881.89	5.97
882.06	2.42
882.24	6.38
882.42	5.94
882.59	5.76
882.77	-0.17
882.95	1.12
883.12	4.30
883.30	16.04
883.48	-3.11
883.65	-0.28
883.83	7.98
884.01	9.62
884.18	6.45
884.36	14.74
884.54	-2.94
884.71	13.96
884.89	3.24
885.06	6.28
885.24	0.34
885.42	7.68
885.59	-4.68
885.77	5.73
885.95	-1.95
886.12	9.59
886.30	12.22
886.48	15.83
886.65	4.98
886.83	1.87
887.01	5.18
887.18	-1.23
887.36	8.70
887.53	3.58
887.71	-1.54
887.89	12.35
888.06	4.13
888.24	8.67
888.42	0.54
888.59	6.86
888.77	4.23
888.94	6.00
889.12	-4.27
889.30	3.14
889.47	6.58
889.65	-0.38
889.82	4.02
890.00	12.69
890.18	0.34
890.35	11.84
890.53	4.50
890.71	14.20
890.88	8.39
891.06	4.71
891.23	-1.40
891.41	6.07
891.59	2.45
891.76	5.56
891.94	1.74
892.11	12.28
892.29	0.92
892.46	10.00
892.64	7.95
892.82	9.83
892.99	0.41
893.17	11.57
893.34	3.34
893.52	4.33
893.70	-4.85
893.87	10.03
894.05	5.70
894.22	-1.81
894.40	14.06
894.57	8.70
894.75	-2.26
894.93	19.11
895.10	-0.89
895.28	12.83
895.45	-3.18
895.63	6.89
895.80	7.98
895.98	3.58
896.16	-0.38
896.33	10.85
896.51	3.75
896.68	7.88
896.86	0.10
897.03	2.62
897.21	11.40
897.38	10.03
897.56	-2.19
897.74	13.21
897.91	3.68
898.09	9.14
898.26	4.57
898.44	11.84
898.61	-2.43
898.79	16.24
898.96	-1.37
899.14	10.78
899.31	6.41
899.49	11.84
899.67	-0.45
899.84	12.80
900.02	8.90
900.19	4.43
900.37	7.64
900.54	14.37
900.72	1.57
900.89	-0.72
901.07	0.10
901.24	5.29
901.42	-2.84
901.59	5.01
901.77	-7.04
901.94	9.11
902.12	-4.00
902.29	0.54
902.47	7.30
902.64	9.38
902.82	4.43
902.99	6.31
903.17	-7.34
903.34	12.49
903.52	1.84
903.69	16.45
903.87	0.17
904.04	-0.28
904.22	1.29
904.39	7.13
904.57	-0.62
904.74	4.47
904.92	-0.75
905.09	7.92
905.27	7.30
905.44	10.41
905.62	-4.54
905.79	10.07
905.97	0.41
906.14	14.40
906.32	-5.19
906.49	5.12
906.67	-0.35
906.84	9.18
907.02	-2.09
907.19	5.59
907.37	3.99
907.54	6.58
907.72	-4.95
907.89	6.58
908.06	2.62
908.24	4.60
908.41	2.93
908.59	2.01
908.76	-1.92
908.94	-0.28
909.11	-1.10
909.29	0.34
909.46	3.27
909.64	2.52
909.81	-2.39
909.99	0.44
910.16	3.24
910.33	6.24
910.51	5.94
910.68	12.32
910.86	10.44
911.03	10.10
911.21	3.96
911.38	5.46
911.56	9.08
911.73	10.95
911.90	1.12
912.08	4.98
912.25	-0.52
912.43	2.49
912.60	8.43
912.78	5.15
912.95	0.51
913.12	5.59
913.30	4.50
913.47	10.07
913.65	0.20
913.82	10.51
914.00	1.74
914.17	6.55
914.34	9.86
914.52	11.36
914.69	-3.83
914.87	-0.48
915.04	-2.56
915.21	0.06
915.39	6.99
915.56	10.92
915.74	0.85
915.91	4.50
916.08	2.04
916.26	7.64
916.43	1.23
916.61	2.45
916.78	11.84
916.95	5.94
917.13	1.87
917.30	6.96
917.48	12.66
917.65	-0.96
917.82	6.28
918.00	6.93
918.17	-3.38
918.35	3.99
918.52	-6.49
918.69	-2.80
918.87	2.42
919.04	11.64
919.22	-1.03
919.39	-2.32
919.56	1.87
919.74	7.27
919.91	1.09
920.08	11.64
920.26	-2.87
920.43	10.71
920.61	8.60
920.78	5.63
920.95	2.93
921.13	6.07
921.30	0.99
921.47	7.47
921.65	1.29
921.82	5.18
921.99	-4.03
922.17	-0.28
922.34	-3.69
922.51	4.81
922.69	3.51
922.86	16.48
923.04	-6.28
923.21	-1.61
923.38	-2.26
923.56	2.28
923.73	4.50
923.90	5.25
924.08	-3.18
924.25	3.96
924.42	-1.85
924.60	5.56
924.77	4.64
924.94	5.73
925.12	0.64
925.29	14.37
925.46	7.71
925.64	3.34
925.81	-0.99
925.98	13.65
926.16	7.13
926.33	13.65
926.50	1.50
926.68	7.33
926.85	0.17
927.02	-1.85
927.19	6.48
927.37	1.70
927.54	-1.16
927.71	4.40
927.89	-0.07
928.06	6.31
928.23	2.39
928.41	2.11
928.58	6.28
928.75	10.20
928.93	-2.91
929.10	12.93
929.27	-3.96
929.44	-1.40
929.62	-5.12
929.79	12.05
929.96	8.05
930.14	4.64
930.31	7.44
930.48	11.60
930.66	4.47
930.83	0.99
931.00	10.07
931.17	3.72
931.35	-0.14
931.52	8.67
931.69	2.59
931.87	8.77
932.04	3.75
932.21	13.79
932.38	7.85
932.56	11.36
932.73	-2.73
932.90	6.86
933.07	1.50
933.25	11.94
933.42	-0.52
933.59	0.85
933.77	11.98
933.94	4.47
934.11	7.44
934.28	8.90
934.46	3.85
934.63	3.65
934.80	-0.69
934.97	7.78
935.15	0.10
935.32	2.11
935.49	-6.63
935.66	6.89
935.84	12.97
936.01	7.33
936.18	5.18
936.35	9.42
936.53	5.25
936.70	8.67
936.87	4.40
937.04	10.88
937.22	3.96
937.39	2.49
937.56	-3.76
937.73	2.18
937.91	12.49
938.08	0.85
938.25	2.80
938.42	9.11
938.59	4.02
938.77	10.10
938.94	3.89
939.11	14.54
939.28	3.92
939.46	10.17
939.63	0.30
939.80	10.07
939.97	3.48
940.14	10.85
940.32	-1.33
940.49	-3.35
940.66	1.16
940.83	7.27
941.00	1.46
941.18	1.77
941.35	-0.55
941.52	1.81
941.69	1.43
941.87	7.23
942.04	-1.27
942.21	10.44
942.38	1.50
942.55	10.75
942.73	8.67
942.90	1.16
943.07	-3.76
943.24	6.82
943.41	-6.93
943.58	4.50
943.76	-0.75
943.93	-0.07
944.10	10.71
944.27	6.75
944.44	3.58
944.62	3.61
944.79	-0.38
944.96	6.31
945.13	7.98
945.30	10.37
945.47	2.69
945.65	10.07
945.82	-1.95
945.99	3.55
946.16	4.30
946.33	13.31
946.50	5.18
946.68	14.09
946.85	-1.74
947.02	4.13
947.19	7.44
947.36	10.17
947.53	5.76
947.71	18.53
947.88	7.40
948.05	0.78
948.22	9.42
948.39	2.59
948.56	5.97
948.74	10.44
948.91	8.22
949.08	-0.99
949.25	4.40
949.42	-0.86
949.59	2.11
949.76	2.52
949.94	3.65
950.11	12.42
950.28	-0.79
950.45	5.42
950.62	3.00
950.79	6.52
950.96	1.94
951.14	5.39
951.31	8.80
951.48	10.51
951.65	4.26
951.82	4.60
951.99	-2.80
952.16	2.01
952.33	-3.21
952.51	8.29
952.68	5.80
952.85	0.44
953.02	5.01
953.19	1.57
953.36	9.66
953.53	4.16
953.70	9.38
953.87	8.26
954.05	-1.37
954.22	1.87
954.39	3.03
954.56	11.94
954.73	6.34
954.90	9.38
955.07	0.71
955.24	11.67
955.41	0.17
955.58	11.19
955.76	0.68
955.93	9.59
956.10	-1.47
956.27	6.11
956.44	4.77
956.61	11.06
956.78	8.97
956.95	1.36
957.12	0.34
957.29	8.67
957.46	-3.21
957.64	8.67
957.81	0.92
957.98	6.34
958.15	0.10
958.32	3.68
958.49	4.54
958.66	4.23
958.83	0.10
959.00	9.14
959.17	4.95
959.34	1.84
959.51	6.82
959.68	5.80
959.85	4.50
960.03	12.15
960.20	-2.36
960.37	5.36
960.54	6.17
960.71	6.72
960.88	2.90
961.05	17.30
961.22	4.26
961.39	7.47
961.56	1.91
961.73	8.05
961.90	5.49
962.07	8.94
962.24	4.23
962.41	11.94
962.58	-1.85
962.75	10.27
962.92	0.99
963.09	3.65
963.26	4.02
963.44	14.81
963.61	-0.52
963.78	11.50
963.95	-2.02
964.12	5.59
964.29	-1.16
964.46	3.44
964.63	7.27
964.80	11.02
964.97	3.72
965.14	-1.10
965.31	-6.39
965.48	5.83
965.65	0.85
965.82	4.16
965.99	1.02
966.16	2.66
966.33	9.38
966.50	7.23
966.67	0.68
966.84	10.20
967.01	7.16
967.18	1.43
967.35	8.39
967.52	4.77
967.69	8.29
967.86	9.42
968.03	-1.88
968.20	6.96
968.37	-2.77
968.54	8.73
968.71	3.03
968.88	6.93
969.05	5.39
969.22	13.44
969.39	1.40
969.56	7.78
969.73	-3.21
969.90	8.26
970.07	-1.23
970.24	7.74
970.41	-4.27
970.58	11.02
970.75	9.52
970.92	12.05
971.09	1.36
971.26	8.50
971.43	1.87
971.60	16.65
971.77	6.55
971.94	9.72
972.11	-6.59
972.28	5.42
972.45	-3.45
972.62	2.45
972.79	-0.62
972.96	3.58
973.12	-6.25
973.29	4.54
973.46	2.01
973.63	4.54
973.80	-0.99
973.97	10.41
974.14	3.10
974.31	7.23
974.48	0.78
974.65	11.70
974.82	-3.28
974.99	5.73
975.16	3.58
975.33	12.56
975.50	-2.53
975.67	9.62
975.84	-2.05
976.01	11.74
976.18	-4.17
976.35	0.54
976.51	-2.56
976.68	10.61
976.85	7.64
977.02	11.98
977.19	2.28
977.36	-1.47
977.53	3.51
977.70	11.81
977.87	4.71
978.04	4.60
978.21	0.64
978.38	11.94
978.55	2.18
978.72	2.83
978.88	5.73
979.05	2.52
979.22	9.93
979.39	14.74
979.56	-3.08
979.73	9.28
979.90	4.37
980.07	4.40
980.24	-3.35
980.41	10.95
980.58	2.04
980.75	-6.59
980.91	2.01
981.08	5.42
981.25	2.42
981.42	7.81
981.59	11.74
981.76	6.04
981.93	9.96
982.10	6.79
982.27	1.02
982.44	5.94
982.60	-6.49
982.77	9.01
982.94	2.80
983.11	11.50
983.28	1.91
983.45	1.87
983.62	3.31
983.79	1.98
983.95	-4.30
984.12	0.47
984.29	0.71
984.46	11.74
984.63	2.83
984.80	7.51
984.97	1.09
985.14	9.14
985.30	-0.65
985.47	0.06
985.64	8.80
985.81	6.04
985.98	-0.86
986.15	6.82
986.32	2.08
986.49	7.78
986.65	-3.42
986.82	11.46
986.99	6.17
987.16	4.91
987.33	10.20
987.50	8.97
987.67	4.57
987.83	6.75
988.00	0.24
988.17	7.47
988.34	-6.52
988.51	3.20
988.68	-4.07
988.84	11.09
989.01	0.71
989.18	5.76
989.35	5.59
989.52	11.98
989.69	-0.00
989.86	11.33
990.02	0.54
990.19	6.41
990.36	2.04
990.53	9.14
990.70	0.51
990.87	1.46
991.03	3.34
991.20	10.51
991.37	-7.31
991.54	12.08
991.71	2.35
991.87	0.34
992.04	-7.72
992.21	1.60
992.38	4.71
992.55	12.28
992.72	-4.92
992.88	10.37
993.05	8.19
993.22	5.97
993.39	3.85
993.56	15.63
993.72	-0.89
993.89	7.47
994.06	-1.33
994.23	3.41
994.40	-0.24
994.56	12.32
994.73	-0.48
994.90	3.03
995.07	2.52
995.24	9.55
995.40	4.71
995.57	7.95
995.74	3.75
995.91	1.63
996.08	-1.20
996.24	4.30
996.41	1.77
996.58	10.24
996.75	-4.54
996.92	10.68
997.08	9.86
997.25	5.46
997.42	7.74
997.59	7.98
997.75	4.23
997.92	10.27
998.09	0.13
998.26	-1.95
998.43	-5.81
998.59	9.59
998.76	-1.40
998.93	10.78
999.10	-3.31
999.26	2.90
999.43	9.31
999.60	9.66
999.77	6.75
999.93	2.86
1000.10	1.05
1000.27	4.09
1000.44	-2.50
1000.60	6.17
1000.77	-2.67
1000.94	4.71
1001.11	4.57
1001.28	6.48
1001.44	6.69
1001.61	1.05
1001.78	4.26
1001.95	11.57
1002.11	-0.65
1002.28	5.73
1002.45	1.02
1002.61	0.37
1002.78	4.84
1002.95	4.06
1003.12	-2.63
1003.28	11.40
1003.45	-1.23
1003.62	10.99
1003.79	3.75
1003.95	4.16
1004.12	7.95
1004.29	12.45
1004.46	1.57
1004.62	3.44
1004.79	-9.46
1004.96	6.04
1005.12	8.09
1005.29	16.55
1005.46	-0.00
1005.63	8.70
1005.79	-3.08
1005.96	14.26
1006.13	6.48
1006.29	6.89
1006.46	10.54
1006.63	14.13
1006.80	3.79
1006.96	3.72
1007.13	1.53
1007.30	7.33
1007.46	14.47
1007.63	3.61
1007.80	5.59
1007.97	7.78
1008.13	-0.24
1008.30	8.05
1008.47	3.34
1008.63	0.54
1008.80	-2.26
1008.97	5.76
1009.13	3.31
1009.30	13.48
1009.47	4.37
1009.64	5.39
1009.80	-5.26
1009.97	4.77
1010.14	0.20
1010.30	-0.99
1010.47	8.02
1010.64	4.09
1010.80	-3.52
1010.97	5.56
1011.14	-0.52
1011.30	9.28
1011.47	7.13
1011.64	4.02
1011.80	1.05
1011.97	7.64
1012.14	6.93
1012.30	9.28
1012.47	-1.54
1012.64	14.37
1012.80	-1.33
1012.97	9.38
1013.14	9.11
1013.30	1.94
1013.47	-5.06
1013.64	9.18
1013.80	-0.86
1013.97	11.29
1014.14	-1.27
1014.30	2.25
1014.47	3.58
1014.64	6.99
1014.80	3.68
1014.97	10.34
1015.14	0.27
1015.30	6.31
1015.47	-3.11
1015.64	8.43
1015.80	2.04
1015.97	7.10
1016.13	-0.14
1016.30	5.53
1016.47	-0.96
1016.63	2.32
1016.80	3.65
1016.97	6.07
1017.13	-2.56
1017.30	2.21
1017.47	8.36
1017.63	4.60
1017.80	-0.41
1017.96	10.85
1018.13	2.04
1018.30	-0.93
1018.46	3.55
1018.63	-0.75
1018.80	-3.25
1018.96	12.86
1019.13	1.05
1019.29	3.24
1019.46	5.94
1019.63	4.81
1019.79	-0.82
1019.96	3.55
1020.13	6.75
1020.29	4.74
1020.46	-3.14
1020.62	6.11
1020.79	0.44
1020.96	4.37
1021.12	3.99
1021.29	4.47
1021.45	-5.87
1021.62	2.18
1021.79	-3.45
1021.95	-0.11
1022.12	5.29
1022.28	3.55
1022.45	4.47
1022.62	6.69
1022.78	4.06
1022.95	10.58
1023.11	4.54
1023.28	9.79
1023.45	1.02
1023.61	8.43
1023.78	1.87
1023.94	2.52
1024.11	0.54
1024.27	6.14
1024.44	4.50
1024.61	13.27
1024.77	0.75
1024.94	9.42
1025.10	6.79
1025.27	3.96
1025.43	-8.88
1025.60	2.25
1025.77	6.31
1025.93	13.07
1026.10	1.19
1026.26	12.28
1026.43	2.15
1026.59	4.84
1026.76	10.13
1026.93	8.02
1027.09	11.67
1027.26	3.20
1027.42	4.88
1027.59	11.26
1027.75	8.53
1027.92	3.58
1028.08	-5.23
1028.25	4.50
1028.42	5.05
1028.58	9.69
1028.75	3.41
1028.91	6.72
1029.08	6.04
1029.24	4.43
1029.41	4.81
1029.57	10.58
1029.74	5.90
1029.91	7.10
1030.07	9.18
1030.24	7.57
1030.40	-2.29
1030.57	3.55
1030.73	1.46
1030.90	3.38
1031.06	4.95
1031.23	13.31
1031.39	2.15
1031.56	9.89
1031.72	-2.56
1031.89	4.33
1032.05	13.79
1032.22	12.25
1032.38	6.62
1032.55	1.29
1032.72	5.39
1032.88	3.51
1033.05	-1.85
1033.21	12.83
1033.38	-1.06
1033.54	17.68
1033.71	-2.70
1033.87	8.12
1034.04	3.75
1034.20	5.05
1034.37	1.53
1034.53	9.96
1034.70	-0.21
1034.86	3.58
1035.03	0.20
1035.19	0.92
1035.36	-4.41
1035.52	5.15
1035.69	0.20
1035.85	4.02
1036.02	-5.29
1036.18	6.07
1036.35	2.35
1036.51	7.13
1036.68	1.98
1036.84	6.79
1037.01	2.73
1037.17	10.85
1037.34	5.94
1037.50	7.33
1037.67	9.18
