337,57	-124,69
337,79	-124,69
338,02	-124,69
338,24	-120,18
338,47	-103,39
338,69	-0,58
338,92	4,13
339,14	20,92
339,36	68,64
339,59	89,32
339,81	23,79
340,04	46,52
340,26	74,17
340,49	47,34
340,71	87,28
340,93	46,11
341,16	41,40
341,38	-2,63
341,61	48,77
341,83	142,37
342,05	78,67
342,28	53,69
342,50	78,06
342,73	24,40
342,95	119,63
343,17	15,80
343,40	54,30
343,62	32,59
343,85	55,12
344,07	38,33
344,29	55,12
344,52	15,39
344,74	58,19
344,97	21,95
345,19	28,70
345,41	63,11
345,64	54,51
345,86	136,43
346,08	73,76
346,31	15,80
346,53	33,82
346,76	53,48
346,98	161,00
347,20	112,67
347,43	39,56
347,65	76,63
347,87	107,14
348,10	60,45
348,32	109,19
348,54	95,47
348,77	93,62
348,99	111,03
349,21	127,01
349,44	111,44
349,66	106,73
349,88	87,07
350,11	80,52
350,33	99,15
350,55	142,37
350,78	101,61
351,00	210,77
351,22	177,80
351,45	84,41
351,67	97,31
351,89	98,74
352,12	91,58
352,34	156,09
352,56	133,76
352,79	125,37
353,01	122,30
353,23	152,40
353,45	165,10
353,68	212,41
353,90	196,64
354,12	157,93
354,35	168,38
354,57	168,58
354,79	158,95
355,01	232,48
355,24	153,83
355,46	198,89
355,68	108,57
355,91	219,98
356,13	171,86
356,35	163,26
356,57	198,48
356,80	118,00
357,02	134,58
357,24	168,17
357,46	180,66
357,69	185,17
357,91	212,41
358,13	154,45
358,35	156,70
358,58	216,71
358,80	154,65
359,02	181,89
359,24	175,75
359,47	218,35
359,69	188,04
359,91	87,89
360,13	221,42
360,36	140,32
360,58	179,84
360,80	146,46
361,02	120,86
361,25	185,99
361,47	197,25
361,69	205,03
361,91	177,80
362,13	149,94
362,36	239,03
362,58	154,86
362,80	182,92
363,02	141,34
363,25	182,30
363,47	178,00
363,69	213,84
363,91	317,06
364,13	176,16
364,36	171,04
364,58	134,79
364,80	168,38
365,02	229,81
365,24	198,28
365,47	117,18
365,69	151,38
365,91	166,12
366,13	205,24
366,35	169,81
366,57	216,09
366,80	216,91
367,02	226,33
367,24	241,69
367,46	264,43
367,68	268,11
367,90	262,99
368,13	295,14
368,35	291,05
368,57	355,56
368,79	325,25
369,01	341,02
369,23	324,02
369,46	341,22
369,68	335,28
369,90	341,84
370,12	421,30
370,34	378,29
370,56	476,39
370,78	403,89
371,01	456,52
371,23	464,10
371,45	505,68
371,67	526,77
371,89	626,71
372,11	650,47
372,33	607,05
372,56	720,10
372,78	871,65
373,00	1005,18
373,22	1371,15
373,44	1986,97
373,66	2463,33
373,88	2692,29
374,10	3186,26
374,32	3873,36
374,55	4559,43
374,77	5262,08
374,99	6270,71
375,21	7176,73
375,43	8088,48
375,65	9478,85
375,87	10781,56
376,09	12235,01
376,31	14117,30
376,53	15695,46
376,75	17365,58
376,98	19168,61
377,20	21106,40
377,42	23477,95
377,64	26043,64
377,86	27592,72
378,08	30383,49
378,30	32969,46
378,52	34953,74
378,74	37334,91
378,96	39469,31
379,18	41989,13
379,40	43609,89
379,62	47032,66
379,84	48730,42
380,07	50282,38
380,29	52400,79
380,51	54858,36
380,73	55791,62
380,95	55787,73
381,17	56662,41
381,39	58747,24
381,61	59371,88
381,83	58466,06
382,05	58795,37
382,27	59153,15
382,49	59236,50
382,71	59045,84
382,93	57766,27
383,15	56194,86
383,37	54788,11
383,59	54537,85
383,81	54082,18
384,03	53642,48
384,25	51057,94
384,47	48943,00
384,69	45349,23
384,91	43869,16
385,13	40995,04
385,35	38820,10
385,57	36454,49
385,79	35020,09
386,01	31932,58
386,23	29879,28
386,45	27515,93
386,67	24002,84
386,89	21658,74
387,11	19575,54
387,33	18018,27
387,55	16537,99
387,77	14428,59
387,99	12415,23
388,21	10896,66
388,43	9454,07
388,65	8287,55
388,87	7152,36
389,09	6063,66
389,31	5137,77
389,53	4200,01
389,75	3491,20
389,97	2728,54
390,19	2304,00
390,41	1746,54
390,63	1419,27
390,85	1109,42
391,07	916,91
391,29	813,08
391,51	654,56
391,72	637,97
391,94	614,63
392,16	597,83
392,38	605,62
392,60	574,08
392,82	572,64
393,04	556,47
393,26	564,25
393,48	566,91
393,70	588,82
393,92	564,04
394,14	633,67
394,36	565,68
394,58	711,29
394,80	601,52
395,01	536,60
395,23	614,63
395,45	572,23
395,67	596,81
395,89	620,98
396,11	599,68
396,33	549,91
396,55	631,22
396,77	617,29
396,99	639,41
397,21	584,93
397,42	623,84
397,64	574,69
397,86	573,26
398,08	602,14
398,30	565,48
398,52	630,40
398,74	618,11
398,96	615,24
399,17	616,06
399,39	601,73
399,61	660,09
399,83	591,08
400,05	687,74
400,27	684,05
400,49	665,42
400,71	584,93
400,92	621,80
401,14	661,12
401,36	705,35
401,58	707,61
401,80	734,64
402,02	664,80
402,24	734,02
402,45	623,02
402,67	751,43
402,89	720,10
403,11	793,62
403,33	737,10
403,55	698,59
403,76	716,82
403,98	767,41
404,20	775,39
404,42	801,61
404,64	760,24
404,86	789,32
405,07	770,89
405,29	814,92
405,51	772,73
405,73	848,30
405,95	786,45
406,17	886,60
406,38	768,84
406,60	837,45
406,82	845,43
407,04	878,00
407,26	912,20
407,47	894,79
407,69	853,01
407,91	930,42
408,13	924,69
408,35	945,17
408,56	948,04
408,78	860,18
409,00	878,82
409,22	880,25
409,44	859,97
409,65	876,56
409,87	925,10
410,09	984,90
410,31	896,22
410,52	939,85
410,74	943,53
410,96	830,28
411,18	842,16
411,40	862,02
411,61	823,11
411,83	806,32
412,05	802,84
412,27	743,04
412,48	764,13
412,70	782,56
412,92	718,87
413,14	742,83
413,35	715,18
413,57	684,46
413,79	678,93
414,01	702,69
414,22	666,65
414,44	695,32
414,66	660,30
414,87	642,07
415,09	639,20
415,31	580,63
415,53	569,78
415,74	623,23
415,96	575,72
416,18	607,46
416,40	554,21
416,61	541,72
416,83	502,81
417,05	415,36
417,26	434,00
417,48	434,00
417,70	512,84
417,92	470,66
418,13	458,16
418,35	438,09
418,57	452,02
418,78	447,51
419,00	441,57
419,22	458,98
419,43	442,80
419,65	379,32
419,87	367,44
420,09	369,08
420,30	397,54
420,52	292,69
420,74	352,08
420,95	399,39
421,17	422,53
421,39	426,42
421,60	382,18
421,82	426,42
422,04	453,04
422,25	429,90
422,47	416,38
422,69	435,02
422,90	398,77
423,12	489,70
423,34	384,03
423,55	404,51
423,77	385,66
423,99	363,55
424,20	484,99
424,42	363,75
424,64	439,12
424,85	351,46
425,07	421,91
425,28	422,32
425,50	396,72
425,72	513,66
425,93	413,72
426,15	408,40
426,37	340,61
426,58	412,90
426,80	383,41
427,01	334,26
427,23	390,38
427,45	400,00
427,66	340,00
427,88	334,26
428,10	282,45
428,31	326,48
428,53	307,64
428,74	340,20
428,96	341,84
429,18	228,79
429,39	272,21
429,61	291,46
429,82	299,04
430,04	405,94
430,26	304,57
430,47	263,61
430,69	231,66
430,90	302,31
431,12	235,75
431,34	361,91
431,55	243,54
431,77	329,35
431,98	230,43
432,20	264,43
432,41	287,98
432,63	279,78
432,85	288,59
433,06	212,61
433,28	279,78
433,49	253,57
433,71	217,53
433,92	261,76
434,14	244,15
434,35	214,25
434,57	252,34
434,79	236,37
435,00	316,85
435,22	270,36
435,43	245,58
435,65	222,65
435,86	261,76
436,08	217,94
436,29	211,38
436,51	260,33
436,72	296,58
436,94	287,57
437,16	255,82
437,37	230,63
437,59	275,48
437,80	323,20
438,02	228,18
438,23	284,50
438,45	352,49
438,66	221,21
438,88	279,17
439,09	241,69
439,31	248,04
439,52	275,69
439,74	222,44
439,95	329,76
440,17	249,88
440,38	212,61
440,60	200,73
440,81	216,71
441,03	291,46
441,24	208,31
441,46	271,80
441,67	280,19
441,89	330,57
442,10	249,07
442,32	251,52
442,53	213,23
442,75	307,43
442,96	255,41
443,18	266,47
443,39	237,39
443,61	241,28
443,82	298,83
444,04	251,32
444,25	317,47
444,46	259,10
444,68	299,85
444,89	193,36
445,11	243,74
445,32	311,94
445,54	301,08
445,75	269,34
445,97	303,13
446,18	372,35
446,40	237,80
446,61	197,87
446,82	247,43
447,04	230,02
447,25	244,56
447,47	226,95
447,68	225,51
447,90	202,99
448,11	207,29
448,32	208,11
448,54	276,51
448,75	171,65
448,97	253,16
449,18	268,32
449,40	187,63
449,61	185,37
449,82	149,33
450,04	200,53
450,25	163,87
450,47	158,34
450,68	250,91
450,89	204,62
451,11	196,02
451,32	197,87
451,54	244,35
451,75	170,42
451,96	224,49
452,18	188,45
452,39	184,76
452,61	175,75
452,82	204,62
453,03	156,91
453,25	177,80
453,46	196,64
453,68	173,70
453,89	258,90
454,10	336,72
454,32	246,40
454,53	159,16
454,74	232,07
454,96	202,58
455,17	198,28
455,39	174,11
455,60	253,16
455,81	187,22
456,03	224,69
456,24	199,09
456,45	176,16
456,67	133,56
456,88	157,93
457,09	263,81
457,31	186,40
457,52	232,68
457,73	294,12
457,95	162,03
458,16	185,58
458,37	190,29
458,59	192,54
458,80	162,64
459,01	218,76
459,23	222,85
459,44	232,89
459,65	299,04
459,87	246,81
460,08	198,07
460,29	193,97
460,51	188,04
460,72	274,87
460,93	207,70
461,15	199,71
461,36	240,05
461,57	162,03
461,79	194,18
462,00	173,70
462,21	152,81
462,42	280,81
462,64	195,20
462,85	207,29
463,06	217,32
463,28	225,31
463,49	231,04
463,70	237,60
463,92	188,24
464,13	212,20
464,34	211,59
464,55	260,12
464,77	231,66
464,98	214,05
465,19	170,83
465,40	228,38
465,62	178,62
465,83	244,35
466,04	205,44
466,26	226,13
466,47	166,53
466,68	245,79
466,89	240,46
467,11	214,86
467,32	202,37
467,53	229,61
467,74	213,23
467,96	199,30
468,17	202,37
468,38	259,71
468,59	229,61
468,81	229,20
469,02	234,12
469,23	275,07
469,44	278,97
469,66	220,80
469,87	242,10
470,08	208,52
470,29	245,38
470,50	245,38
470,72	253,37
470,93	274,26
471,14	223,88
471,35	268,52
471,57	267,91
471,78	328,53
471,99	207,08
472,20	220,39
472,41	284,70
472,63	248,04
472,84	234,12
473,05	220,80
473,26	272,00
473,47	267,70
473,69	239,64
473,90	256,85
474,11	291,87
474,32	267,91
474,53	298,83
474,75	238,01
474,96	239,03
475,17	291,66
475,38	238,01
475,59	309,28
475,80	216,50
476,02	276,30
476,23	285,31
476,44	249,27
476,65	227,15
476,86	371,33
477,08	316,65
477,29	242,10
477,50	307,43
477,71	283,27
477,92	287,57
478,13	248,66
478,34	286,54
478,56	323,61
478,77	271,18
478,98	277,33
479,19	305,38
479,40	245,38
479,61	321,15
479,83	249,88
480,04	308,66
480,25	278,76
480,46	326,07
480,67	364,16
480,88	279,38
481,09	338,36
481,30	299,24
481,52	300,88
481,73	276,92
481,94	335,69
482,15	320,74
482,36	298,01
482,57	369,28
482,78	315,01
482,99	309,69
483,21	334,88
483,42	345,52
483,63	343,27
483,84	303,34
484,05	298,63
484,26	313,58
484,47	424,78
484,68	411,47
484,89	422,73
485,10	334,47
485,32	293,30
485,53	371,33
485,74	364,57
485,95	393,86
486,16	415,77
486,37	433,38
486,58	419,66
486,79	390,58
487,00	381,36
487,21	412,29
487,42	401,64
487,63	363,75
487,85	451,81
488,06	412,90
488,27	429,49
488,48	376,65
488,69	388,74
488,90	393,04
489,11	418,84
489,32	417,82
489,53	425,40
489,74	406,55
489,95	428,47
490,16	434,41
490,37	453,04
490,58	447,51
490,79	424,78
491,00	363,55
491,21	456,32
491,42	478,85
491,63	410,24
491,84	460,62
492,06	429,29
492,27	430,11
492,48	456,93
492,69	473,52
492,90	496,05
493,11	573,87
493,32	461,44
493,53	444,03
493,74	401,84
493,95	450,59
494,16	466,15
494,37	472,91
494,58	546,02
494,79	494,21
495,00	452,63
495,21	449,15
495,42	481,30
495,63	456,32
495,84	496,05
496,05	485,20
496,26	496,46
496,47	549,30
496,68	492,98
496,89	466,76
497,10	527,38
497,31	515,71
497,52	474,96
497,73	484,99
497,94	451,40
498,15	473,11
498,36	483,97
498,57	484,58
498,78	481,92
498,98	439,73
499,19	485,40
499,40	483,56
499,61	481,10
499,82	411,26
500,03	434,82
500,24	419,66
500,45	428,06
500,66	455,50
500,87	497,69
501,08	423,55
501,29	443,83
501,50	455,50
501,71	352,28
501,92	456,52
502,13	385,05
502,34	406,76
502,55	453,25
502,76	402,46
502,97	511,21
503,17	498,92
503,38	400,82
503,59	444,03
503,80	412,49
504,01	418,02
504,22	403,48
504,43	506,29
504,64	407,17
504,85	444,65
505,06	453,86
505,27	437,89
505,48	442,60
505,68	438,50
505,89	438,91
506,10	454,48
506,31	411,26
506,52	438,50
506,73	454,89
506,94	530,46
507,15	481,51
507,36	411,88
507,57	472,50
507,77	418,43
507,98	369,49
508,19	443,21
508,40	425,80
508,61	417,82
508,82	443,01
509,03	423,55
509,24	420,07
509,45	426,01
509,65	469,02
509,86	461,23
510,07	396,93
510,28	461,44
510,49	404,71
510,70	407,99
510,91	450,38
511,11	344,71
511,32	499,12
511,53	397,95
511,74	376,86
511,95	389,56
512,16	366,00
512,37	374,81
512,57	421,50
512,78	407,78
512,99	470,45
513,20	344,09
513,41	380,95
513,62	387,10
513,82	407,78
514,03	333,44
514,24	417,61
514,45	412,29
514,66	400,00
514,87	383,21
515,07	395,29
515,28	415,36
515,49	392,01
515,70	383,82
515,91	415,36
516,11	389,35
516,32	401,23
516,53	444,65
516,74	411,47
516,95	435,43
517,16	481,51
517,36	476,39
517,57	438,09
517,78	408,19
517,99	371,74
518,20	443,01
518,40	446,28
518,61	441,78
518,82	398,77
519,03	444,24
519,23	420,28
519,44	429,70
519,65	447,51
519,86	404,10
520,07	430,52
520,27	437,89
520,48	397,75
520,69	403,89
520,90	393,04
521,10	441,78
521,31	407,58
521,52	457,75
521,73	421,71
521,94	443,21
522,14	423,76
522,35	457,14
522,56	456,73
522,77	461,23
522,97	360,07
523,18	435,02
523,39	443,62
523,60	393,24
523,80	391,81
524,01	394,68
524,22	408,40
524,43	365,59
524,63	396,11
524,84	399,18
525,05	417,82
525,25	415,77
525,46	458,57
525,67	464,31
525,88	432,56
526,08	399,18
526,29	422,73
526,50	428,47
526,71	461,03
526,91	443,83
527,12	458,57
527,33	447,92
527,53	439,32
527,74	479,46
527,95	469,02
528,16	511,21
528,36	483,15
528,57	479,46
528,78	465,95
528,98	502,40
529,19	511,41
529,40	495,23
529,60	526,97
529,81	599,27
530,02	570,60
530,22	538,24
530,43	552,16
530,64	499,12
530,85	490,32
531,05	496,66
531,26	542,54
531,47	608,89
531,67	590,46
531,88	578,38
532,09	568,14
532,29	566,09
532,50	565,68
532,71	538,03
532,91	593,53
533,12	607,26
533,33	585,34
533,53	567,32
533,74	543,77
533,95	606,85
534,15	666,24
534,36	651,29
534,56	642,07
534,77	718,87
534,98	626,10
535,18	705,76
535,39	702,08
535,60	701,67
535,80	689,38
536,01	708,42
536,22	715,59
536,42	707,61
536,63	708,22
536,83	719,07
537,04	794,44
537,25	786,86
537,45	730,13
537,66	824,34
537,87	744,88
538,07	854,65
538,28	832,33
538,48	819,63
538,69	744,47
538,90	795,05
539,10	743,44
539,31	779,28
539,51	788,30
539,72	781,74
539,93	763,11
540,13	754,50
540,34	739,96
540,54	696,55
540,75	678,73
540,96	696,75
541,16	692,86
541,37	640,23
541,57	668,90
541,78	579,81
541,99	606,85
542,19	567,93
542,40	599,47
542,60	483,35
542,81	492,57
543,01	524,93
543,22	492,57
543,43	510,80
543,63	415,36
543,84	420,69
544,04	440,76
544,25	431,74
544,45	346,55
544,66	320,33
544,87	382,59
545,07	424,58
545,28	335,90
545,48	366,00
545,69	336,10
545,89	343,27
546,10	301,08
546,30	343,89
546,51	349,21
546,71	369,49
546,92	344,71
547,13	354,95
547,33	337,74
547,54	477,62
547,74	403,48
547,95	335,08
548,15	336,10
548,36	439,94
548,56	365,19
548,77	432,36
548,97	397,95
549,18	458,16
549,38	387,71
549,59	419,46
549,79	449,36
550,00	455,71
550,20	469,02
550,41	455,50
550,61	514,48
550,82	519,40
551,02	546,84
551,23	524,52
551,43	484,58
551,64	490,32
551,84	548,07
552,05	542,95
552,25	546,43
552,46	597,42
552,66	699,41
552,87	661,94
553,07	582,27
553,28	654,15
553,48	654,97
553,69	627,94
553,89	688,15
554,10	719,07
554,30	760,44
554,51	759,21
554,71	742,22
554,92	724,40
555,12	776,83
555,32	775,19
555,53	782,77
555,73	802,02
555,94	854,24
556,14	891,92
556,35	823,11
556,55	815,12
556,76	869,40
556,96	857,93
557,17	914,04
557,37	916,70
557,57	969,95
557,78	922,44
557,98	893,77
558,19	932,88
558,39	897,25
558,60	930,22
558,80	995,96
559,00	940,05
559,21	1005,79
559,41	992,68
559,62	1006,61
559,82	1033,23
560,03	990,43
560,23	999,44
560,43	1070,92
560,64	1031,80
560,84	1100,41
561,05	1021,97
561,25	1080,54
561,45	1118,63
561,66	1095,49
561,86	1135,22
562,07	1101,63
562,27	1144,64
562,47	1102,86
562,68	1111,26
562,88	1146,28
563,09	1158,98
563,29	1096,51
563,49	1164,51
563,70	1155,09
563,90	1247,45
564,11	1207,51
564,31	1196,66
564,51	1199,94
564,72	1141,57
564,92	1258,71
565,12	1265,68
565,33	1219,60
565,53	1254,82
565,74	1205,06
565,94	1211,00
566,14	1316,67
566,35	1328,55
566,55	1276,33
566,75	1296,19
566,96	1309,71
567,16	1311,96
567,36	1301,72
567,57	1301,52
567,77	1325,27
567,98	1365,62
568,18	1325,68
568,38	1274,89
568,59	1375,04
568,79	1329,78
568,99	1425,42
569,20	1421,94
569,40	1388,15
569,60	1357,84
569,81	1464,13
570,01	1437,50
570,21	1427,26
570,42	1431,56
570,62	1442,83
570,82	1407,81
571,03	1463,10
571,23	1436,27
571,43	1491,57
571,63	1473,96
571,84	1458,60
572,04	1523,31
572,24	1531,30
572,45	1572,26
572,65	1510,20
572,85	1516,14
573,06	1554,44
573,26	1602,16
573,46	1517,78
573,67	1548,09
573,87	1601,75
574,07	1631,44
574,27	1566,93
574,48	1670,15
574,68	1632,26
574,88	1587,41
575,09	1599,50
575,29	1645,37
575,49	1657,45
575,69	1693,50
575,90	1696,36
576,10	1687,97
576,30	1692,68
576,51	1738,55
576,71	1714,18
576,91	1802,04
577,11	1755,76
577,32	1792,62
577,52	1762,51
577,72	1725,24
577,92	1746,54
578,13	1725,45
578,33	1801,22
578,53	1708,04
578,73	1744,29
578,94	1774,19
579,14	1731,39
579,34	1748,59
579,54	1711,72
579,75	1751,05
579,95	1720,74
580,15	1689,40
580,35	1765,59
580,56	1641,48
580,76	1647,42
580,96	1656,02
581,16	1627,96
581,37	1563,86
581,57	1485,83
581,77	1548,71
581,97	1439,14
582,17	1456,75
582,38	1404,94
582,58	1417,23
582,78	1311,35
582,98	1315,65
583,19	1210,18
583,39	1187,65
583,59	1113,10
583,79	1150,79
583,99	1144,64
584,20	1045,52
584,40	1051,25
584,60	1048,18
584,80	939,03
585,00	875,33
585,21	933,29
585,41	900,52
585,61	871,03
585,81	765,77
586,01	748,56
586,22	745,29
586,42	719,89
586,62	689,17
586,82	671,36
587,02	631,22
587,22	644,12
587,43	483,56
587,63	529,64
587,83	591,69
588,03	494,41
588,23	489,50
588,43	454,27
588,64	545,00
588,84	459,39
589,04	377,47
589,24	430,92
589,44	408,81
589,64	421,91
589,85	375,02
590,05	386,89
590,25	363,75
590,45	380,34
590,65	350,44
590,85	372,15
591,05	337,33
591,26	314,19
591,46	398,16
591,66	338,15
591,86	355,76
592,06	440,14
592,26	300,67
592,46	350,03
592,67	344,09
592,87	398,77
593,07	336,72
593,27	361,50
593,47	368,05
593,67	325,45
593,87	325,04
594,07	355,15
594,28	358,22
594,48	360,07
594,68	329,35
594,88	430,31
595,08	347,16
595,28	349,62
595,48	405,94
595,68	379,52
595,88	333,65
596,08	316,24
596,29	391,81
596,49	281,63
596,69	305,38
596,89	284,70
597,09	346,75
597,29	375,42
597,49	308,05
597,69	319,52
597,89	377,88
598,09	372,15
598,29	346,34
598,50	372,15
598,70	347,98
598,90	318,90
599,10	397,75
599,30	388,33
599,50	381,57
599,70	437,68
599,90	351,46
600,10	346,75
600,30	381,98
600,50	386,69
600,70	332,83
600,90	346,55
601,10	353,92
601,30	401,02
601,50	331,60
601,71	296,17
601,91	335,49
602,11	315,01
602,31	375,83
602,51	354,13
602,71	325,04
602,91	350,44
603,11	410,24
603,31	334,88
603,51	309,28
603,71	356,99
603,91	371,12
604,11	386,48
604,31	405,33
604,51	353,72
604,71	334,47
604,91	397,95
605,11	365,19
605,31	337,74
605,51	392,01
605,71	293,10
605,91	307,84
606,11	365,39
606,31	338,15
606,51	363,96
606,71	342,86
606,91	357,81
607,11	387,51
607,31	323,82
607,51	355,97
607,71	361,50
607,91	311,53
608,11	273,64
608,31	277,94
608,51	307,84
608,71	331,39
608,91	247,84
609,11	311,32
609,31	323,00
609,51	299,65
609,71	251,11
609,91	272,82
610,11	272,62
610,31	307,84
610,51	248,04
610,71	241,69
610,91	263,61
611,11	291,46
611,31	234,32
611,51	217,12
611,71	338,56
611,91	260,53
612,11	233,09
612,31	223,26
612,51	243,13
612,71	260,53
612,90	218,55
613,10	261,15
613,30	256,85
613,50	204,01
613,70	242,31
613,90	247,84
614,10	221,42
614,30	199,30
614,50	307,43
614,70	225,92
614,90	221,01
615,10	207,08
615,30	229,81
615,50	192,54
615,70	168,78
615,90	249,27
616,09	202,99
616,29	234,32
616,49	198,48
616,69	185,99
616,89	196,23
617,09	198,28
617,29	184,14
617,49	179,84
617,69	210,36
617,89	183,53
618,09	175,34
618,28	224,69
618,48	155,88
618,68	231,45
618,88	178,41
619,08	171,04
619,28	186,60
619,48	137,86
619,68	192,95
619,88	160,18
620,08	107,14
620,27	182,51
620,47	126,60
620,67	221,83
620,87	195,20
621,07	159,57
621,27	149,12
621,47	228,59
621,67	162,85
621,86	196,02
622,06	192,75
622,26	169,19
622,46	197,87
622,66	148,71
622,86	159,98
623,06	189,88
623,25	185,17
623,45	200,73
623,65	157,52
623,85	142,78
624,05	86,05
624,25	128,44
624,45	167,97
624,64	155,88
624,84	119,84
625,04	152,81
625,24	193,97
625,44	176,57
625,64	155,88
625,83	133,56
626,03	168,17
626,23	153,63
626,43	155,88
626,63	179,84
626,83	151,79
627,02	183,53
627,22	221,01
627,42	172,68
627,62	204,62
627,82	166,12
628,02	170,83
628,21	188,85
628,41	171,86
628,61	192,13
628,81	212,41
629,01	149,74
629,20	136,63
629,40	120,86
629,60	117,79
629,80	106,53
630,00	140,32
630,19	173,70
630,39	149,94
630,59	182,71
630,79	113,69
630,99	139,09
631,18	147,90
631,38	120,66
631,58	140,73
631,78	135,61
631,98	166,12
632,17	198,89
632,37	129,87
632,57	171,65
632,77	179,84
632,96	191,93
633,16	187,83
633,36	192,95
633,56	171,65
633,76	124,14
633,95	104,89
634,15	136,63
634,35	214,45
634,55	121,89
634,74	133,15
634,94	133,76
635,14	92,40
635,34	184,55
635,53	137,04
635,73	139,09
635,93	199,09
636,13	139,29
636,32	165,10
636,52	99,77
636,72	129,67
636,92	154,86
637,11	169,19
637,31	138,27
637,51	158,75
637,70	100,79
637,90	103,66
638,10	167,15
638,30	93,01
638,49	126,19
638,69	177,18
638,89	140,93
639,09	140,73
639,28	136,02
639,48	182,10
639,68	164,28
639,87	95,47
640,07	128,64
640,27	150,76
640,47	112,26
640,66	86,87
640,86	128,64
641,06	122,71
641,25	171,04
641,45	117,38
641,65	144,00
641,84	121,27
642,04	189,47
642,24	151,38
642,44	93,01
642,63	139,70
642,83	119,22
643,03	136,63
643,22	131,51
643,42	161,21
643,62	164,48
643,81	162,03
644,01	131,31
644,21	183,53
644,40	172,27
644,60	151,38
644,80	158,34
644,99	123,73
645,19	87,28
645,39	139,70
645,58	117,59
645,78	121,68
645,98	87,07
646,17	120,45
646,37	75,81
646,57	128,03
646,76	137,45
646,96	62,70
647,16	109,80
647,35	82,36
647,55	97,11
647,75	147,49
647,94	124,34
648,14	156,70
648,33	123,32
648,53	157,11
648,73	86,25
648,92	91,78
649,12	68,84
649,32	94,24
649,51	70,48
649,71	145,85
649,90	169,19
650,10	127,83
650,30	127,42
650,49	117,38
650,69	119,22
650,89	106,73
651,08	98,54
651,28	133,97
651,47	117,59
651,67	97,11
651,87	134,79
652,06	149,33
652,26	136,43
652,45	111,24
652,65	133,76
652,85	109,19
653,04	95,88
653,24	87,69
653,43	113,49
653,63	119,22
653,83	109,60
654,02	101,20
654,22	57,99
654,41	160,18
654,61	85,23
654,81	88,30
655,00	148,31
655,20	108,17
655,39	92,81
655,59	105,09
655,78	91,78
655,98	94,65
656,18	102,84
656,37	127,42
656,57	66,39
656,76	99,97
656,96	196,43
657,15	78,67
657,35	87,89
657,55	128,03
657,74	166,74
657,94	53,69
658,13	86,25
658,33	91,37
658,52	104,07
658,72	58,19
658,91	98,54
659,11	118,40
659,30	187,63
659,50	57,78
659,70	125,16
659,89	57,78
660,09	102,23
660,28	64,75
660,48	60,45
660,67	90,76
660,87	76,63
661,06	95,67
661,26	95,06
661,45	55,33
661,65	64,13
661,84	182,92
662,04	91,78
662,23	124,75
662,43	105,09
662,62	131,51
662,82	95,67
663,01	60,24
663,21	124,96
663,41	59,63
663,60	93,21
663,80	73,96
663,99	118,81
664,19	86,05
664,38	85,02
664,58	72,94
664,77	90,96
664,97	79,08
665,16	103,45
665,35	168,38
665,55	94,65
665,74	54,30
665,94	132,74
666,13	63,93
666,33	99,77
666,52	146,26
666,72	147,28
666,91	38,33
667,11	84,61
667,30	70,28
667,50	66,59
667,69	60,65
667,89	73,14
668,08	164,07
668,28	37,31
668,47	83,38
668,67	98,74
668,86	113,08
669,05	128,03
669,25	115,95
669,44	87,28
669,64	63,11
669,83	49,18
670,03	85,84
670,22	162,44
670,42	105,50
670,61	70,07
670,81	67,21
671,00	54,30
671,19	59,42
671,39	105,09
671,58	110,83
671,78	106,32
671,97	122,09
672,17	123,93
672,36	62,70
672,55	111,44
672,75	103,25
672,94	101,82
673,14	64,13
673,33	127,62
673,53	84,41
673,72	94,85
673,91	103,45
674,11	153,43
674,30	210,77
674,50	111,65
674,69	123,32
674,88	81,95
675,08	95,26
675,27	59,42
675,47	85,84
675,66	70,28
675,85	45,70
676,05	93,62
676,24	44,88
676,44	65,57
676,63	88,91
676,82	107,96
677,02	197,66
677,21	102,23
677,41	53,89
677,60	157,11
677,79	88,30
677,99	168,17
678,18	93,62
678,37	145,44
678,57	120,86
678,76	78,88
678,96	75,81
679,15	100,38
679,34	132,13
679,54	75,81
679,73	117,59
679,92	126,60
680,12	94,65
680,31	95,47
680,51	78,88
680,70	89,53
680,89	119,43
681,09	124,14
681,28	85,84
681,47	135,81
681,67	124,34
681,86	116,97
682,05	101,61
682,25	83,59
682,44	36,28
682,63	84,20
682,83	93,62
683,02	112,26
683,21	124,96
683,41	112,47
683,60	113,49
683,79	109,19
683,99	133,36
684,18	125,57
684,37	66,59
684,57	53,28
684,76	117,38
684,95	79,29
685,15	146,46
685,34	59,01
685,53	108,57
685,73	64,95
685,92	66,39
686,11	59,83
686,31	55,33
686,50	68,64
686,69	41,20
686,88	85,43
687,08	127,62
687,27	86,05
687,46	96,49
687,66	89,73
687,85	77,45
688,04	93,83
688,24	59,83
688,43	89,12
688,62	147,08
688,81	78,47
689,01	100,38
689,20	95,06
689,39	87,28
689,59	28,91
689,78	153,83
689,97	129,67
690,16	35,46
690,36	61,68
690,55	96,70
690,74	26,25
690,93	99,77
691,13	76,83
691,32	127,42
691,51	55,33
691,70	95,26
691,90	76,63
692,09	78,88
692,28	10,89
692,48	39,56
692,67	104,48
692,86	130,90
693,05	68,02
693,25	102,23
693,44	59,63
693,63	103,05
693,82	67,21
694,01	98,13
694,21	88,09
694,40	62,70
694,59	63,31
694,78	39,15
694,98	38,94
695,17	87,07
695,36	13,96
695,55	97,52
695,75	73,96
695,94	70,89
696,13	121,48
696,32	46,11
696,51	77,04
696,71	110,42
696,90	40,38
697,09	109,19
697,28	67,21
697,48	92,81
697,67	80,11
697,86	76,01
698,05	101,82
698,24	96,70
698,44	62,70
698,63	61,88
698,82	84,00
699,01	140,32
699,20	52,05
699,40	36,28
699,59	134,38
699,78	65,57
699,97	108,17
700,16	90,55
700,36	97,72
700,55	58,60
700,74	72,94
700,93	87,89
701,12	78,26
701,31	81,75
701,51	19,28
701,70	79,49
701,89	52,26
702,08	74,78
702,27	57,99
702,46	85,84
702,66	56,97
702,85	64,34
703,04	129,46
703,23	47,75
703,42	76,22
703,61	104,89
703,81	72,74
704,00	74,99
704,19	78,06
704,38	82,36
704,57	95,67
704,76	66,18
704,96	63,93
705,15	120,45
705,34	36,49
705,53	109,19
705,72	54,10
705,91	154,45
706,10	46,52
706,30	41,40
706,49	31,57
706,68	14,37
706,87	9,04
707,06	-2,02
707,25	75,40
707,44	60,86
707,63	12,52
707,83	28,91
708,02	136,43
708,21	47,14
708,40	50,21
708,59	52,46
708,78	107,76
708,97	74,99
709,16	39,97
709,35	63,31
709,55	63,52
709,74	47,34
709,93	22,76
710,12	79,49
710,31	81,34
710,50	14,16
710,69	55,12
710,88	36,08
711,07	46,93
711,26	41,61
711,46	70,48
711,65	93,42
711,84	39,76
712,03	-18,19
712,22	135,40
712,41	80,31
712,60	88,09
712,79	37,71
712,98	36,08
713,17	32,39
713,36	103,25
713,55	71,30
713,75	77,04
713,94	61,47
714,13	117,59
714,32	98,74
714,51	137,25
714,70	102,43
714,89	13,14
715,08	44,06
715,27	40,79
715,46	44,88
715,65	104,48
715,84	24,81
716,03	-5,50
716,22	55,94
716,41	63,31
716,60	38,74
716,79	25,84
716,99	70,89
717,18	60,04
717,37	114,51
717,56	15,60
717,75	20,92
717,94	93,83
718,13	53,89
718,32	56,76
718,51	45,09
718,70	29,73
718,89	43,45
719,08	52,87
719,27	35,05
719,46	41,81
719,65	110,83
719,84	17,44
720,03	82,77
720,22	46,93
720,41	70,48
720,60	27,68
720,79	11,09
720,98	43,45
721,17	-2,02
721,36	19,90
721,55	109,19
721,74	97,72
721,93	41,81
722,12	64,95
722,31	86,05
722,50	46,32
722,69	31,16
722,88	28,29
723,07	64,95
723,26	134,79
723,45	72,53
723,64	41,40
723,83	45,91
724,02	92,60
724,21	38,53
724,40	74,78
724,59	15,80
724,78	95,06
724,97	54,71
725,16	37,71
725,35	17,03
725,54	13,14
725,73	74,99
725,92	65,98
726,11	88,50
726,30	71,71
726,49	76,83
726,68	69,66
726,87	26,25
727,06	30,75
727,25	99,36
727,43	44,68
727,62	72,94
727,81	51,03
728,00	45,70
728,19	104,68
728,38	99,77
728,57	72,94
728,76	47,34
728,95	138,88
729,14	98,95
729,33	28,09
729,52	78,67
729,71	85,02
729,90	40,17
730,09	83,79
730,28	139,29
730,47	65,57
730,65	55,12
730,84	28,70
731,03	118,61
731,22	77,45
731,41	37,71
731,60	41,40
731,79	36,49
731,98	46,93
732,17	35,87
732,36	84,61
732,55	48,57
732,74	47,75
732,92	65,77
733,11	42,63
733,30	46,32
733,49	21,74
733,68	2,49
733,87	60,86
734,06	13,55
734,25	21,95
734,44	125,37
734,63	101,20
734,81	81,95
735,00	55,33
735,19	48,16
735,38	66,80
735,57	89,12
735,76	67,21
735,95	86,87
736,14	109,80
736,33	85,23
736,51	9,25
736,70	63,31
736,89	38,33
737,08	51,85
737,27	54,51
737,46	87,07
737,65	0,03
737,83	17,64
738,02	20,51
738,21	48,36
738,40	95,67
738,59	109,19
738,78	-6,11
738,97	52,46
739,16	115,33
739,34	70,69
739,53	17,44
739,72	71,10
739,91	54,92
740,10	35,05
740,29	91,78
740,47	137,25
740,66	115,33
740,85	17,85
741,04	33,00
741,23	12,52
741,42	63,93
741,60	133,56
741,79	56,15
741,98	11,50
742,17	30,96
742,36	100,59
742,55	80,72
742,73	23,58
742,92	64,13
743,11	52,67
743,30	45,91
743,49	138,27
743,68	28,50
743,86	67,82
744,05	43,65
744,24	91,17
744,43	52,05
744,62	102,23
744,80	56,15
744,99	37,51
745,18	106,73
745,37	24,81
745,56	24,20
745,74	91,37
745,93	83,18
746,12	67,82
746,31	32,59
746,50	57,58
746,68	34,03
746,87	65,16
747,06	80,72
747,25	156,50
747,44	161,00
747,62	75,60
747,81	20,72
748,00	96,90
748,19	85,84
748,37	67,82
748,56	88,50
748,75	31,98
748,94	78,67
749,13	46,11
749,31	-11,23
749,50	65,57
749,69	11,71
749,88	59,83
750,06	36,28
750,25	44,47
750,44	77,24
750,63	37,31
750,81	149,12
751,00	109,80
751,19	76,01
751,38	31,57
751,56	74,58
751,75	97,31
751,94	78,67
752,13	29,32
752,31	97,31
752,50	20,10
752,69	82,57
752,88	93,21
753,06	79,70
753,25	32,19
753,44	40,17
753,63	51,03
753,81	44,27
754,00	59,63
754,19	114,72
754,37	51,03
754,56	59,01
754,75	24,40
754,94	23,17
755,12	70,28
755,31	27,48
755,50	89,94
755,69	74,17
755,87	-2,02
756,06	48,16
756,25	22,97
756,43	114,31
756,62	-10,62
756,81	59,22
756,99	44,68
757,18	61,68
757,37	83,79
757,56	33,21
757,74	28,09
757,93	45,91
758,12	83,38
758,30	96,08
758,49	-7,95
758,68	152,81
758,86	44,68
759,05	44,06
759,24	19,08
759,42	98,95
759,61	80,93
759,80	46,32
759,99	89,53
760,17	34,85
760,36	21,95
760,55	1,47
760,73	75,81
760,92	44,27
761,11	82,57
761,29	63,31
761,48	89,32
761,67	83,18
761,85	107,35
762,04	29,32
762,23	96,70
762,41	51,44
762,60	61,06
762,79	32,39
762,97	118,81
763,16	55,12
763,34	23,99
763,53	38,94
763,72	30,75
763,90	93,62
764,09	98,95
764,28	115,13
764,46	108,98
764,65	113,08
764,84	50,00
765,02	44,27
765,21	5,97
765,40	68,64
765,58	132,95
765,77	89,32
765,95	97,31
766,14	32,39
766,33	54,92
766,51	71,51
766,70	78,67
766,89	62,50
767,07	78,06
767,26	138,07
767,44	73,96
767,63	57,38
767,82	44,88
768,00	82,77
768,19	47,55
768,37	99,15
768,56	18,87
768,75	53,69
768,93	35,46
769,12	22,15
769,30	64,54
769,49	66,80
769,68	57,99
769,86	75,40
770,05	83,59
770,23	96,70
770,42	23,99
770,61	61,68
770,79	107,14
770,98	106,12
771,16	73,35
771,35	49,18
771,54	44,27
771,72	80,93
771,91	80,11
772,09	37,10
772,28	45,29
772,46	21,13
772,65	61,68
772,84	22,76
773,02	76,01
773,21	59,22
773,39	72,33
773,58	37,51
773,76	21,74
773,95	82,36
774,13	26,66
774,32	171,86
774,51	23,38
774,69	102,84
774,88	66,39
775,06	122,30
775,25	39,35
775,43	66,80
775,62	104,27
775,80	29,52
775,99	82,36
776,18	44,68
776,36	81,54
776,55	30,34
776,73	73,76
776,92	74,17
777,10	69,05
777,29	92,60
777,47	24,81
777,66	102,43
777,84	29,52
778,03	147,08
778,21	99,56
778,40	90,14
778,58	69,66
778,77	81,75
778,95	100,38
779,14	89,32
779,33	65,77
779,51	65,57
779,70	55,12
779,88	55,74
780,07	98,33
780,25	71,10
780,44	57,99
780,62	66,80
780,81	0,65
780,99	60,86
781,18	36,49
781,36	11,50
781,55	36,90
781,73	28,09
781,92	100,59
782,10	37,10
782,29	78,47
782,47	26,25
782,66	74,58
782,84	65,98
783,03	64,34
783,21	38,74
783,39	29,32
783,58	21,95
783,76	38,53
783,95	79,29
784,13	85,23
784,32	66,59
784,50	4,33
784,69	82,98
784,87	118,20
785,06	78,06
785,24	145,23
785,43	40,38
785,61	48,98
785,80	84,82
785,98	46,73
786,17	70,48
786,35	48,16
786,53	22,36
786,72	-1,61
786,90	29,11
787,09	53,48
787,27	86,87
787,46	43,86
787,64	79,70
787,83	62,29
788,01	51,03
788,19	33,00
788,38	40,58
788,56	64,54
788,75	11,71
788,93	23,17
789,12	96,70
789,30	81,54
789,49	72,94
789,67	146,67
789,85	66,18
790,04	58,19
790,22	53,28
790,41	12,93
790,59	56,35
790,77	48,36
790,96	30,75
791,14	15,39
791,33	49,18
791,51	60,04
791,70	52,46
791,88	4,33
792,06	51,85
792,25	39,76
792,43	16,83
792,62	141,14
792,80	103,45
792,98	42,43
793,17	87,07
793,35	77,24
793,54	5,97
793,72	106,73
793,90	73,35
794,09	98,54
794,27	70,69
794,46	38,53
794,64	22,36
794,82	6,38
795,01	53,89
795,19	50,82
795,37	56,97
795,56	59,42
795,74	30,55
795,93	39,35
796,11	86,87
796,29	58,19
796,48	38,53
796,66	68,02
796,84	37,92
797,03	62,70
797,21	86,25
797,40	51,64
797,58	17,44
797,76	85,43
797,95	38,53
798,13	18,05
798,31	37,31
798,50	50,41
798,68	9,66
798,86	15,80
799,05	86,25
799,23	75,81
799,42	48,98
799,60	53,28
799,78	56,76
799,97	67,21
800,15	35,46
800,33	41,40
800,52	10,27
800,70	39,97
800,88	81,13
801,07	40,38
801,25	56,97
801,43	32,19
801,62	18,67
801,80	45,29
801,98	20,10
802,17	111,24
802,35	74,58
802,53	87,07
802,72	15,80
802,90	-6,73
803,08	15,19
803,26	56,15
803,45	88,71
803,63	56,76
803,81	73,35
804,00	13,75
804,18	28,09
804,36	67,62
804,55	28,29
804,73	55,33
804,91	-29,46
805,10	78,26
805,28	-10,00
805,46	5,97
805,64	73,96
805,83	67,00
806,01	42,02
806,19	14,16
806,38	18,05
806,56	121,07
806,74	55,33
806,92	71,92
807,11	53,48
807,29	56,56
807,47	10,89
807,66	22,76
807,84	67,21
808,02	100,59
808,20	38,74
808,39	-15,74
808,57	53,89
808,75	34,44
808,94	103,25
809,12	63,93
809,30	104,89
809,48	36,69
809,67	90,55
809,85	68,43
810,03	46,93
810,21	17,44
810,40	69,05
810,58	56,35
810,76	102,43
810,94	-47,89
811,13	72,33
811,31	118,00
811,49	38,74
811,67	71,51
811,86	71,51
812,04	82,16
812,22	69,25
812,40	34,64
812,59	79,49
812,77	70,28
812,95	80,52
813,13	23,17
813,32	70,07
813,50	62,70
813,68	60,04
813,86	-3,45
814,04	15,39
814,23	59,22
814,41	50,21
814,59	52,05
814,77	54,71
814,96	24,20
815,14	58,40
815,32	46,93
815,50	47,34
815,68	85,43
815,87	52,67
816,05	30,55
816,23	52,67
816,41	87,48
816,59	36,49
816,78	79,70
816,96	28,50
817,14	130,69
817,32	43,04
817,50	128,44
817,69	2,69
817,87	36,69
818,05	40,99
818,23	74,37
818,41	84,20
818,60	79,08
818,78	54,51
818,96	82,16
819,14	32,39
819,32	57,78
819,51	31,37
819,69	93,83
819,87	90,76
820,05	13,34
820,23	85,84
820,41	38,74
820,60	81,34
820,78	29,32
820,96	71,51
821,14	16,01
821,32	28,09
821,50	-22,90
821,69	49,18
821,87	38,12
822,05	104,07
822,23	53,07
822,41	36,49
822,59	37,71
822,78	12,12
822,96	77,45
823,14	12,12
823,32	33,41
823,50	94,03
823,68	86,87
823,86	38,74
824,05	74,17
824,23	19,28
824,41	76,01
824,59	63,11
824,77	59,63
824,95	7,40
825,13	17,24
825,32	64,75
825,50	6,79
825,68	22,15
825,86	14,98
826,04	46,93
826,22	17,64
826,40	56,15
826,58	13,14
826,77	36,28
826,95	74,58
827,13	13,34
827,31	57,58
827,49	52,67
827,67	66,59
827,85	38,94
828,03	-0,17
828,22	45,70
828,40	68,02
828,58	13,14
828,76	22,97
828,94	37,31
829,12	63,93
829,30	37,10
829,48	1,47
829,66	68,64
829,84	67,41
830,03	77,86
830,21	79,29
830,39	76,83
830,57	121,48
830,75	83,18
830,93	-1,61
831,11	14,57
831,29	74,99
831,47	25,02
831,65	52,67
831,83	27,88
832,02	-14,51
832,20	35,05
832,38	7,81
832,56	14,57
832,74	19,90
832,92	-0,38
833,10	66,59
833,28	-15,53
833,46	85,23
833,64	94,24
833,82	57,17
834,00	18,87
834,18	22,56
834,36	68,43
834,54	-13,69
834,73	94,65
834,91	-12,05
835,09	32,19
835,27	44,27
835,45	74,78
835,63	9,04
835,81	83,38
835,99	82,36
836,17	91,58
836,35	40,38
836,53	-2,63
836,71	117,38
836,89	96,29
837,07	39,15
837,25	33,62
837,43	7,81
837,61	62,70
837,79	113,28
837,97	62,70
838,15	44,27
838,33	51,44
838,51	61,68
838,69	87,89
838,87	1,88
839,05	-1,20
839,23	44,06
839,41	1,06
839,59	21,33
839,78	32,80
839,96	115,95
840,14	34,85
840,32	-6,93
840,50	17,24
840,68	40,58
840,86	8,43
841,04	57,78
841,22	27,48
841,40	84,00
841,58	116,15
841,76	32,19
841,94	-3,45
842,12	52,46
842,30	67,41
842,48	56,76
842,66	22,36
842,84	34,85
843,02	67,00
843,20	22,36
843,38	52,67
843,55	55,74
843,73	100,79
843,91	103,86
844,09	66,80
844,27	67,82
844,45	37,92
844,63	59,83
844,81	45,50
844,99	65,57
845,17	72,33
845,35	106,32
845,53	21,13
845,71	46,93
845,89	22,15
846,07	82,77
846,25	54,71
846,43	25,22
846,61	55,12
846,79	37,10
846,97	37,92
847,15	64,54
847,33	24,40
847,51	30,75
847,69	50,62
847,87	31,98
848,05	22,15
848,23	12,52
848,41	78,06
848,58	14,78
848,76	70,89
848,94	15,39
849,12	43,45
849,30	65,57
849,48	24,61
849,66	5,36
849,84	92,81
850,02	48,77
850,20	83,59
850,38	42,83
850,56	-13,89
850,74	34,64
850,92	45,09
851,10	8,22
851,27	42,63
851,45	33,82
851,63	129,46
851,81	30,75
851,99	62,09
852,17	80,72
852,35	53,89
852,53	115,33
852,71	51,44
852,89	66,18
853,07	7,61
853,24	67,82
853,42	52,05
853,60	104,68
853,78	75,19
853,96	18,87
854,14	21,95
854,32	47,34
854,50	92,40
854,68	63,11
854,86	87,07
855,03	-0,79
855,21	1,88
855,39	106,12
855,57	57,38
855,75	9,04
855,93	102,23
856,11	78,67
856,29	100,59
856,47	30,75
856,64	50,82
856,82	-0,58
857,00	59,42
857,18	73,35
857,36	54,71
857,54	-3,04
857,72	54,30
857,90	39,35
858,07	65,36
858,25	22,15
858,43	-1,61
858,61	117,59
858,79	16,21
858,97	24,61
859,15	71,51
859,32	46,73
859,50	83,18
859,68	103,45
859,86	50,41
860,04	44,06
860,22	60,45
860,40	44,27
860,57	34,23
860,75	38,94
860,93	54,71
861,11	22,36
861,29	107,76
861,47	-1,20
861,64	135,61
861,82	11,71
862,00	65,36
862,18	23,38
862,36	40,17
862,54	3,92
862,71	18,05
862,89	89,94
863,07	80,52
863,25	3,31
863,43	22,36
863,61	50,41
863,78	44,88
863,96	60,86
864,14	26,86
864,32	140,32
864,50	31,57
864,67	32,80
864,85	52,26
865,03	125,16
865,21	34,23
865,39	47,75
865,57	-7,34
865,74	123,73
865,92	70,48
866,10	50,62
866,28	68,64
866,46	3,92
866,63	74,78
866,81	85,84
866,99	122,50
867,17	38,53
867,34	29,32
867,52	12,73
867,70	14,16
867,88	62,90
868,06	7,20
868,23	25,84
868,41	88,30
868,59	72,12
868,77	-20,86
868,95	1,88
869,12	35,26
869,30	60,65
869,48	72,53
869,66	28,70
869,83	28,70
870,01	90,35
870,19	57,17
870,37	8,02
870,55	52,46
870,72	74,17
870,90	49,80
871,08	11,91
871,26	67,82
871,43	54,30
871,61	9,45
871,79	23,79
871,97	22,36
872,14	142,78
872,32	22,76
872,50	33,00
872,68	34,85
872,85	79,70
873,03	60,86
873,21	17,24
873,39	12,32
873,56	22,15
873,74	123,32
873,92	56,97
874,10	60,04
874,27	-3,04
874,45	31,78
874,63	47,14
874,80	54,51
874,98	82,77
875,16	28,29
875,34	60,65
875,51	77,86
875,69	46,11
875,87	10,89
876,05	18,46
876,22	4,74
876,40	24,61
876,58	20,10
876,75	-23,52
876,93	32,39
877,11	29,93
877,29	-1,81
877,46	43,45
877,64	65,98
877,82	21,13
877,99	2,69
878,17	7,00
878,35	22,56
878,52	54,71
878,70	110,62
878,88	15,39
879,06	69,87
879,23	54,51
879,41	108,98
879,59	68,64
879,76	0,44
879,94	9,04
880,12	56,97
880,29	65,36
880,47	-28,64
880,65	49,18
880,82	29,52
881,00	23,99
881,18	-13,89
881,36	43,86
881,53	86,87
881,71	90,96
881,89	36,49
882,06	65,98
882,24	47,34
882,42	-5,91
882,59	77,04
882,77	67,00
882,95	42,22
883,12	51,23
883,30	77,24
883,48	1,67
883,65	53,07
883,83	47,14
884,01	81,34
884,18	16,21
884,36	19,69
884,54	26,66
884,71	47,34
884,89	8,43
885,06	8,63
885,24	69,05
885,42	72,94
885,59	27,68
885,77	11,50
885,95	47,95
886,12	65,16
886,30	53,69
886,48	102,64
886,65	28,91
886,83	69,66
887,01	-0,58
887,18	14,98
887,36	103,86
887,53	29,52
887,71	-7,34
887,89	54,92
888,06	-35,81
888,24	51,44
888,42	73,14
888,59	25,43
888,77	-2,22
888,94	22,76
889,12	26,04
889,30	88,71
889,47	56,76
889,65	82,98
889,82	23,17
890,00	61,47
890,18	54,92
890,35	59,42
890,53	51,03
890,71	-11,85
890,88	105,50
891,06	40,58
891,23	42,83
891,41	78,06
891,59	39,15
891,76	71,30
891,94	60,65
892,11	27,48
892,29	19,08
892,46	121,48
892,64	-25,98
892,82	51,23
892,99	-14,92
893,17	73,14
893,34	49,80
893,52	51,23
893,70	5,77
893,87	12,93
894,05	88,91
894,22	-18,19
894,40	97,93
894,57	21,54
894,75	64,75
894,93	42,43
895,10	59,83
895,28	100,38
895,45	46,52
895,63	120,25
895,80	66,80
895,98	33,41
896,16	47,14
896,33	59,42
896,51	50,41
896,68	73,14
896,86	95,67
897,03	61,27
897,21	32,19
897,38	-8,98
897,56	33,82
897,74	156,50
897,91	89,32
898,09	1,88
898,26	73,96
898,44	55,33
898,61	52,67
898,79	-10,41
898,96	48,57
899,14	19,69
899,31	40,38
899,49	10,89
899,67	16,42
899,84	91,58
900,02	-6,11
900,19	22,97
900,37	57,38
900,54	60,45
900,72	-22,29
900,89	51,23
901,07	62,29
901,24	18,46
901,42	5,97
901,59	-11,64
901,77	93,42
901,94	108,37
902,12	41,40
902,29	30,14
902,47	55,12
902,64	21,95
902,82	3,92
902,99	68,02
903,17	-12,26
903,34	148,92
903,52	94,85
903,69	6,18
903,87	39,56
904,04	29,32
904,22	83,79
904,39	39,15
904,57	82,57
904,74	-11,03
904,92	31,98
905,09	54,71
905,27	1,06
905,44	68,84
905,62	16,42
905,79	63,31
905,97	45,91
906,14	64,95
906,32	85,43
906,49	59,83
906,67	8,43
906,84	51,64
907,02	20,92
907,19	103,45
907,37	61,27
907,54	21,74
907,72	94,03
907,89	22,36
908,06	16,42
908,24	41,20
908,41	56,15
908,59	23,79
908,76	25,43
908,94	91,17
909,11	125,98
909,29	48,98
909,46	114,72
909,64	55,12
909,81	24,40
909,99	71,10
910,16	17,24
910,33	59,01
910,51	79,90
910,68	27,88
910,86	79,90
911,03	2,29
911,21	17,64
911,38	62,50
911,56	10,27
911,73	40,38
911,90	65,36
912,08	-5,09
912,25	93,42
912,43	39,76
912,60	58,60
912,78	10,07
912,95	26,04
913,12	72,33
913,30	45,09
913,47	59,83
913,65	61,27
913,82	7,00
914,00	72,12
914,17	0,44
914,34	49,39
914,52	-11,64
914,69	21,95
914,87	36,08
915,04	38,53
915,21	-20,86
915,39	55,33
915,56	72,12
915,74	33,00
915,91	48,98
916,08	74,99
916,26	20,92
916,43	17,85
916,61	23,17
916,78	43,04
916,95	45,29
917,13	98,13
917,30	1,67
917,48	53,48
917,65	-2,43
917,82	36,28
918,00	27,88
918,17	34,44
918,35	53,28
918,52	46,52
918,69	49,59
918,87	42,83
919,04	68,84
919,22	43,24
919,39	59,63
919,56	63,72
919,74	104,27
919,91	73,35
920,08	69,87
920,26	24,20
920,43	36,49
920,61	73,76
920,78	17,85
920,95	69,87
921,13	76,83
921,30	2,49
921,47	53,89
921,65	87,69
921,82	41,61
921,99	44,27
922,17	89,73
922,34	68,23
922,51	-17,58
922,69	29,52
922,86	43,45
923,04	14,78
923,21	-5,09
923,38	56,15
923,56	114,92
923,73	28,09
923,90	12,73
924,08	29,93
924,25	47,34
924,42	6,79
924,60	34,23
924,77	42,63
924,94	58,40
925,12	54,30
925,29	91,78
925,46	7,20
925,64	44,47
925,81	111,44
925,98	32,59
926,16	45,09
926,33	58,60
926,50	28,70
926,68	23,99
926,85	13,55
927,02	44,88
927,19	74,78
927,37	67,41
927,54	65,77
927,71	50,82
927,89	60,86
928,06	6,79
928,23	37,10
928,41	67,41
928,58	84,00
928,75	52,46
928,93	32,39
929,10	3,92
929,27	42,22
929,44	55,74
929,62	27,07
929,79	64,95
929,96	104,89
930,14	22,56
930,31	109,39
930,48	71,92
930,66	113,28
930,83	21,54
931,00	61,27
931,17	56,56
931,35	-39,49
931,52	64,75
931,69	100,38
931,87	36,69
932,04	13,34
932,21	84,20
932,38	89,53
932,56	116,97
932,73	62,29
932,90	89,73
933,07	75,19
933,25	51,23
933,42	7,40
933,59	80,52
933,77	66,80
933,94	11,30
934,11	105,91
934,28	51,03
934,46	72,94
934,63	73,35
934,80	48,77
934,97	2,29
935,15	43,65
935,32	59,22
935,49	99,97
935,66	23,79
935,84	53,89
936,01	102,23
936,18	7,81
936,35	34,85
936,53	154,86
936,70	63,31
936,87	66,18
937,04	49,80
937,22	87,48
937,39	58,40
937,56	101,61
937,73	52,05
937,91	43,04
938,08	2,49
938,25	31,16
938,42	68,64
938,59	47,75
938,77	25,02
938,94	46,32
939,11	-16,97
939,28	39,56
939,46	55,12
939,63	7,00
939,80	57,17
939,97	0,24
940,14	53,69
940,32	89,12
940,49	2,08
940,66	123,73
940,83	65,98
941,00	51,44
941,18	36,69
941,35	36,69
941,52	52,05
941,69	44,27
941,87	14,16
942,04	59,63
942,21	31,78
942,38	51,23
942,55	51,44
942,73	42,43
942,90	30,14
943,07	11,71
943,24	34,64
943,41	-8,57
943,58	86,46
943,76	49,59
943,93	72,74
944,10	74,37
944,27	94,03
944,44	-19,22
944,62	92,19
944,79	17,85
944,96	68,23
945,13	100,79
945,30	2,90
945,47	33,82
945,65	88,09
945,82	38,94
945,99	54,51
946,16	105,09
946,33	54,10
946,50	48,36
946,68	69,66
946,85	68,84
947,02	75,19
947,19	74,58
947,36	54,71
947,53	100,38
947,71	87,48
947,88	30,55
948,05	70,07
948,22	23,79
948,39	6,79
948,56	57,58
948,74	5,56
948,91	53,48
949,08	77,04
949,25	34,44
949,42	79,70
949,59	27,27
949,76	78,88
949,94	51,44
950,11	7,20
950,28	72,33
950,45	55,33
950,62	9,25
950,79	79,90
950,96	-6,32
951,14	23,17
951,31	54,10
951,48	16,83
951,65	72,74
951,82	36,08
951,99	0,85
952,16	85,84
952,33	66,18
952,51	66,39
952,68	39,76
952,85	58,19
953,02	42,63
953,19	66,59
953,36	69,05
953,53	41,20
953,70	66,59
953,87	61,06
954,05	26,04
954,22	56,15
954,39	68,02
954,56	1,06
954,73	106,32
954,90	15,39
955,07	27,48
955,24	43,04
955,41	58,40
955,58	96,08
955,76	3,51
955,93	46,93
956,10	46,32
956,27	107,35
956,44	40,38
956,61	46,52
956,78	33,41
956,95	77,65
957,12	45,29
957,29	69,25
957,46	45,50
957,64	48,16
957,81	113,69
957,98	97,52
958,15	36,90
958,32	4,74
958,49	30,14
958,66	25,63
958,83	81,75
959,00	69,87
959,17	17,44
959,34	37,51
959,51	47,34
959,68	155,47
959,85	65,57
960,03	61,27
960,20	-54,03
960,37	94,03
960,54	93,83
960,71	22,15
960,88	129,46
961,05	32,19
961,22	8,02
961,39	54,51
961,56	165,51
961,73	61,06
961,90	2,29
962,07	47,95
962,24	20,92
962,41	64,54
962,58	68,64
962,75	75,40
962,92	64,75
963,09	-0,99
963,26	-4,68
963,44	83,18
963,61	25,02
963,78	34,44
963,95	75,60
964,12	90,76
964,29	-15,74
964,46	75,40
964,63	23,58
964,80	72,74
964,97	29,11
965,14	50,21
965,31	27,48
965,48	38,53
965,65	67,21
965,82	0,65
965,99	13,34
966,16	56,35
966,33	46,11
966,50	51,64
966,67	22,36
966,84	69,46
967,01	44,68
967,18	36,49
967,35	69,25
967,52	5,77
967,69	-1,81
967,86	51,44
968,03	130,28
968,20	1,88
968,37	23,79
968,54	70,48
968,71	68,02
968,88	69,66
969,05	33,82
969,22	99,36
969,39	-6,32
969,56	110,62
969,73	38,94
969,90	22,15
970,07	65,98
970,24	26,45
970,41	-18,40
970,58	92,40
970,75	64,95
970,92	38,74
971,09	82,57
971,26	26,25
971,43	23,99
971,60	141,96
971,77	27,68
971,94	93,62
972,11	24,81
972,28	38,94
972,45	10,07
972,62	-4,27
972,79	91,58
972,96	77,86
973,12	28,09
973,29	47,34
973,46	47,34
973,63	-17,17
973,80	78,88
973,97	43,45
974,14	92,40
974,31	-7,75
974,48	37,51
974,65	60,65
974,82	42,22
974,99	8,22
975,16	42,22
975,33	63,93
975,50	73,76
975,67	64,95
975,84	93,62
976,01	4,95
976,18	21,54
976,35	4,54
976,51	88,30
976,68	73,96
976,85	25,43
977,02	19,28
977,19	54,30
977,36	-18,19
977,53	33,41
977,70	54,71
977,87	82,57
978,04	51,23
978,21	3,51
978,38	48,16
978,55	-8,36
978,72	17,44
978,88	26,86
979,05	34,44
979,22	25,84
979,39	13,75
979,56	54,51
979,73	34,03
979,90	81,54
980,07	100,38
980,24	4,33
980,41	53,89
980,58	120,45
980,75	53,89
980,91	65,16
981,08	46,32
981,25	77,86
981,42	81,13
981,59	22,56
981,76	64,13
981,93	72,74
982,10	6,79
982,27	61,47
982,44	41,40
982,60	42,02
982,77	62,29
982,94	66,80
983,11	46,32
983,28	3,72
983,45	59,83
983,62	7,20
983,79	43,45
983,95	81,13
984,12	14,57
984,29	31,16
984,46	20,10
984,63	12,93
984,80	97,93
984,97	85,02
985,14	73,35
985,30	25,22
985,47	69,66
985,64	94,03
985,81	30,55
985,98	-24,34
986,15	52,05
986,32	61,88
986,49	39,35
986,65	30,34
986,82	-13,48
986,99	102,23
987,16	54,51
987,33	31,57
987,50	114,10
987,67	24,40
987,83	47,34
988,00	95,67
988,17	92,81
988,34	52,87
988,51	36,28
988,68	47,95
988,84	23,17
989,01	34,23
989,18	64,34
989,35	33,62
989,52	23,58
989,69	19,69
989,86	33,00
990,02	68,64
990,19	86,05
990,36	-16,56
990,53	177,59
990,70	67,62
990,87	100,18
991,03	59,01
991,20	16,01
991,37	39,35
991,54	23,79
991,71	20,10
991,87	74,58
992,04	62,50
992,21	76,83
992,38	119,63
992,55	63,72
992,72	24,40
992,88	51,03
993,05	16,21
993,22	82,98
993,39	43,65
993,56	13,14
993,72	89,53
993,89	75,60
994,06	44,06
994,23	29,32
994,40	47,55
994,56	44,88
994,73	22,56
994,90	17,44
995,07	25,43
995,24	44,47
995,40	100,38
995,57	75,40
995,74	91,58
995,91	61,47
996,08	53,89
996,24	90,14
996,41	114,92
996,58	28,50
996,75	-27,00
996,92	55,12
997,08	65,98
997,25	30,75
997,42	46,93
997,59	73,14
997,75	76,83
997,92	91,37
998,09	-17,17
998,26	54,51
998,43	43,24
998,59	36,28
998,76	27,68
998,93	63,72
999,10	93,62
999,26	30,55
999,43	14,78
999,60	32,39
999,77	122,91
999,93	26,45
1000,10	22,56
1000,27	21,33
1000,44	45,70
1000,60	34,23
1000,77	93,21
1000,94	11,71
1001,11	100,18
1001,28	62,29
1001,44	78,26
1001,61	11,71
1001,78	67,62
1001,95	90,76
1002,11	20,31
1002,28	92,60
1002,45	35,67
1002,61	48,36
1002,78	43,04
1002,95	134,99
1003,12	74,58
1003,28	73,76
1003,45	-3,04
1003,62	13,14
1003,79	17,03
1003,95	42,43
1004,12	43,45
1004,29	-11,85
1004,46	94,85
1004,62	77,65
1004,79	3,72
1004,96	74,78
1005,12	136,43
1005,29	-3,24
1005,46	80,72
1005,63	28,29
1005,79	23,79
1005,96	84,00
1006,13	52,05
1006,29	43,65
1006,46	3,92
1006,63	82,77
1006,80	63,11
1006,96	45,91
1007,13	28,91
1007,30	53,28
1007,46	88,09
1007,63	14,16
1007,80	99,15
1007,97	71,10
1008,13	22,36
1008,30	24,20
1008,47	39,76
1008,63	37,71
1008,80	95,67
1008,97	65,98
1009,13	6,38
1009,30	30,14
1009,47	38,74
1009,64	36,90
1009,80	43,65
1009,97	102,64
1010,14	77,86
1010,30	42,43
1010,47	17,03
1010,64	47,55
1010,80	67,62
1010,97	25,22
1011,14	27,27
1011,30	143,80
1011,47	45,29
1011,64	116,97
1011,80	50,62
1011,97	30,14
1012,14	71,92
1012,30	26,25
1012,47	85,23
1012,64	105,30
1012,80	24,81
1012,97	64,54
1013,14	40,99
1013,30	109,60
1013,47	99,56
1013,64	42,43
1013,80	41,20
1013,97	54,51
1014,14	10,68
1014,30	42,43
1014,47	84,82
1014,64	49,80
1014,80	64,13
1014,97	23,17
1015,14	72,94
1015,30	91,58
1015,47	60,04
1015,64	84,00
1015,80	36,90
1015,97	49,80
1016,13	28,50
1016,30	61,68
1016,47	47,34
1016,63	39,97
1016,80	-5,29
1016,97	38,94
1017,13	-4,88
1017,30	41,81
1017,47	22,15
1017,63	41,81
1017,80	79,08
1017,96	57,38
1018,13	111,03
1018,30	51,03
1018,46	57,99
1018,63	59,83
1018,80	57,38
1018,96	65,36
1019,13	45,29
1019,29	41,61
1019,46	43,86
1019,63	37,10
1019,79	16,42
1019,96	103,05
1020,13	46,93
1020,29	79,70
1020,46	82,36
1020,62	100,18
1020,79	121,89
1020,96	101,20
1021,12	65,16
1021,29	20,72
1021,45	91,37
1021,62	9,25
1021,79	-12,05
1021,95	60,65
1022,12	110,01
1022,28	-3,04
1022,45	76,83
1022,62	126,80
1022,78	90,96
1022,95	56,76
1023,11	101,00
1023,28	41,40
1023,45	29,11
1023,61	32,19
1023,78	67,21
1023,94	55,74
1024,11	60,45
1024,27	125,78
1024,44	48,16
1024,61	86,05
1024,77	17,24
1024,94	79,70
1025,10	26,04
1025,27	69,46
1025,43	47,14
1025,60	22,56
1025,77	106,73
1025,93	34,85
1026,10	40,79
1026,26	47,34
1026,43	35,87
1026,59	97,72
1026,76	-7,95
1026,93	48,36
1027,09	40,38
1027,26	23,99
1027,42	59,63
1027,59	55,53
1027,75	43,86
1027,92	73,14
1028,08	38,94
1028,25	59,01
1028,42	61,68
1028,58	39,76
1028,75	34,44
1028,91	10,27
1029,08	129,46
1029,24	48,98
1029,41	46,52
1029,57	23,17
1029,74	54,10
1029,91	2,49
1030,07	11,71
1030,24	106,53
1030,40	15,60
1030,57	57,99
1030,73	104,27
1030,90	85,43
1031,06	84,61
1031,23	111,44
1031,39	58,81
1031,56	-2,83
1031,72	19,49
1031,89	97,11
1032,05	85,64
1032,22	55,33
1032,38	54,30
1032,55	101,00
1032,72	45,50
1032,88	26,86
1033,05	57,58
1033,21	52,46
1033,38	-3,86
1033,54	55,94
1033,71	52,26
1033,87	94,24
1034,04	24,81
1034,20	46,11
1034,37	40,38
1034,53	61,06
1034,70	91,78
1034,86	20,92
1035,03	105,50
1035,19	58,81
1035,36	73,55
1035,52	-12,05
1035,69	51,44
1035,85	136,43
1036,02	78,88
1036,18	52,87
1036,35	26,25
1036,51	136,84
1036,68	39,76
1036,84	36,28
1037,01	62,50
1037,17	73,35
1037,34	27,27
1037,50	61,27
1037,67	116,56
