337.57	7.82
337.79	7.82
338.02	7.82
338.24	-10.51
338.47	-0.34
338.69	3.48
338.92	0.45
339.14	0.07
339.36	4.41
339.59	0.92
339.81	2.43
340.04	0.14
340.26	5.70
340.49	1.47
340.71	9.01
340.93	1.67
341.16	6.15
341.38	1.09
341.61	2.22
341.83	-4.16
342.05	2.29
342.28	8.50
342.50	-3.04
342.73	4.27
342.95	0.17
343.17	-8.60
343.40	-1.23
343.62	2.36
343.85	11.16
344.07	-9.73
344.29	2.63
344.52	7.85
344.74	4.34
344.97	3.72
345.19	2.29
345.41	-4.20
345.64	2.12
345.86	-3.82
346.08	9.18
346.31	6.01
346.53	8.40
346.76	-3.75
346.98	10.99
347.20	-0.58
347.43	9.80
347.65	5.22
347.87	9.01
348.10	-6.07
348.32	-1.19
348.54	-5.90
348.77	7.92
348.99	-0.65
349.21	9.25
349.44	-0.07
349.66	3.93
349.88	-4.33
350.11	-0.44
350.33	-1.09
350.55	13.11
350.78	-3.27
351.00	9.49
351.22	5.05
351.45	9.08
351.67	1.78
351.89	14.17
352.12	-6.62
352.34	6.76
352.56	4.34
352.79	8.84
353.01	0.07
353.23	11.54
353.45	3.79
353.68	0.65
353.90	1.13
354.12	4.95
354.35	1.57
354.57	10.82
354.79	-5.97
355.01	0.68
355.24	3.45
355.46	-0.85
355.68	-4.81
355.91	8.13
356.13	6.39
356.35	3.42
356.57	0.75
356.80	9.76
357.02	1.50
357.24	8.60
357.46	6.79
357.69	0.45
357.91	0.55
358.13	1.85
358.35	9.01
358.58	6.93
358.80	-0.68
359.02	10.62
359.24	-3.41
359.47	7.72
359.69	3.31
359.91	9.93
360.13	2.36
360.36	9.83
360.58	7.41
360.80	11.47
361.02	-1.53
361.25	1.85
361.47	4.99
361.69	11.91
361.91	1.88
362.13	11.23
362.36	1.37
362.58	10.14
362.80	1.81
363.02	6.15
363.25	-1.23
363.47	0.45
363.69	3.79
363.91	-0.20
364.13	0.34
364.36	10.89
364.58	-13.31
364.80	2.90
365.02	1.06
365.24	10.28
365.47	-0.48
365.69	0.96
365.91	-0.27
366.13	7.78
366.35	5.46
366.57	10.92
366.80	-0.03
367.02	6.79
367.24	-0.07
367.46	7.27
367.68	0.48
367.90	9.08
368.13	4.75
368.35	9.08
368.57	10.24
368.79	8.67
369.01	5.70
369.23	11.51
369.46	6.32
369.68	0.31
369.90	-0.44
370.12	12.49
370.34	-7.20
370.56	8.95
370.78	4.44
371.01	6.93
371.23	4.06
371.45	3.79
371.67	0.38
371.89	3.89
372.11	-0.03
372.33	12.26
372.56	10.04
372.78	11.64
373.00	2.49
373.22	7.82
373.44	10.21
373.66	8.02
373.88	2.08
374.10	-3.45
374.32	-0.07
374.55	9.93
374.77	-2.97
374.99	6.76
375.21	8.60
375.43	5.80
375.65	6.69
375.87	7.24
376.09	6.69
376.31	3.38
376.53	-0.20
376.75	7.65
376.98	0.38
377.20	5.74
377.42	-3.68
377.64	11.03
377.86	9.66
378.08	6.73
378.30	0.45
378.52	8.19
378.74	-7.47
378.96	6.45
379.18	-1.94
379.40	9.42
379.62	9.76
379.84	6.45
380.07	5.33
380.29	9.29
380.51	1.85
380.73	6.49
380.95	2.22
381.17	8.16
381.39	1.47
381.61	10.65
381.83	-1.36
382.05	5.80
382.27	7.14
382.49	13.04
382.71	-1.84
382.93	9.90
383.15	8.02
383.37	5.02
383.59	1.64
383.81	15.94
384.03	2.46
384.25	11.85
384.47	-1.12
384.69	4.68
384.91	6.83
385.13	2.56
385.35	5.09
385.57	15.64
385.79	5.57
386.01	4.00
386.23	3.04
386.45	8.77
386.67	-2.08
386.89	4.06
387.11	5.74
387.33	2.43
387.55	-4.54
387.77	6.28
387.99	3.96
388.21	4.10
388.43	12.53
388.65	3.48
388.87	2.53
389.09	11.54
389.31	3.52
389.53	13.62
389.75	-0.58
389.97	9.32
390.19	3.14
390.41	3.42
390.63	4.92
390.85	8.06
391.07	8.43
391.29	13.38
391.51	3.83
391.72	7.99
391.94	-1.09
392.16	-3.99
392.38	0.38
392.60	1.40
392.82	10.79
393.04	-0.03
393.26	-0.78
393.48	14.06
393.70	-2.35
393.92	10.28
394.14	-2.32
394.36	16.86
394.58	-4.06
394.80	14.30
395.01	-0.17
395.23	1.61
395.45	4.99
395.67	7.68
395.89	3.93
396.11	2.63
396.33	-4.57
396.55	2.70
396.77	0.99
396.99	9.25
397.21	4.71
397.42	2.87
397.64	-2.05
397.86	3.42
398.08	3.59
398.30	1.50
398.52	1.44
398.74	-0.24
398.96	2.84
399.17	5.33
399.39	-1.53
399.61	0.04
399.83	1.64
400.05	4.44
400.27	4.75
400.49	6.04
400.71	0.04
400.92	2.08
401.14	3.96
401.36	6.18
401.58	6.90
401.80	7.78
402.02	2.56
402.24	7.34
402.45	2.32
402.67	1.37
402.89	-2.56
403.11	12.19
403.33	1.16
403.55	9.42
403.76	-2.90
403.98	7.89
404.20	0.21
404.42	10.86
404.64	12.12
404.86	4.71
405.07	13.48
405.29	8.64
405.51	3.79
405.73	0.55
405.95	5.53
406.17	2.43
406.38	-2.25
406.60	2.19
406.82	-3.07
407.04	4.88
407.26	-1.47
407.47	0.55
407.69	4.61
407.91	10.75
408.13	6.28
408.35	-5.66
408.56	9.15
408.78	7.20
409.00	-2.76
409.22	8.36
409.44	2.46
409.65	6.25
409.87	3.18
410.09	9.15
410.31	0.41
410.52	-3.58
410.74	-1.77
410.96	10.24
411.18	5.57
411.40	3.65
411.61	3.38
411.83	7.99
412.05	9.35
412.27	1.44
412.48	0.65
412.70	10.21
412.92	-0.24
413.14	2.43
413.35	-4.95
413.57	12.19
413.79	3.14
414.01	5.57
414.22	1.50
414.44	7.17
414.66	-1.36
414.87	7.07
415.09	-5.12
415.31	3.01
415.53	-3.55
415.74	2.63
415.96	3.76
416.18	7.34
416.40	-0.65
416.61	0.17
416.83	4.44
417.05	9.73
417.26	2.60
417.48	6.83
417.70	2.77
417.92	-4.74
418.13	0.75
418.35	7.65
418.57	12.09
418.78	-4.20
419.00	-9.28
419.22	10.04
419.43	1.33
419.65	12.70
419.87	-0.65
420.09	-2.08
420.30	5.80
420.52	2.94
420.74	9.80
420.95	14.37
421.17	0.96
421.39	13.38
421.60	6.39
421.82	8.06
422.04	3.55
422.25	6.18
422.47	0.89
422.69	7.65
422.90	3.24
423.12	8.98
423.34	5.53
423.55	13.01
423.77	0.75
423.99	13.08
424.20	-1.47
424.42	9.25
424.64	-1.16
424.85	3.62
425.07	9.32
425.28	4.85
425.50	-0.71
425.72	7.17
425.93	2.08
426.15	8.95
426.37	4.41
426.58	9.35
426.80	6.69
427.01	8.54
427.23	-4.47
427.45	7.27
427.66	9.01
427.88	4.44
428.10	3.24
428.31	8.64
428.53	-6.86
428.74	13.76
428.96	-7.06
429.18	6.69
429.39	-3.21
429.61	6.42
429.82	-2.28
430.04	15.53
430.26	7.44
430.47	2.29
430.69	-3.51
430.90	12.02
431.12	0.24
431.34	14.27
431.55	12.60
431.77	15.26
431.98	-1.47
432.20	8.84
432.41	3.52
432.63	7.31
432.85	5.91
433.06	4.06
433.28	10.07
433.49	11.51
433.71	1.30
433.92	0.72
434.14	5.70
434.35	3.69
434.57	3.42
434.79	8.54
435.00	6.01
435.22	9.63
435.43	1.06
435.65	1.95
435.86	0.96
436.08	0.55
436.29	3.62
436.51	10.72
436.72	2.46
436.94	2.94
437.16	-1.33
437.37	4.99
437.59	11.81
437.80	12.80
438.02	2.53
438.23	1.27
438.45	2.66
438.66	3.18
438.88	-6.01
439.09	10.34
439.31	5.29
439.52	11.47
439.74	-2.39
439.95	11.78
440.17	4.51
440.38	6.21
440.60	8.54
440.81	2.70
441.03	-6.93
441.24	5.26
441.46	10.38
441.67	4.54
441.89	11.61
442.10	3.28
442.32	-0.61
442.53	7.96
442.75	11.47
442.96	6.83
443.18	6.73
443.39	13.42
443.61	6.59
443.82	8.98
444.04	-1.47
444.25	6.18
444.46	-0.61
444.68	5.50
444.89	-4.16
445.11	10.11
445.32	-2.52
445.54	8.98
445.75	6.08
445.97	9.56
446.18	5.09
446.40	11.57
446.61	-0.17
446.82	10.65
447.04	4.68
447.25	11.91
447.47	0.55
447.68	0.38
447.90	1.09
448.11	5.29
448.32	14.17
448.54	8.98
448.75	4.00
448.97	15.43
449.18	7.07
449.40	12.56
449.61	5.84
449.82	4.44
450.04	2.84
450.25	3.38
450.47	-3.85
450.68	6.59
450.89	-3.72
451.11	15.74
451.32	5.16
451.54	9.49
451.75	-1.02
451.96	4.82
452.18	-8.09
452.39	6.97
452.61	-3.21
452.82	9.80
453.03	-0.61
453.25	9.59
453.46	2.70
453.68	10.48
453.89	4.54
454.10	13.59
454.32	-0.10
454.53	5.43
454.74	4.34
454.96	5.84
455.17	0.04
455.39	-1.02
455.60	-0.17
455.81	14.27
456.03	2.53
456.24	7.17
456.45	7.51
456.67	10.28
456.88	-6.24
457.09	5.19
457.31	1.50
457.52	13.04
457.73	8.88
457.95	6.04
458.16	1.16
458.37	8.16
458.59	2.15
458.80	6.83
459.01	6.69
459.23	10.24
459.44	14.03
459.65	12.87
459.87	7.92
460.08	4.30
460.29	3.42
460.51	-2.35
460.72	5.94
460.93	9.15
461.15	4.27
461.36	7.72
461.57	2.19
461.79	5.19
462.00	-1.33
462.21	1.91
462.42	0.89
462.64	6.62
462.85	-1.36
463.06	8.43
463.28	5.36
463.49	5.09
463.70	8.09
463.92	7.72
464.13	11.51
464.34	9.53
464.55	6.18
464.77	3.11
464.98	1.30
465.19	3.62
465.40	0.65
465.62	9.29
465.83	7.14
466.04	9.66
466.26	0.55
466.47	12.60
466.68	1.64
466.89	11.81
467.11	4.68
467.32	4.88
467.53	3.35
467.74	13.79
467.96	0.14
468.17	2.36
468.38	-1.84
468.59	6.04
468.81	-2.01
469.02	3.69
469.23	-3.48
469.44	3.28
469.66	10.11
469.87	6.66
470.08	-1.60
470.29	1.54
470.50	12.70
470.72	2.84
470.93	0.17
471.14	3.55
471.35	2.60
471.57	-13.51
471.78	3.76
471.99	11.23
472.20	7.92
472.41	6.39
472.63	3.55
472.84	9.01
473.05	11.54
473.26	6.25
473.47	-3.48
473.69	7.68
473.90	5.33
474.11	8.02
474.32	14.75
474.53	11.71
474.75	3.24
474.96	11.51
475.17	2.84
475.38	8.60
475.59	3.18
475.80	4.17
476.02	2.05
476.23	3.24
476.44	13.79
476.65	6.69
476.86	-0.78
477.08	4.10
477.29	-12.18
477.50	-3.07
477.71	8.64
477.92	6.59
478.13	-4.84
478.34	0.45
478.56	-0.82
478.77	18.95
478.98	5.84
479.19	7.34
479.40	-6.72
479.61	4.78
479.83	6.08
480.04	22.53
480.25	15.81
480.46	11.23
480.67	5.94
480.88	6.56
481.09	4.27
481.30	8.77
481.52	10.38
481.73	2.73
481.94	10.69
482.15	0.89
482.36	10.45
482.57	7.31
482.78	11.54
482.99	2.53
483.21	3.24
483.42	9.97
483.63	3.62
483.84	6.18
484.05	10.14
484.26	7.17
484.47	0.51
484.68	6.79
484.89	14.71
485.10	5.02
485.32	-0.95
485.53	7.34
485.74	6.83
485.95	7.07
486.16	7.96
486.37	13.48
486.58	8.84
486.79	11.57
487.00	3.76
487.21	12.87
487.42	7.17
487.63	-0.24
487.85	15.53
488.06	11.61
488.27	3.28
488.48	16.49
488.69	6.83
488.90	11.51
489.11	5.02
489.32	7.51
489.53	4.06
489.74	14.10
489.95	6.66
490.16	12.46
490.37	13.55
490.58	4.10
490.79	12.60
491.00	10.69
491.21	11.51
491.42	9.18
491.63	11.06
491.84	14.37
492.06	7.72
492.27	5.33
492.48	8.95
492.69	17.41
492.90	3.01
493.11	17.31
493.32	-4.43
493.53	16.49
493.74	7.14
493.95	3.69
494.16	8.23
494.37	8.50
494.58	5.09
494.79	11.33
495.00	3.72
495.21	14.51
495.42	-1.29
495.63	6.18
495.84	4.68
496.05	13.28
496.26	3.24
496.47	14.51
496.68	5.94
496.89	8.40
497.10	8.02
497.31	8.95
497.52	16.45
497.73	8.77
497.94	7.37
498.15	3.59
498.36	6.83
498.57	15.19
498.78	5.05
498.98	22.56
499.19	7.34
499.40	18.50
499.61	25.70
499.82	29.08
500.03	54.55
500.24	107.59
500.45	281.94
500.66	437.07
500.87	1104.06
501.08	1485.22
501.29	2807.49
501.50	3333.92
501.71	5004.25
501.92	5623.45
502.13	7486.56
502.34	8516.34
502.55	10500.62
502.76	11730.73
502.97	13886.83
503.17	15570.85
503.38	17734.83
503.59	19398.94
503.80	21986.59
504.01	23705.89
504.22	26040.23
504.43	28056.59
504.64	30861.36
504.85	33024.83
505.06	35342.04
505.27	37765.40
505.48	39805.72
505.68	41697.77
505.89	44182.85
506.10	45994.24
506.31	47987.22
506.52	49417.86
506.73	50820.86
506.94	52092.82
507.15	53116.70
507.36	53960.84
507.57	55113.30
507.77	54571.65
507.98	55900.78
508.19	55506.00
508.40	55627.61
508.61	54934.34
508.82	55057.01
509.03	54100.34
509.24	53586.54
509.45	52065.10
509.65	51244.96
509.86	49683.79
510.07	48556.66
510.28	46502.14
510.49	44758.67
510.70	41947.90
510.91	40319.42
511.11	37900.63
511.32	36100.67
511.53	33219.42
511.74	31361.23
511.95	28733.35
512.16	26931.64
512.37	24190.68
512.57	22154.42
512.78	19750.65
512.99	17949.87
513.20	15608.08
513.41	14265.09
513.62	12107.87
513.82	10720.98
514.03	8857.09
514.24	7797.17
514.45	5924.61
514.66	5128.22
514.87	3587.98
515.07	2971.64
515.28	1550.45
515.49	1183.69
515.70	458.44
515.91	296.86
516.11	113.73
516.32	73.66
516.53	48.37
516.74	27.85
516.95	19.77
517.16	18.30
517.36	19.87
517.57	14.99
517.78	18.43
517.99	9.70
518.20	15.23
518.40	12.94
518.61	14.17
518.82	7.37
519.03	10.00
519.23	5.12
519.44	20.24
519.65	8.30
519.86	7.31
520.07	14.75
520.27	11.71
520.48	13.45
520.69	12.09
520.90	2.80
521.10	5.94
521.31	10.48
521.52	8.09
521.73	7.37
521.94	12.26
522.14	10.41
522.35	14.41
522.56	3.31
522.77	22.73
522.97	10.11
523.18	8.91
523.39	9.46
523.60	12.29
523.80	-1.02
524.01	15.77
524.22	11.74
524.43	23.18
524.63	4.34
524.84	16.39
525.05	7.61
525.25	9.87
525.46	4.82
525.67	17.65
525.88	7.14
526.08	26.25
526.29	8.09
526.50	8.33
526.71	11.44
526.91	15.29
527.12	10.07
527.33	9.08
527.53	2.90
527.74	4.20
527.95	8.30
528.16	8.95
528.36	17.27
528.57	15.53
528.78	2.60
528.98	3.72
529.19	13.93
529.40	13.08
529.60	6.62
529.81	24.20
530.02	4.20
530.22	16.90
530.43	-0.37
530.64	13.35
530.85	6.15
531.05	8.09
531.26	8.13
531.47	4.88
531.67	1.47
531.88	13.45
532.09	9.56
532.29	16.11
532.50	9.49
532.71	10.75
532.91	-4.64
533.12	25.23
533.33	13.31
533.53	13.48
533.74	15.05
533.95	6.15
534.15	8.09
534.36	16.59
534.56	0.86
534.77	15.53
534.98	1.40
535.18	13.18
535.39	4.58
535.60	13.28
535.80	8.43
536.01	11.61
536.22	9.56
536.42	15.12
536.63	2.32
536.83	5.74
537.04	9.53
537.25	0.14
537.45	8.16
537.66	15.36
537.87	-4.13
538.07	14.37
538.28	11.68
538.48	7.27
538.69	15.33
538.90	16.97
539.10	-0.07
539.31	13.76
539.51	-1.09
539.72	2.49
539.93	8.06
540.13	14.85
540.34	3.38
540.54	13.14
540.75	5.84
540.96	11.74
541.16	6.76
541.37	9.63
541.57	4.44
541.78	14.54
541.99	-2.46
542.19	14.24
542.40	4.30
542.60	23.21
542.81	8.43
543.01	6.15
543.22	4.85
543.43	5.36
543.63	14.47
543.84	9.32
544.04	1.74
544.25	13.01
544.45	6.04
544.66	12.87
544.87	4.44
545.07	8.64
545.28	-1.94
545.48	13.93
545.69	0.48
545.89	12.77
546.10	0.10
546.30	15.26
546.51	8.33
546.71	11.33
546.92	4.85
547.13	7.65
547.33	8.57
547.54	0.28
547.74	3.48
547.95	11.44
548.15	6.62
548.36	5.57
548.56	17.24
548.77	5.63
548.97	3.89
549.18	5.29
549.38	7.07
549.59	7.61
549.79	5.80
550.00	5.02
550.20	0.92
550.41	7.03
550.61	2.63
550.82	9.49
551.02	0.55
551.23	7.92
551.43	4.13
551.64	1.95
551.84	-4.91
552.05	13.08
552.25	6.59
552.46	5.74
552.66	10.38
552.87	2.94
553.07	-1.84
553.28	0.65
553.48	2.53
553.69	10.52
553.89	9.97
554.10	13.21
554.30	1.95
554.51	13.59
554.71	2.22
554.92	0.38
555.12	4.61
555.32	4.82
555.53	0.82
555.73	9.18
555.94	9.76
556.14	9.53
556.35	-1.57
556.55	10.34
556.76	0.10
556.96	14.47
557.17	1.13
557.37	12.90
557.57	4.20
557.78	9.73
557.98	1.54
558.19	11.37
558.39	4.17
558.60	4.95
558.80	5.77
559.00	10.92
559.21	9.93
559.41	11.10
559.62	9.08
559.82	6.52
560.03	12.15
560.23	8.33
560.43	3.31
560.64	9.35
560.84	3.21
561.05	3.21
561.25	5.84
561.45	13.31
561.66	0.00
561.86	8.57
562.07	8.81
562.27	8.64
562.47	10.28
562.68	12.09
562.88	3.04
563.09	10.72
563.29	-0.44
563.49	1.67
563.70	6.28
563.90	13.14
564.11	2.36
564.31	-1.02
564.51	-0.20
564.72	6.08
564.92	-0.82
565.12	5.43
565.33	5.33
565.53	6.73
565.74	-4.64
565.94	-6.18
566.14	6.79
566.35	13.01
566.55	-3.68
566.75	3.96
566.96	1.85
567.16	6.11
567.36	8.60
567.57	-0.27
567.77	2.60
567.98	11.85
568.18	0.45
568.38	9.15
568.59	-3.45
568.79	12.29
568.99	-7.13
569.20	12.02
569.40	2.53
569.60	11.27
569.81	3.18
570.01	12.22
570.21	3.59
570.42	7.31
570.62	6.73
570.82	12.77
571.03	-3.07
571.23	12.39
571.43	11.03
571.63	-1.06
571.84	6.83
572.04	9.01
572.24	6.90
572.45	7.20
572.65	0.96
572.85	1.61
573.06	7.17
573.26	7.85
573.46	3.11
573.67	12.09
573.87	2.43
574.07	9.46
574.27	-1.64
574.48	9.93
574.68	8.71
574.88	6.62
575.09	1.47
575.29	11.13
575.49	6.62
575.69	11.16
575.90	-1.67
576.10	7.58
576.30	-0.37
576.51	6.59
576.71	1.98
576.91	6.08
577.11	-1.06
577.32	10.41
577.52	-3.89
577.72	11.81
577.92	2.46
578.13	7.92
578.33	0.51
578.53	3.76
578.73	5.53
578.94	14.24
579.14	-2.22
579.34	5.43
579.54	7.00
579.75	11.71
579.95	1.47
580.15	4.95
580.35	3.04
580.56	16.01
580.76	9.29
580.96	11.54
581.16	3.86
581.37	6.66
581.57	4.03
581.77	11.44
581.97	2.39
582.17	6.66
582.38	-1.50
582.58	7.58
582.78	4.58
582.98	8.43
583.19	4.51
583.39	10.75
583.59	17.34
583.79	15.91
583.99	8.98
584.20	7.58
584.40	7.34
584.60	10.69
584.80	9.59
585.00	2.22
585.21	3.55
585.41	6.18
585.61	9.93
585.81	17.85
586.01	1.88
586.22	13.11
586.42	9.22
586.62	14.58
586.82	-0.20
587.02	9.97
587.22	0.79
587.43	5.94
587.63	5.36
587.83	-2.73
588.03	0.99
588.23	4.99
588.43	0.68
588.64	9.08
588.84	4.00
589.04	12.56
589.24	1.57
589.44	5.16
589.64	-4.74
589.85	11.74
590.05	1.95
590.25	10.96
590.45	-0.03
590.65	6.18
590.85	7.44
591.05	9.53
591.26	7.24
591.46	3.21
591.66	4.51
591.86	3.42
592.06	-0.07
592.26	6.35
592.46	13.25
592.67	4.41
592.87	4.82
593.07	0.45
593.27	-1.74
593.47	3.69
593.67	9.70
593.87	17.51
594.07	0.82
594.28	2.22
594.48	11.51
594.68	1.61
594.88	12.09
595.08	9.90
595.28	1.54
595.48	3.42
595.68	2.84
595.88	6.62
596.08	-0.03
596.29	8.33
596.49	-4.50
596.69	13.69
596.89	4.95
597.09	4.88
597.29	6.52
597.49	4.47
597.69	4.47
597.89	4.06
598.09	6.83
598.29	9.29
598.50	3.45
598.70	9.73
598.90	6.21
599.10	7.89
599.30	5.67
599.50	9.70
599.70	3.38
599.90	10.82
600.10	3.45
600.30	6.69
600.50	0.45
600.70	3.31
600.90	-0.20
601.10	14.68
601.30	-1.53
601.50	9.56
601.71	-0.44
601.91	5.33
602.11	0.79
602.31	10.00
602.51	-4.30
602.71	12.97
602.91	0.24
603.11	8.02
603.31	1.23
603.51	6.93
603.71	1.67
603.91	7.41
604.11	6.28
604.31	15.12
604.51	7.03
604.71	11.33
604.91	7.65
605.11	2.77
605.31	1.61
605.51	6.52
605.71	-0.34
605.91	1.33
606.11	-1.91
606.31	8.30
606.51	4.51
606.71	2.84
606.91	5.70
607.11	6.35
607.31	4.75
607.51	8.40
607.71	1.27
607.91	8.36
608.11	5.60
608.31	3.28
608.51	0.58
608.71	9.53
608.91	-4.30
609.11	12.46
609.31	-3.07
609.51	5.46
609.71	0.72
609.91	6.52
610.11	0.79
610.31	8.95
610.51	6.39
610.71	5.02
610.91	8.77
611.11	6.25
611.31	3.96
611.51	11.06
611.71	-1.67
611.91	9.39
612.11	-0.24
612.31	4.78
612.51	6.18
612.71	11.91
612.90	-6.62
613.10	9.15
613.30	1.71
613.50	9.83
613.70	7.24
613.90	1.81
614.10	4.13
614.30	13.83
614.50	3.59
614.70	2.15
614.90	5.67
615.10	5.09
615.30	-1.36
615.50	12.15
615.70	4.71
615.90	6.62
616.09	7.31
616.29	5.77
616.49	3.59
616.69	5.84
616.89	-2.22
617.09	4.58
617.29	4.78
617.49	8.47
617.69	5.94
617.89	3.38
618.09	10.31
618.28	13.04
618.48	3.35
618.68	3.07
618.88	-1.47
619.08	9.66
619.28	7.20
619.48	11.47
619.68	3.65
619.88	8.50
620.08	-10.92
620.27	10.99
620.47	1.95
620.67	8.33
620.87	0.75
621.07	6.11
621.27	4.85
621.47	16.83
621.67	6.83
621.86	-0.27
622.06	1.54
622.26	7.20
622.46	1.33
622.66	12.56
622.86	0.58
623.06	6.08
623.25	11.27
623.45	9.49
623.65	1.64
623.85	8.13
624.05	1.91
624.25	8.74
624.45	-2.66
624.64	2.63
624.84	5.67
625.04	8.50
625.24	2.39
625.44	6.08
625.64	-1.47
625.83	13.93
626.03	7.92
626.23	10.28
626.43	-3.38
626.63	15.81
626.83	0.79
627.02	12.02
627.22	3.76
627.42	-0.61
627.62	4.41
627.82	4.41
628.02	-3.10
628.21	4.00
628.41	-2.69
628.61	12.56
628.81	10.45
629.01	1.54
629.20	4.00
629.40	9.25
629.60	2.19
629.80	5.09
630.00	1.27
630.19	-3.55
630.39	5.33
630.59	12.05
630.79	2.39
630.99	9.80
631.18	-6.89
631.38	6.01
631.58	1.91
631.78	10.11
631.98	3.24
632.17	3.48
632.37	-3.27
632.57	12.22
632.77	6.62
632.96	1.16
633.16	-6.28
633.36	1.67
633.56	2.56
633.76	11.57
633.95	-0.89
634.15	4.20
634.35	3.59
634.55	7.89
634.74	-4.50
634.94	10.11
635.14	2.90
635.34	7.99
635.53	3.04
635.73	5.40
635.93	5.70
636.13	15.74
636.32	2.05
636.52	4.30
636.72	0.82
636.92	7.17
637.11	0.96
637.31	10.21
637.51	2.02
637.70	19.18
637.90	4.64
638.10	4.30
638.30	6.04
638.49	15.74
638.69	7.89
638.89	6.83
639.09	0.17
639.28	6.35
639.48	1.13
639.68	6.32
639.87	7.58
640.07	12.94
640.27	10.24
640.47	9.80
640.66	6.04
640.86	8.13
641.06	-8.50
641.25	21.98
641.45	7.34
641.65	11.68
641.84	0.62
642.04	11.85
642.24	1.06
642.44	15.29
642.63	6.08
642.83	5.63
643.03	-0.20
643.22	12.05
643.42	6.69
643.62	7.07
643.81	1.95
644.01	15.87
644.21	0.41
644.40	10.11
644.60	7.31
644.80	6.73
644.99	-9.45
645.19	10.89
645.39	6.25
645.58	5.84
645.78	4.82
645.98	5.80
646.17	10.82
646.37	5.12
646.57	6.45
646.76	-3.24
646.96	9.01
647.16	1.88
647.35	1.95
647.55	9.56
647.75	5.46
647.94	4.13
648.14	4.82
648.33	3.86
648.53	8.43
648.73	2.63
648.92	1.13
649.12	14.44
649.32	3.52
649.51	0.92
649.71	6.62
649.90	5.36
650.10	-1.67
650.30	11.27
650.49	-0.41
650.69	9.35
650.89	7.65
651.08	4.75
651.28	9.32
651.47	10.86
651.67	13.52
651.87	10.07
652.06	5.53
652.26	10.65
652.45	9.97
652.65	9.90
652.85	-1.06
653.04	0.17
653.24	4.10
653.43	6.93
653.63	-2.76
653.83	10.17
654.02	-1.81
654.22	7.92
654.41	5.77
654.61	16.15
654.81	7.10
655.00	12.09
655.20	2.29
655.39	14.71
655.59	0.96
655.78	7.92
655.98	12.77
656.18	9.01
656.37	12.49
656.57	10.72
656.76	-1.77
656.96	5.16
657.15	-9.55
657.35	0.99
657.55	4.85
657.74	11.98
657.94	-3.04
658.13	1.27
658.33	4.88
658.52	1.37
658.72	-3.17
658.91	9.39
659.11	-2.59
659.30	13.76
659.50	5.36
659.70	7.92
659.89	1.74
660.09	2.02
660.28	5.26
660.48	0.48
660.67	1.09
660.87	7.85
661.06	6.25
661.26	20.07
661.45	5.94
661.65	7.65
661.84	6.18
662.04	3.38
662.23	2.66
662.43	14.24
662.62	8.09
662.82	5.33
663.01	-0.92
663.21	7.44
663.41	9.59
663.60	7.65
663.80	3.72
663.99	3.07
664.19	3.83
664.38	10.17
664.58	11.40
664.77	5.57
664.97	0.96
665.16	9.35
665.35	1.33
665.55	-1.06
665.74	-2.63
665.94	9.15
666.13	5.26
666.33	8.71
666.52	-4.13
666.72	-0.37
666.91	5.50
667.11	15.50
667.30	1.88
667.50	9.49
667.69	9.49
667.89	3.72
668.08	-1.91
668.28	11.40
668.47	4.51
668.67	4.03
668.86	-2.52
669.05	8.40
669.25	3.72
669.44	4.00
669.64	4.27
669.83	12.09
670.03	-1.09
670.22	7.61
670.42	-0.27
670.61	9.29
670.81	8.71
671.00	4.37
671.19	3.89
671.39	-0.71
671.58	-2.86
671.78	12.94
671.97	3.55
672.17	6.86
672.36	7.14
672.55	10.92
672.75	-6.07
672.94	21.57
673.14	-3.55
673.33	17.17
673.53	10.07
673.72	8.47
673.91	6.86
674.11	14.47
674.30	-3.89
674.50	8.16
674.69	11.13
674.88	10.41
675.08	4.17
675.27	12.53
675.47	10.65
675.66	5.67
675.85	-3.82
676.05	5.19
676.24	2.36
676.44	1.61
676.63	3.86
676.82	15.57
677.02	9.05
677.21	2.60
677.41	-0.17
677.60	8.84
677.79	3.72
677.99	1.91
678.18	5.22
678.37	6.08
678.57	-1.70
678.76	4.88
678.96	-3.58
679.15	13.83
679.34	9.87
679.54	3.01
679.73	5.84
679.92	16.52
680.12	3.76
680.31	3.21
680.51	11.20
680.70	12.19
680.89	1.67
681.09	4.78
681.28	5.22
681.47	4.78
681.67	-1.74
681.86	10.69
682.05	1.78
682.25	-1.29
682.44	8.40
682.63	-2.42
682.83	9.08
683.02	6.35
683.21	1.71
683.41	10.82
683.60	6.79
683.79	12.02
683.99	0.75
684.18	9.66
684.37	5.26
684.57	11.33
684.76	7.48
684.95	8.71
685.15	11.27
685.34	2.08
685.53	-3.07
685.73	5.19
685.92	6.97
686.11	14.20
686.31	7.58
686.50	8.50
686.69	0.10
686.88	4.44
687.08	-3.45
687.27	2.32
687.46	10.31
687.66	6.04
687.85	6.83
688.04	3.11
688.24	1.64
688.43	5.74
688.62	1.85
688.81	4.88
689.01	4.06
689.20	10.89
689.39	6.01
689.59	-4.03
689.78	-4.91
689.97	13.08
690.16	3.38
690.36	7.55
690.55	10.11
690.74	6.39
690.93	6.79
691.13	11.33
691.32	3.42
691.51	6.69
691.70	6.93
691.90	9.22
692.09	0.45
692.28	3.93
692.48	0.38
692.67	7.00
692.86	3.52
693.05	2.63
693.25	7.07
693.44	7.20
693.63	8.64
693.82	12.36
694.01	6.79
694.21	5.63
694.40	-3.21
694.59	6.52
694.78	-7.51
694.98	-4.61
695.17	9.49
695.36	10.21
695.55	-2.39
695.75	11.30
695.94	-4.95
696.13	7.75
696.32	2.56
696.51	-0.27
696.71	6.15
696.90	-0.37
697.09	7.44
697.28	7.61
697.48	3.45
697.67	7.92
697.86	-0.34
698.05	14.30
698.24	3.76
698.44	11.10
698.63	8.40
698.82	7.89
699.01	0.04
699.20	12.56
699.40	2.97
699.59	19.66
699.78	-2.52
699.97	14.82
700.16	-2.11
700.36	0.38
700.55	3.38
700.74	6.08
700.93	-5.08
701.12	8.36
701.31	2.32
701.51	9.70
701.70	5.29
701.89	5.98
702.08	12.46
702.27	7.75
702.46	-2.83
702.66	0.14
702.85	0.82
703.04	9.35
703.23	-9.96
703.42	7.51
703.61	2.87
703.81	10.89
704.00	-2.90
704.19	18.16
704.38	6.93
704.57	1.91
704.76	7.99
704.96	3.31
705.15	1.91
705.34	10.07
705.53	6.83
705.72	-2.52
705.91	10.72
706.10	1.67
706.30	-6.52
706.49	6.66
706.68	5.43
706.87	15.84
707.06	-1.91
707.25	10.17
707.44	-6.62
707.63	0.68
707.83	5.09
708.02	8.98
708.21	8.91
708.40	16.97
708.59	4.85
708.78	4.03
708.97	13.59
709.16	4.82
709.35	1.33
709.55	13.45
709.74	1.06
709.93	-4.06
710.12	1.54
710.31	10.55
710.50	3.28
710.69	6.69
710.88	-6.01
711.07	7.58
711.26	-1.84
711.46	11.95
711.65	0.07
711.84	8.30
712.03	8.77
712.22	11.44
712.41	4.68
712.60	11.37
712.79	3.52
712.98	12.94
713.17	3.96
713.36	13.72
713.55	2.53
713.75	0.79
713.94	4.58
714.13	17.72
714.32	10.82
714.51	13.28
714.70	0.65
714.89	11.16
715.08	-0.65
715.27	10.34
715.46	2.60
715.65	20.89
715.84	0.45
716.03	5.05
716.22	7.20
716.41	5.22
716.60	3.21
716.79	5.40
716.99	7.03
717.18	6.45
717.37	-2.59
717.56	4.03
717.75	-0.58
717.94	8.16
718.13	4.71
718.32	4.00
718.51	3.45
718.70	6.08
718.89	2.80
719.08	9.22
719.27	6.08
719.46	0.51
719.65	2.94
719.84	6.25
720.03	-2.86
720.22	10.52
720.41	0.79
720.60	5.98
720.79	-1.67
720.98	11.78
721.17	2.80
721.36	8.47
721.55	8.50
721.74	14.88
721.93	11.10
722.12	1.88
722.31	0.68
722.50	8.64
722.69	1.74
722.88	7.96
723.07	1.98
723.26	11.44
723.45	-2.08
723.64	-0.75
723.83	2.22
724.02	12.84
724.21	-8.80
724.40	0.51
724.59	-1.50
724.78	10.07
724.97	6.21
725.16	5.80
725.35	3.38
725.54	9.70
725.73	5.84
725.92	11.85
726.11	3.04
726.30	11.85
726.49	6.21
726.68	4.20
726.87	6.28
727.06	10.75
727.25	10.00
727.43	14.03
727.62	4.64
727.81	13.21
728.00	2.60
728.19	2.36
728.38	4.47
728.57	8.64
728.76	-3.75
728.95	11.91
729.14	0.07
729.33	5.50
729.52	6.25
729.71	11.68
729.90	2.94
730.09	6.73
730.28	0.62
730.47	3.62
730.65	-3.34
730.84	13.35
731.03	5.77
731.22	11.37
731.41	-0.92
731.60	9.12
731.79	3.21
731.98	3.59
732.17	13.01
732.36	8.40
732.55	0.96
732.74	14.10
732.92	-3.00
733.11	1.57
733.30	4.71
733.49	16.01
733.68	8.88
733.87	10.48
734.06	8.71
734.25	9.12
734.44	-0.20
734.63	9.42
734.81	7.44
735.00	8.74
735.19	4.78
735.38	7.03
735.57	0.48
735.76	6.32
735.95	4.20
736.14	11.54
736.33	3.96
736.51	8.19
736.70	0.58
736.89	0.72
737.08	0.86
737.27	14.06
737.46	10.58
737.65	-0.61
737.83	-2.39
738.02	3.42
738.21	1.30
738.40	8.16
738.59	-2.15
738.78	10.07
738.97	-5.19
739.16	6.42
739.34	-3.31
739.53	10.24
739.72	4.37
739.91	12.53
740.10	6.93
740.29	-0.30
740.47	6.52
740.66	13.28
740.85	5.36
741.04	6.52
741.23	5.63
741.42	12.46
741.60	6.79
741.79	13.89
741.98	11.16
742.17	8.40
742.36	2.19
742.55	11.78
742.73	5.53
742.92	11.57
743.11	6.28
743.30	1.03
743.49	0.92
743.68	3.28
743.86	-1.16
744.05	6.04
744.24	1.91
744.43	7.20
744.62	0.17
744.80	13.31
744.99	8.23
745.18	9.15
745.37	-2.76
745.56	5.53
745.74	3.62
745.93	6.59
746.12	0.65
746.31	15.53
746.50	8.40
746.68	8.57
746.87	1.67
747.06	15.77
747.25	-0.85
747.44	8.19
747.62	-8.02
747.81	-0.92
748.00	11.85
748.19	13.42
748.37	2.43
748.56	3.65
748.75	7.92
748.94	4.27
749.13	-0.13
749.31	4.10
749.50	-0.10
749.69	10.28
749.88	5.02
750.06	12.56
750.25	3.96
750.44	-1.06
750.63	6.18
750.81	12.73
751.00	2.02
751.19	11.51
751.38	4.75
751.56	13.59
751.75	11.91
751.94	5.74
752.13	7.65
752.31	6.32
752.50	-4.03
752.69	11.85
752.88	3.76
753.06	9.29
753.25	-5.12
753.44	5.22
753.63	8.06
753.81	8.13
754.00	-5.90
754.19	6.69
754.37	3.42
754.56	14.95
754.75	0.96
754.94	13.96
755.12	5.80
755.31	5.40
755.50	7.68
755.69	9.25
755.87	4.30
756.06	10.21
756.25	-0.07
756.43	5.16
756.62	4.41
756.81	5.84
756.99	0.65
757.18	2.84
757.37	1.40
757.56	4.68
757.74	-2.39
757.93	13.83
758.12	6.76
758.30	7.75
758.49	1.78
758.68	10.52
758.86	0.68
759.05	6.25
759.24	2.80
759.42	0.62
759.61	2.12
759.80	6.97
759.99	4.95
760.17	13.11
760.36	4.85
760.55	9.87
760.73	2.39
760.92	10.41
761.11	1.20
761.29	13.59
761.48	3.21
761.67	7.72
761.85	-5.25
762.04	9.25
762.23	0.68
762.41	6.21
762.60	6.62
762.79	0.68
762.97	10.96
763.16	12.36
763.34	13.69
763.53	6.90
763.72	-1.53
763.90	6.11
764.09	-2.28
764.28	13.04
764.46	2.56
764.65	14.75
764.84	1.71
765.02	3.93
765.21	3.52
765.40	4.78
765.58	2.66
765.77	8.36
765.95	-3.55
766.14	7.34
766.33	7.48
766.51	3.42
766.70	0.96
766.89	9.76
767.07	2.36
767.26	11.95
767.44	3.24
767.63	4.17
767.82	6.01
768.00	4.47
768.19	3.83
768.37	4.27
768.56	7.14
768.75	4.51
768.93	5.74
769.12	10.99
769.30	8.23
769.49	12.80
769.68	4.82
769.86	6.97
770.05	-7.47
770.23	9.66
770.42	0.99
770.61	-1.84
770.79	6.73
770.98	4.13
771.16	4.34
771.35	7.92
771.54	8.84
771.72	8.43
771.91	-1.36
772.09	5.63
772.28	0.14
772.46	6.83
772.65	-8.50
772.84	-10.10
773.02	-5.73
773.21	8.84
773.39	-2.66
773.58	12.36
773.76	2.56
773.95	10.00
774.13	-2.76
774.32	18.78
774.51	4.92
774.69	8.30
774.88	-2.08
775.06	14.82
775.25	7.75
775.43	3.83
775.62	4.51
775.80	3.96
775.99	3.86
776.18	7.31
776.36	5.74
776.55	8.26
776.73	-3.55
776.92	10.75
777.10	7.31
777.29	3.28
777.47	0.48
777.66	9.46
777.84	6.59
778.03	11.85
778.21	4.75
778.40	6.45
778.58	2.63
778.77	15.67
778.95	3.86
779.14	11.74
779.33	-0.03
779.51	7.78
779.70	-0.51
779.88	8.64
780.07	1.20
780.25	13.89
780.44	-3.27
780.62	0.62
780.81	-0.44
780.99	1.23
781.18	5.05
781.36	-3.21
781.55	5.22
781.73	13.66
781.92	5.80
782.10	12.26
782.29	9.66
782.47	2.19
782.66	3.45
782.84	8.40
783.03	-0.99
783.21	5.74
783.39	10.28
783.58	5.87
783.76	5.22
783.95	15.36
784.13	-3.21
784.32	2.66
784.50	10.92
784.69	7.51
784.87	7.27
785.06	8.91
785.24	1.67
785.43	4.54
785.61	3.65
785.80	14.06
785.98	4.75
786.17	5.22
786.35	-1.60
786.53	10.99
786.72	3.96
786.90	5.67
787.09	4.58
787.27	12.53
787.46	2.94
787.64	4.47
787.83	-3.10
788.01	10.34
788.19	2.32
788.38	9.12
788.56	9.32
788.75	4.61
788.93	-5.83
789.12	2.94
789.30	7.24
789.49	11.13
789.67	-7.20
789.85	13.35
790.04	-2.76
790.22	15.02
790.41	-4.50
790.59	11.68
790.77	7.96
790.96	-3.68
791.14	4.75
791.33	8.81
791.51	1.47
791.70	7.89
791.88	3.42
792.06	4.85
792.25	8.81
792.43	10.34
792.62	5.98
792.80	11.30
792.98	0.10
793.17	2.77
793.35	0.62
793.54	7.17
793.72	7.72
793.90	9.15
794.09	5.91
794.27	11.78
794.46	3.83
794.64	16.66
794.82	3.76
795.01	3.14
795.19	1.23
795.37	5.26
795.56	3.01
795.74	5.09
795.93	10.04
796.11	8.71
796.29	-0.27
796.48	10.31
796.66	-4.23
796.84	10.52
797.03	1.91
797.21	5.02
797.40	5.87
797.58	7.51
797.76	4.61
797.95	7.96
798.13	-2.32
798.31	3.21
798.50	7.61
798.68	10.04
798.86	-3.04
799.05	10.65
799.23	10.72
799.42	2.05
799.60	5.36
799.78	10.65
799.97	2.90
800.15	1.71
800.33	4.13
800.52	12.46
800.70	1.03
800.88	8.98
801.07	7.96
801.25	11.88
801.43	2.97
801.62	8.91
801.80	-0.24
801.98	9.70
802.17	11.03
802.35	17.85
802.53	-1.29
802.72	15.02
802.90	6.76
803.08	1.85
803.26	-2.56
803.45	7.31
803.63	3.31
803.81	9.01
804.00	8.74
804.18	8.16
804.36	3.59
804.55	3.52
804.73	9.59
804.91	7.55
805.10	4.64
805.28	8.02
805.46	-1.23
805.64	5.77
805.83	2.70
806.01	5.57
806.19	-0.07
806.38	13.86
806.56	5.57
806.74	8.09
806.92	6.11
807.11	9.56
807.29	-2.93
807.47	8.09
807.66	6.66
807.84	13.66
808.02	4.78
808.20	2.60
808.39	-0.44
808.57	17.55
808.75	-1.47
808.94	10.45
809.12	2.70
809.30	3.48
809.48	4.20
809.67	7.78
809.85	-0.34
810.03	6.01
810.21	11.88
810.40	7.20
810.58	0.24
810.76	4.30
810.94	9.12
811.13	6.52
811.31	4.44
811.49	1.88
811.67	7.68
811.86	5.87
812.04	0.28
812.22	8.84
812.40	4.95
812.59	9.97
812.77	3.83
812.95	-0.85
813.13	3.07
813.32	13.59
813.50	7.00
813.68	13.66
813.86	3.42
814.04	7.00
814.23	3.65
814.41	6.73
814.59	5.67
814.77	0.04
814.96	7.51
815.14	4.71
815.32	-2.28
815.50	5.05
815.68	-1.09
815.87	11.68
816.05	6.35
816.23	7.37
816.41	3.07
816.59	3.21
816.78	-10.00
816.96	6.49
817.14	-3.58
817.32	10.21
817.50	5.16
817.69	10.55
817.87	-1.36
818.05	1.03
818.23	-0.78
818.41	11.64
818.60	4.82
818.78	4.51
818.96	2.77
819.14	13.25
819.32	1.13
819.51	6.45
819.69	2.43
819.87	2.05
820.05	5.98
820.23	1.40
820.41	3.18
820.60	12.05
820.78	3.59
820.96	5.84
821.14	-1.60
821.32	5.09
821.50	1.74
821.69	7.20
821.87	2.32
822.05	11.88
822.23	1.98
822.41	2.84
822.59	6.18
822.78	4.64
822.96	0.14
823.14	10.24
823.32	6.35
823.50	1.03
823.68	11.40
823.86	8.50
824.05	2.60
824.23	11.74
824.41	14.95
824.59	14.30
824.77	-2.35
824.95	8.60
825.13	1.47
825.32	10.14
825.50	3.04
825.68	10.96
825.86	-1.06
826.04	6.08
826.22	-0.99
826.40	4.54
826.58	-0.37
826.77	8.23
826.95	3.86
827.13	10.31
827.31	0.68
827.49	4.78
827.67	-0.10
827.85	5.36
828.03	1.64
828.22	4.95
828.40	5.77
828.58	6.11
828.76	3.93
828.94	8.91
829.12	0.68
829.30	6.69
829.48	1.71
829.66	4.23
829.84	1.74
830.03	6.69
830.21	-0.51
830.39	-1.57
830.57	1.09
830.75	5.84
830.93	-5.12
831.11	13.72
831.29	-2.49
831.47	13.08
831.65	-3.38
831.83	8.60
832.02	3.83
832.20	6.62
832.38	3.72
832.56	11.57
832.74	2.90
832.92	7.55
833.10	13.14
833.28	14.75
833.46	7.34
833.64	9.22
833.82	6.79
834.00	6.35
834.18	3.55
834.36	9.53
834.54	3.83
834.73	10.65
834.91	-0.68
835.09	13.48
835.27	-6.76
835.45	4.61
835.63	-3.65
835.81	3.72
835.99	4.47
836.17	8.02
836.35	0.21
836.53	6.73
836.71	6.21
836.89	4.58
837.07	11.91
837.25	4.34
837.43	1.71
837.61	8.13
837.79	3.18
837.97	7.75
838.15	8.67
838.33	3.52
838.51	7.14
838.69	3.62
838.87	7.58
839.05	4.47
839.23	5.19
839.41	3.14
839.59	4.47
839.78	2.53
839.96	4.00
840.14	8.95
840.32	-0.20
840.50	5.46
840.68	3.62
840.86	-0.48
841.04	4.20
841.22	1.88
841.40	-3.04
841.58	15.29
841.76	-2.66
841.94	5.05
842.12	6.56
842.30	6.45
842.48	2.60
842.66	8.71
842.84	5.19
843.02	13.79
843.20	4.00
843.38	13.28
843.55	0.96
843.73	15.29
843.91	8.23
844.09	7.61
844.27	7.07
844.45	8.57
844.63	-4.40
844.81	-1.06
844.99	-0.85
845.17	16.01
845.35	11.10
845.53	11.74
845.71	-3.72
845.89	1.91
846.07	3.86
846.25	8.19
846.43	5.60
846.61	14.99
846.79	7.20
846.97	3.24
847.15	-2.28
847.33	11.10
847.51	3.69
847.69	8.06
847.87	-0.71
848.05	13.66
848.23	-0.58
848.41	5.67
848.58	-2.22
848.76	12.46
848.94	4.95
849.12	9.01
849.30	-0.27
849.48	11.57
849.66	4.64
849.84	3.35
850.02	6.08
850.20	7.00
850.38	-2.42
850.56	11.44
850.74	1.98
850.92	5.94
851.10	1.37
851.27	3.28
851.45	5.36
851.63	5.53
851.81	12.32
851.99	12.49
852.17	3.96
852.35	6.01
852.53	1.27
852.71	11.71
852.89	3.21
853.07	12.60
853.24	1.09
853.42	4.99
853.60	6.56
853.78	13.01
853.96	0.55
854.14	5.12
854.32	0.14
854.50	10.24
854.68	5.57
854.86	12.73
855.03	0.21
855.21	18.98
855.39	-4.16
855.57	6.21
855.75	2.56
855.93	6.32
856.11	-1.91
856.29	5.19
856.47	1.85
856.64	5.19
856.82	-0.75
857.00	7.78
857.18	-1.06
857.36	6.11
857.54	-1.36
857.72	11.20
857.90	9.73
858.07	-0.68
858.25	6.49
858.43	1.91
858.61	2.63
858.79	-1.64
858.97	7.96
859.15	12.80
859.32	0.00
859.50	14.51
859.68	5.80
859.86	9.46
860.04	7.68
860.22	3.65
860.40	3.86
860.57	-2.32
860.75	1.37
860.93	3.35
861.11	4.99
861.29	12.05
861.47	-4.78
861.64	8.30
861.82	1.30
862.00	9.76
862.18	4.30
862.36	6.76
862.54	3.93
862.71	9.35
862.89	-1.16
863.07	11.13
863.25	0.10
863.43	3.96
863.61	6.15
863.78	2.63
863.96	-2.28
864.14	4.10
864.32	3.01
864.50	7.03
864.67	-2.86
864.85	10.00
865.03	0.34
865.21	5.98
865.39	16.15
865.57	6.15
865.74	0.07
865.92	5.40
866.10	1.30
866.28	-0.17
866.46	-0.37
866.63	7.82
866.81	12.90
866.99	5.67
867.17	1.64
867.34	9.39
867.52	3.21
867.70	3.07
867.88	4.27
868.06	8.64
868.23	4.58
868.41	2.08
868.59	3.31
868.77	10.07
868.95	-5.70
869.12	8.13
869.30	-0.58
869.48	4.44
869.66	-3.17
869.83	12.84
870.01	8.67
870.19	4.51
870.37	-0.82
870.55	8.81
870.72	-5.70
870.90	4.78
871.08	5.43
871.26	6.93
871.43	-4.20
871.61	4.30
871.79	2.49
871.97	2.39
872.14	9.87
872.32	-1.33
872.50	3.65
872.68	10.69
872.85	-4.98
873.03	11.64
873.21	7.48
873.39	13.25
873.56	-7.51
873.74	9.18
873.92	3.21
874.10	4.92
874.27	6.90
874.45	14.68
874.63	-1.16
874.80	14.85
874.98	7.27
875.16	8.57
875.34	-1.40
875.51	13.04
875.69	6.15
875.87	9.05
876.05	-1.33
876.22	8.43
876.40	2.90
876.58	6.28
876.75	-5.36
876.93	8.19
877.11	-7.75
877.29	7.58
877.46	5.12
877.64	5.02
877.82	-2.42
877.99	5.70
878.17	3.86
878.35	6.45
878.52	2.49
878.70	8.19
878.88	3.35
879.06	12.63
879.23	-1.19
879.41	4.44
879.59	1.16
879.76	11.81
879.94	4.54
880.12	13.11
880.29	-0.10
880.47	8.13
880.65	-2.52
880.82	10.41
881.00	0.55
881.18	6.21
881.36	0.89
881.53	10.34
881.71	3.86
881.89	6.08
882.06	-3.82
882.24	8.40
882.42	-0.78
882.59	9.25
882.77	4.44
882.95	3.21
883.12	0.00
883.30	2.77
883.48	-1.26
883.65	13.83
883.83	7.96
884.01	1.64
884.18	-0.37
884.36	8.26
884.54	1.44
884.71	4.71
884.89	0.24
885.06	11.33
885.24	2.97
885.42	13.72
885.59	-0.92
885.77	9.25
885.95	0.96
886.12	0.21
886.30	-0.65
886.48	10.48
886.65	6.59
886.83	5.57
887.01	1.03
887.18	7.85
887.36	10.52
887.53	6.66
887.71	-6.21
887.89	4.75
888.06	7.31
888.24	8.67
888.42	-1.23
888.59	0.24
888.77	11.54
888.94	5.50
889.12	0.68
889.30	2.32
889.47	4.92
889.65	-0.78
889.82	-6.45
890.00	5.67
890.18	6.28
890.35	6.52
890.53	-2.01
890.71	16.11
890.88	2.90
891.06	5.84
891.23	-5.46
891.41	5.29
891.59	-3.45
891.76	4.34
891.94	6.52
892.11	11.71
892.29	1.16
892.46	14.47
892.64	-0.68
892.82	8.23
892.99	-2.25
893.17	4.34
893.34	0.45
893.52	6.62
893.70	-5.77
893.87	20.31
894.05	-0.48
894.22	10.11
894.40	5.19
894.57	2.46
894.75	6.90
894.93	14.00
895.10	2.84
895.28	11.71
895.45	7.68
895.63	7.82
895.80	6.97
895.98	-3.41
896.16	5.80
896.33	4.92
896.51	9.35
896.68	7.20
896.86	4.85
897.03	18.64
897.21	4.68
897.38	7.72
897.56	-2.73
897.74	7.31
897.91	6.59
898.09	-0.10
898.26	-1.91
898.44	5.87
898.61	8.91
898.79	4.99
898.96	3.76
899.14	11.40
899.31	8.33
899.49	10.72
899.67	0.86
899.84	11.16
900.02	-2.59
900.19	3.76
900.37	2.22
900.54	10.45
900.72	12.46
900.89	8.33
901.07	-4.54
901.24	6.04
901.42	11.78
901.59	8.95
901.77	-6.79
901.94	11.40
902.12	5.94
902.29	6.73
902.47	-0.44
902.64	8.16
902.82	-2.49
902.99	14.00
903.17	0.96
903.34	5.16
903.52	-2.56
903.69	8.26
903.87	-3.55
904.04	2.39
904.22	3.07
904.39	12.70
904.57	2.84
904.74	8.91
904.92	-1.26
905.09	15.23
905.27	-3.82
905.44	7.92
905.62	-3.72
905.79	3.52
905.97	4.20
906.14	5.19
906.32	4.41
906.49	12.73
906.67	0.45
906.84	4.64
907.02	3.04
907.19	2.53
907.37	7.68
907.54	8.81
907.72	3.31
907.89	3.35
908.06	8.02
908.24	1.16
908.41	4.88
908.59	-4.13
908.76	0.34
908.94	6.04
909.11	0.48
909.29	3.62
909.46	-0.13
909.64	3.38
909.81	9.63
909.99	10.58
910.16	2.66
910.33	4.44
910.51	3.79
910.68	6.39
910.86	3.01
911.03	7.00
911.21	7.24
911.38	11.98
911.56	3.65
911.73	5.80
911.90	3.04
912.08	3.83
912.25	2.08
912.43	13.72
912.60	2.94
912.78	4.34
912.95	-0.65
913.12	4.92
913.30	4.78
913.47	8.98
913.65	2.36
913.82	10.55
914.00	-0.82
914.17	9.39
914.34	1.33
914.52	0.51
914.69	5.60
914.87	7.17
915.04	2.12
915.21	8.23
915.39	4.30
915.56	4.88
915.74	5.05
915.91	3.24
916.08	6.83
916.26	3.72
916.43	-2.80
916.61	7.96
916.78	-2.93
916.95	-1.53
917.13	10.65
917.30	6.32
917.48	-8.60
917.65	1.44
917.82	-5.32
918.00	8.33
918.17	3.62
918.35	10.41
918.52	4.88
918.69	-3.48
918.87	4.37
919.04	3.76
919.22	-4.40
919.39	-3.04
919.56	1.81
919.74	11.27
919.91	-5.25
920.08	1.30
920.26	-0.85
920.43	9.01
920.61	-3.72
920.78	8.26
920.95	6.21
921.13	8.71
921.30	2.19
921.47	6.56
921.65	8.43
921.82	4.68
921.99	6.42
922.17	0.82
922.34	3.65
922.51	0.07
922.69	-4.54
922.86	10.21
923.04	-4.43
923.21	-1.26
923.38	14.27
923.56	3.65
923.73	-0.58
923.90	10.69
924.08	4.03
924.25	7.58
924.42	1.64
924.60	1.85
924.77	0.82
924.94	9.25
925.12	4.23
925.29	7.68
925.46	1.09
925.64	9.80
925.81	3.01
925.98	13.01
926.16	2.90
926.33	9.18
926.50	2.66
926.68	8.47
926.85	2.22
927.02	-3.62
927.19	6.15
927.37	13.76
927.54	0.92
927.71	4.78
927.89	-4.78
928.06	11.91
928.23	8.13
928.41	7.58
928.58	3.52
928.75	3.45
928.93	6.52
929.10	9.22
929.27	4.44
929.44	3.28
929.62	7.58
929.79	11.03
929.96	1.81
930.14	11.61
930.31	-3.41
930.48	14.58
930.66	-0.61
930.83	0.00
931.00	3.45
931.17	9.97
931.35	-6.21
931.52	7.85
931.69	-4.16
931.87	-4.16
932.04	1.71
932.21	16.32
932.38	4.30
932.56	6.01
932.73	4.95
932.90	1.03
933.07	-1.91
933.25	10.72
933.42	0.75
933.59	6.52
933.77	0.51
933.94	7.27
934.11	6.08
934.28	6.66
934.46	2.05
934.63	11.74
934.80	-0.13
934.97	-4.61
935.15	-4.13
935.32	7.89
935.49	0.17
935.66	7.99
935.84	1.40
936.01	2.73
936.18	1.23
936.35	6.69
936.53	10.41
936.70	9.39
936.87	-4.47
937.04	0.07
937.22	6.97
937.39	10.89
937.56	-1.81
937.73	8.88
937.91	4.30
938.08	6.83
938.25	8.30
938.42	7.00
938.59	6.21
938.77	16.90
938.94	1.91
939.11	9.29
939.28	0.00
939.46	-1.33
939.63	4.51
939.80	2.66
939.97	10.00
940.14	3.59
940.32	-4.74
940.49	-0.92
940.66	-5.70
940.83	6.42
941.00	-2.80
941.18	10.24
941.35	-3.82
941.52	6.28
941.69	-0.27
941.87	11.64
942.04	9.46
942.21	5.02
942.38	0.24
942.55	12.43
942.73	0.17
942.90	3.01
943.07	0.31
943.24	17.48
943.41	2.80
943.58	13.08
943.76	-3.85
943.93	0.89
944.10	2.80
944.27	6.59
944.44	-1.36
944.62	6.56
944.79	4.61
944.96	3.11
945.13	5.33
945.30	2.29
945.47	-0.17
945.65	6.08
945.82	1.30
945.99	11.57
946.16	8.50
946.33	7.68
946.50	-0.61
946.68	5.16
946.85	3.45
947.02	11.74
947.19	3.69
947.36	11.95
947.53	0.96
947.71	11.37
947.88	-0.58
948.05	-3.14
948.22	-2.28
948.39	-9.62
948.56	-0.44
948.74	-5.97
948.91	1.37
949.08	12.84
949.25	6.42
949.42	9.22
949.59	5.91
949.76	5.12
949.94	6.08
950.11	11.71
950.28	3.62
950.45	8.47
950.62	7.61
950.79	4.30
950.96	7.07
951.14	8.30
951.31	-7.92
951.48	7.75
951.65	9.80
951.82	9.56
951.99	-2.86
952.16	10.58
952.33	8.36
952.51	10.99
952.68	3.18
952.85	9.90
953.02	-2.76
953.19	8.98
953.36	3.72
953.53	4.17
953.70	-7.85
953.87	1.71
954.05	1.64
954.22	10.28
954.39	0.65
954.56	4.06
954.73	-4.74
954.90	5.50
955.07	2.08
955.24	3.59
955.41	-2.63
955.58	6.86
955.76	3.62
955.93	2.60
956.10	-0.75
956.27	10.45
956.44	4.64
956.61	6.15
956.78	0.38
956.95	14.17
957.12	10.28
957.29	0.07
957.46	-0.41
957.64	10.28
957.81	0.65
957.98	1.85
958.15	7.14
958.32	12.15
958.49	-0.34
958.66	4.13
958.83	9.15
959.00	14.58
959.17	3.38
959.34	-0.92
959.51	-5.19
959.68	1.91
959.85	0.45
960.03	4.41
960.20	1.27
960.37	5.22
960.54	5.60
960.71	11.68
960.88	4.95
961.05	1.61
961.22	-0.54
961.39	2.46
961.56	1.85
961.73	4.75
961.90	2.53
962.07	5.29
962.24	11.61
962.41	11.10
962.58	0.45
962.75	1.85
962.92	2.66
963.09	6.59
963.26	9.83
963.44	8.54
963.61	7.99
963.78	9.25
963.95	-1.12
964.12	12.94
964.29	4.61
964.46	7.99
964.63	6.35
964.80	10.62
964.97	4.99
965.14	14.88
965.31	1.85
965.48	4.92
965.65	3.76
965.82	5.12
965.99	1.20
966.16	3.35
966.33	3.62
966.50	8.09
966.67	4.23
966.84	10.04
967.01	4.88
967.18	8.33
967.35	7.96
967.52	5.16
967.69	2.29
967.86	0.82
968.03	4.37
968.20	8.02
968.37	1.81
968.54	16.22
968.71	3.76
968.88	6.83
969.05	3.96
969.22	8.50
969.39	-1.84
969.56	13.31
969.73	9.87
969.90	12.46
970.07	2.22
970.24	8.40
970.41	2.80
970.58	3.83
970.75	1.27
970.92	7.03
971.09	4.68
971.26	1.27
971.43	3.42
971.60	0.38
971.77	0.48
971.94	6.66
972.11	-0.24
972.28	13.14
972.45	-3.45
972.62	6.97
972.79	2.97
972.96	0.72
973.12	2.02
973.29	7.44
973.46	0.51
973.63	12.05
973.80	4.00
973.97	12.84
974.14	0.79
974.31	9.42
974.48	-3.04
974.65	10.75
974.82	2.94
974.99	8.91
975.16	5.91
975.33	11.10
975.50	1.33
975.67	15.77
975.84	0.72
976.01	4.92
976.18	0.86
976.35	6.49
976.51	-0.75
976.68	-0.41
976.85	3.93
977.02	8.81
977.19	6.01
977.36	0.58
977.53	0.92
977.70	9.29
977.87	4.37
978.04	7.31
978.21	10.62
978.38	9.97
978.55	1.74
978.72	1.09
978.88	2.43
979.05	5.09
979.22	-1.06
979.39	4.03
979.56	4.27
979.73	6.15
979.90	2.63
980.07	8.36
980.24	7.58
980.41	7.72
980.58	9.46
980.75	7.31
980.91	-2.83
981.08	9.25
981.25	5.19
981.42	8.13
981.59	2.39
981.76	4.27
981.93	-1.09
982.10	6.97
982.27	4.17
982.44	8.64
982.60	-5.73
982.77	9.73
982.94	1.91
983.11	11.78
983.28	-0.51
983.45	11.23
983.62	4.20
983.79	10.41
983.95	-1.06
984.12	11.37
984.29	-3.75
984.46	5.91
984.63	1.98
984.80	9.56
984.97	6.18
985.14	10.99
985.30	5.09
985.47	5.98
985.64	1.54
985.81	4.78
985.98	-0.71
986.15	13.25
986.32	-2.46
986.49	2.39
986.65	3.07
986.82	9.56
986.99	7.58
987.16	13.01
987.33	-1.47
987.50	6.59
987.67	6.62
987.83	13.55
988.00	2.32
988.17	7.03
988.34	-4.78
988.51	2.84
988.68	3.11
988.84	11.13
989.01	0.79
989.18	14.00
989.35	10.75
989.52	8.23
989.69	-1.64
989.86	7.48
990.02	-2.25
990.19	4.68
990.36	-2.42
990.53	5.91
990.70	1.50
990.87	7.00
991.03	-5.12
991.20	5.98
991.37	8.98
991.54	9.15
991.71	5.22
991.87	11.23
992.04	6.69
992.21	13.42
992.38	9.08
992.55	9.25
992.72	2.70
992.88	10.34
993.05	-1.84
993.22	6.56
993.39	-0.10
993.56	3.69
993.72	2.15
993.89	10.65
994.06	4.00
994.23	4.58
994.40	7.37
994.56	7.00
994.73	-8.22
994.90	9.08
995.07	10.21
995.24	4.95
995.40	13.48
995.57	10.31
995.74	-0.65
995.91	6.86
996.08	-3.51
996.24	7.68
996.41	2.32
996.58	8.40
996.75	-5.46
996.92	9.90
997.08	0.28
997.25	7.78
997.42	-1.98
997.59	-0.58
997.75	4.37
997.92	6.49
998.09	1.47
998.26	2.15
998.43	-2.25
998.59	12.67
998.76	3.86
998.93	5.02
999.10	-3.85
999.26	13.72
999.43	1.74
999.60	10.34
999.77	-1.40
999.93	6.01
1000.10	-9.35
1000.27	13.35
1000.44	5.87
1000.60	-1.36
1000.77	5.74
1000.94	7.48
1001.11	5.70
1001.28	3.35
1001.44	-0.61
1001.61	2.39
1001.78	1.16
1001.95	0.82
1002.11	0.38
1002.28	14.75
1002.45	8.33
1002.61	11.51
1002.78	-3.89
1002.95	5.91
1003.12	5.57
1003.28	6.79
1003.45	1.23
1003.62	8.36
1003.79	7.82
1003.95	5.87
1004.12	7.41
1004.29	-0.71
1004.46	-6.89
1004.62	6.35
1004.79	-3.55
1004.96	4.99
1005.12	4.17
1005.29	10.52
1005.46	4.58
1005.63	11.20
1005.79	5.98
1005.96	-3.21
1006.13	1.47
1006.29	9.76
1006.46	4.30
1006.63	13.45
1006.80	7.48
1006.96	11.71
1007.13	-4.16
1007.30	8.40
1007.46	5.50
1007.63	5.57
1007.80	2.66
1007.97	10.86
1008.13	5.02
1008.30	10.48
1008.47	-4.40
1008.63	10.55
1008.80	8.50
1008.97	10.79
1009.13	-0.17
1009.30	4.13
1009.47	-1.40
1009.64	5.77
1009.80	-4.03
1009.97	11.91
1010.14	-1.84
1010.30	7.51
1010.47	7.17
1010.64	14.37
1010.80	-2.08
1010.97	1.09
1011.14	1.54
1011.30	7.48
1011.47	-0.37
1011.64	3.42
1011.80	8.47
1011.97	6.11
1012.14	5.36
1012.30	0.45
1012.47	7.00
1012.64	8.71
1012.80	2.87
1012.97	4.85
1013.14	-0.51
1013.30	3.52
1013.47	6.69
1013.64	10.99
1013.80	-6.04
1013.97	6.35
1014.14	-0.41
1014.30	7.82
1014.47	-5.05
1014.64	2.94
1014.80	-1.98
1014.97	-2.80
1015.14	0.51
1015.30	11.85
1015.47	6.52
1015.64	1.30
1015.80	-1.70
1015.97	5.87
1016.13	3.65
1016.30	9.56
1016.47	9.35
1016.63	5.36
1016.80	8.88
1016.97	7.31
1017.13	4.99
1017.30	12.29
1017.47	-1.94
1017.63	16.49
1017.80	4.06
1017.96	8.74
1018.13	3.42
1018.30	12.39
1018.46	1.23
1018.63	9.53
1018.80	5.50
1018.96	0.38
1019.13	8.43
1019.29	12.09
1019.46	7.24
1019.63	9.80
1019.79	-2.97
1019.96	11.57
1020.13	0.34
1020.29	9.97
1020.46	8.71
1020.62	11.91
1020.79	1.37
1020.96	5.57
1021.12	6.52
1021.29	9.35
1021.45	-2.25
1021.62	5.98
1021.79	6.49
1021.95	17.03
1022.12	2.22
1022.28	12.80
1022.45	6.56
1022.62	14.41
1022.78	4.75
1022.95	11.40
1023.11	-0.78
1023.28	2.87
1023.45	-3.75
1023.61	17.58
1023.78	2.36
1023.94	7.92
1024.11	1.47
1024.27	7.85
1024.44	4.85
1024.61	11.37
1024.77	3.28
1024.94	-1.53
1025.10	-0.37
1025.27	8.13
1025.43	-5.77
1025.60	19.18
1025.77	-5.90
1025.93	9.53
1026.10	6.73
1026.26	7.27
1026.43	7.14
1026.59	5.77
1026.76	0.31
1026.93	6.04
1027.09	4.51
1027.26	19.53
1027.42	12.73
1027.59	8.98
1027.75	9.12
1027.92	5.09
1028.08	3.01
1028.25	12.12
1028.42	10.65
1028.58	12.36
1028.75	-4.61
1028.91	8.88
1029.08	10.86
1029.24	10.79
1029.41	5.05
1029.57	6.39
1029.74	2.05
1029.91	7.07
1030.07	-0.17
1030.24	2.39
1030.40	0.58
1030.57	8.33
1030.73	1.20
1030.90	7.17
1031.06	8.09
1031.23	16.22
1031.39	1.88
1031.56	7.72
1031.72	10.31
1031.89	-0.54
1032.05	-2.63
1032.22	9.97
1032.38	3.96
1032.55	7.92
1032.72	1.27
1032.88	12.63
1033.05	5.60
1033.21	10.28
1033.38	-0.27
1033.54	6.18
1033.71	16.04
1033.87	7.85
1034.04	0.62
1034.20	5.94
1034.37	3.07
1034.53	6.73
1034.70	-3.92
1034.86	10.72
1035.03	1.95
1035.19	5.12
1035.36	3.48
1035.52	9.05
1035.69	6.28
1035.85	10.14
1036.02	3.72
1036.18	-1.77
1036.35	16.52
1036.51	12.36
1036.68	3.76
1036.84	0.79
1037.01	-4.95
1037.17	7.92
1037.34	0.48
1037.50	7.31
1037.67	2.66
