File Dati SpectraSuite
++++++++++++++++++++++++++++++++++++
Data: Mon Feb 25 16:33:16 CET 2019
Utente: Studente
Spettro Scuro Presente: Si
Spettro di Riferimento Presente: No
Numero di Componenti Spettri Campionati: 1
Spettrometri: USB4F01341
Tempo di integrazione (usec): 400000 (USB4F01341)
Media Spettri: 10 (USB4F01341)
Appiattimento Boxcar: 0 (USB4F01341)
Correggi Oscurità Elettronica: Si (USB4F01341)
Strobo/Lampada Abilitato: No (USB4F01341)
Correct for Detector Non-linearity: No (USB4F01341)
Correggi Stray Light: No (USB4F01341)
Numero di Pixel nello Spettro Elaborato: 3648
>>>>>Comincia Dati dello Spettro Elaborati<<<<<
337,57	-198,37
337,79	-198,37
338,02	-198,37
338,24	-190,59
338,47	-195,50
338,69	166,78
338,92	159,00
339,14	217,37
339,36	412,75
339,59	311,37
339,81	152,86
340,04	351,72
340,26	397,39
340,49	232,32
340,71	313,42
340,93	345,37
341,16	292,53
341,38	151,83
341,61	231,70
341,83	521,70
342,05	335,74
342,28	287,20
342,50	311,99
342,73	246,65
342,95	467,02
343,17	197,30
343,40	212,25
343,62	202,42
343,85	311,17
344,07	147,53
344,29	203,24
344,52	170,68
344,74	365,03
344,97	174,36
345,19	172,11
345,41	328,78
345,64	237,03
345,86	387,15
346,08	274,71
346,31	148,15
346,53	119,89
346,76	235,19
346,98	412,13
347,20	414,18
347,43	235,39
347,65	226,79
347,87	306,87
348,10	254,44
348,32	389,81
348,54	327,34
348,77	263,86
348,99	387,15
349,21	379,98
349,44	263,65
349,66	282,90
349,88	286,18
350,11	294,78
350,33	240,92
350,55	380,18
350,78	239,69
351,00	588,05
351,22	340,86
351,45	176,61
351,67	265,50
351,89	234,78
352,12	141,18
352,34	323,66
352,56	277,17
352,79	246,86
353,01	221,26
353,23	255,26
353,45	411,31
353,68	458,01
353,90	342,91
354,12	260,99
354,35	288,23
354,57	364,62
354,79	302,15
355,01	376,50
355,24	244,61
355,46	435,68
355,68	127,05
355,91	378,54
356,13	321,00
356,35	201,60
356,57	323,04
356,80	123,57
357,02	155,32
357,24	218,80
357,46	277,99
357,69	280,86
357,91	380,39
358,13	241,53
358,35	237,64
358,58	290,69
358,80	253,00
359,02	407,63
359,24	268,36
359,47	388,37
359,69	356,84
359,91	136,47
360,13	369,74
360,36	187,06
360,58	382,64
360,80	188,08
361,02	208,15
361,25	362,37
361,47	385,30
361,69	476,44
361,91	287,61
362,13	201,39
362,36	534,19
362,58	253,62
362,80	291,91
363,02	219,83
363,25	399,02
363,47	285,77
363,69	319,56
363,91	592,15
364,13	341,68
364,36	262,42
364,58	188,29
364,80	229,86
365,02	488,32
365,24	244,40
365,47	113,33
365,69	162,48
365,91	193,82
366,13	278,40
366,35	171,90
366,57	240,31
366,80	264,27
367,02	346,60
367,24	284,95
367,46	373,63
367,68	390,22
367,90	345,37
368,13	383,46
368,35	299,90
368,57	550,57
368,79	421,55
369,01	429,54
369,23	227,81
369,46	317,92
369,68	315,06
369,90	208,77
370,12	359,50
370,34	217,57
370,56	448,38
370,78	209,59
371,01	318,33
371,23	310,35
371,45	334,72
371,67	259,56
371,89	360,52
372,11	508,18
372,33	182,96
372,56	352,33
372,78	413,77
373,00	389,81
373,22	334,51
373,44	294,58
373,66	280,86
373,88	230,07
374,10	218,60
374,32	222,69
374,55	304,82
374,77	242,35
374,99	380,80
375,21	197,30
375,43	333,08
375,65	315,06
375,87	362,37
376,09	351,10
376,31	244,61
376,53	257,92
376,75	300,72
376,98	355,20
377,20	362,16
377,42	278,40
377,64	178,05
377,86	289,25
378,08	259,35
378,30	327,14
378,52	288,02
378,74	338,40
378,96	292,94
379,18	325,09
379,40	429,54
379,62	359,70
379,84	194,64
380,07	580,06
380,29	293,35
380,51	149,58
380,73	398,41
380,95	237,44
381,17	304,61
381,39	238,67
381,61	175,39
381,83	351,51
382,05	285,36
382,27	164,94
382,49	315,06
382,71	143,23
382,93	350,08
383,15	373,01
383,37	219,83
383,59	317,92
383,81	449,61
384,03	153,68
384,25	221,87
384,47	209,18
384,69	308,91
384,91	178,25
385,13	390,42
385,35	308,91
385,57	538,29
385,79	262,01
386,01	97,56
386,23	221,87
386,45	337,58
386,67	179,28
386,89	255,67
387,11	404,76
387,33	328,16
387,55	308,91
387,77	334,72
387,99	298,88
388,21	185,42
388,43	270,82
388,65	288,02
388,87	259,76
389,09	264,27
389,31	409,67
389,53	226,38
389,75	398,20
389,97	215,53
390,19	389,81
390,41	214,71
390,63	281,88
390,85	267,13
391,07	342,50
391,29	437,73
391,51	180,92
391,72	346,60
391,94	314,03
392,16	219,83
392,38	326,53
392,60	223,72
392,82	170,68
393,04	177,64
393,26	284,75
393,48	310,35
393,70	262,63
393,92	222,28
394,14	435,07
394,36	219,42
394,58	560,61
394,80	272,25
395,01	200,37
395,23	409,26
395,45	166,99
395,67	234,57
395,89	433,63
396,11	295,81
396,33	256,49
396,55	280,04
396,77	453,50
396,99	462,10
397,21	286,39
397,42	297,24
397,64	259,97
397,86	196,48
398,08	280,24
398,30	180,10
398,52	347,21
398,74	243,79
398,96	320,59
399,17	219,42
399,39	333,90
399,61	441,21
399,83	203,85
400,05	437,73
400,27	418,07
400,49	356,84
400,71	154,09
400,92	231,50
401,14	325,71
401,36	463,74
401,58	404,96
401,80	437,32
402,02	338,81
402,24	480,12
402,45	198,53
402,67	482,58
402,89	321,61
403,11	535,42
403,33	386,12
403,55	284,13
403,76	308,50
403,98	443,67
404,20	307,07
404,42	362,98
404,64	399,02
404,86	392,88
405,07	150,61
405,29	410,70
405,51	279,01
405,73	440,19
405,95	278,19
406,17	421,55
406,38	269,80
406,60	323,86
406,82	324,89
407,04	330,21
407,26	450,43
407,47	307,68
407,69	291,91
407,91	309,53
408,13	457,60
408,35	434,45
408,56	417,66
408,78	309,94
409,00	296,83
409,22	284,13
409,44	258,94
409,65	338,40
409,87	460,46
410,09	532,35
410,31	277,78
410,52	388,37
410,74	595,01
410,96	298,06
411,18	296,63
411,40	420,53
411,61	381,00
411,83	430,77
412,05	310,76
412,27	162,48
412,48	300,31
412,70	340,25
412,92	214,71
413,14	324,89
413,35	223,51
413,57	330,83
413,79	270,41
414,01	387,76
414,22	366,87
414,44	413,77
414,66	409,26
414,87	356,84
415,09	371,38
415,31	381,41
415,53	371,79
415,74	472,14
415,96	476,03
416,18	581,70
416,40	373,01
416,61	422,58
416,83	438,14
417,05	226,58
417,26	273,07
417,48	234,37
417,70	596,04
417,92	516,37
418,13	407,83
418,35	330,83
418,57	503,27
418,78	491,59
419,00	493,23
419,22	529,48
419,43	541,56
419,65	455,14
419,87	408,85
420,09	409,26
420,30	545,25
420,52	325,50
420,74	398,82
420,95	436,50
421,17	601,36
421,39	619,18
421,60	565,73
421,82	645,60
422,04	714,00
422,25	804,11
422,47	642,12
422,69	776,87
422,90	749,64
423,12	1214,93
423,34	1132,81
423,55	1423,62
423,77	1847,96
423,99	2263,90
424,20	3007,52
424,42	3715,91
424,64	4754,64
424,85	5512,60
425,07	7408,20
425,28	8112,49
425,50	9854,09
425,72	11245,27
425,93	12256,56
426,15	13028,23
426,37	14664,56
426,58	16470,46
426,80	17958,51
427,01	18476,03
427,23	20209,03
427,45	21178,12
427,66	20853,93
427,88	20896,12
428,10	21641,78
428,31	22538,39
428,53	22322,53
428,74	24059,00
428,96	24756,13
429,18	24510,17
429,39	23022,52
429,61	23010,65
429,82	21701,59
430,04	23523,66
430,26	22745,64
430,47	21217,65
430,69	19251,19
430,90	20016,93
431,12	18167,61
431,34	16928,59
431,55	15396,91
431,77	15363,53
431,98	12823,23
432,20	11043,75
432,41	10346,62
432,63	8860,62
432,85	7975,07
433,06	5964,79
433,28	5626,26
433,49	4167,29
433,71	3472,21
433,92	2586,46
434,14	2024,29
434,35	1441,64
434,57	1195,68
434,79	850,81
435,00	918,39
435,22	748,41
435,43	554,87
435,65	552,62
435,86	552,42
436,08	484,83
436,29	448,38
436,51	537,06
436,72	722,81
436,94	739,40
437,16	550,57
437,37	545,45
437,59	686,15
437,80	868,83
438,02	504,70
438,23	666,69
438,45	947,67
438,66	472,96
438,88	685,12
439,09	500,40
439,31	618,16
439,52	756,19
439,74	515,96
439,95	757,42
440,17	516,78
440,38	528,66
440,60	429,13
440,81	431,59
441,03	630,65
441,24	465,99
441,46	534,80
441,67	528,05
441,89	713,18
442,10	558,56
442,32	481,35
442,53	382,44
442,75	661,78
442,96	513,51
443,18	511,46
443,39	469,68
443,61	488,93
443,82	624,91
444,04	462,31
444,25	538,90
444,46	543,61
444,68	562,04
444,89	337,79
445,11	367,89
445,32	693,11
445,54	553,44
445,75	511,66
445,97	549,75
446,18	911,43
446,40	381,00
446,61	337,18
446,82	459,44
447,04	423,39
447,25	541,15
447,47	360,52
447,68	409,06
447,90	400,05
448,11	403,94
448,32	369,12
448,54	538,08
448,75	280,45
448,97	490,36
449,18	545,25
449,40	349,67
449,61	328,16
449,82	185,42
450,04	413,77
450,25	325,30
450,47	262,63
450,68	627,78
450,89	460,87
451,11	369,53
451,32	432,41
451,54	531,12
451,75	323,45
451,96	407,63
452,18	395,34
452,39	328,98
452,61	312,60
452,82	397,79
453,03	279,42
453,25	275,12
453,46	318,74
453,68	314,65
453,89	543,20
454,10	752,71
454,32	416,64
454,53	229,86
454,74	496,92
454,96	358,27
455,17	361,34
455,39	285,57
455,60	591,12
455,81	294,17
456,03	438,14
456,24	362,98
456,45	340,04
456,67	207,95
456,88	183,58
457,09	510,64
457,31	351,51
457,52	407,22
457,73	535,62
457,95	204,88
458,16	368,71
458,37	271,03
458,59	284,34
458,80	284,13
459,01	452,48
459,23	532,76
459,44	450,84
459,65	490,36
459,87	523,13
460,08	279,42
460,29	374,04
460,51	277,37
460,72	529,68
460,93	353,56
461,15	361,34
461,36	432,41
461,57	219,83
461,79	300,93
462,00	225,15
462,21	312,39
462,42	615,49
462,64	332,26
462,85	380,18
463,06	330,01
463,28	410,08
463,49	469,47
463,70	481,76
463,92	274,30
464,13	382,84
464,34	426,26
464,55	450,43
464,77	353,15
464,98	331,03
465,19	290,07
465,40	365,64
465,62	281,68
465,83	564,29
466,04	306,25
466,26	420,94
466,47	221,06
466,68	399,43
466,89	431,59
467,11	359,70
467,32	282,29
467,53	313,42
467,74	372,60
467,96	325,91
468,17	310,96
468,38	417,25
468,59	372,20
468,81	269,80
469,02	348,85
469,23	515,35
469,44	535,62
469,66	286,80
469,87	346,39
470,08	172,72
470,29	421,35
470,50	353,76
470,72	358,88
470,93	450,63
471,14	218,19
471,35	348,03
471,57	372,60
471,78	633,72
471,99	231,91
472,20	284,95
472,41	432,82
472,63	339,22
472,84	302,77
473,05	265,91
473,26	370,15
473,47	469,06
473,69	328,57
473,90	342,91
474,11	394,93
474,32	530,09
474,53	419,71
474,75	319,56
474,96	251,57
475,17	563,27
475,38	281,06
475,59	452,68
475,80	208,36
476,02	376,09
476,23	410,29
476,44	334,31
476,65	256,08
476,86	709,70
477,08	580,47
477,29	323,86
477,50	393,08
477,71	370,76
477,92	479,51
478,13	308,50
478,34	378,75
478,56	563,48
478,77	364,82
478,98	357,45
479,19	403,32
479,40	337,58
479,61	533,17
479,83	357,86
480,04	395,75
480,25	391,45
480,46	467,63
480,67	521,08
480,88	397,79
481,09	576,38
481,30	433,43
481,52	452,48
481,73	347,41
481,94	582,11
482,15	462,92
482,36	405,78
482,57	510,84
482,78	484,83
482,99	500,81
483,21	439,57
483,42	442,65
483,63	597,06
483,84	467,43
484,05	326,53
484,26	395,13
484,47	694,96
484,68	632,90
484,89	567,78
485,10	448,79
485,32	340,45
485,53	519,24
485,74	502,04
485,95	552,83
486,16	630,24
486,37	613,86
486,58	538,90
486,79	448,17
487,00	485,24
487,21	528,86
487,42	496,92
487,63	467,02
487,85	627,37
488,06	484,83
488,27	563,27
488,48	400,25
488,69	532,55
488,90	428,92
489,11	502,86
489,32	483,40
489,53	561,63
489,74	460,67
489,95	579,04
490,16	478,89
490,37	586,21
490,58	608,74
490,79	518,42
491,00	414,59
491,21	610,78
491,42	696,59
491,63	478,89
491,84	560,20
492,06	492,41
492,27	556,10
492,48	630,85
492,69	529,68
492,90	781,38
493,11	889,92
493,32	560,40
493,53	502,65
493,74	388,78
493,95	459,23
494,16	521,08
494,37	537,26
494,58	870,47
494,79	543,61
495,00	485,24
495,21	472,75
495,42	602,59
495,63	487,70
495,84	559,99
496,05	515,35
496,26	575,15
496,47	760,29
496,68	625,53
496,89	506,75
497,10	752,91
497,31	675,29
497,52	566,55
497,73	547,09
497,94	583,75
498,15	657,48
498,36	682,26
498,57	630,85
498,78	665,87
498,98	547,71
499,19	722,81
499,40	668,74
499,61	705,60
499,82	572,69
500,03	593,99
500,24	592,35
500,45	605,05
500,66	706,63
500,87	792,44
501,08	585,18
501,29	746,36
501,50	732,43
501,71	463,53
501,92	643,76
502,13	606,89
502,34	599,32
502,55	714,41
502,76	600,75
502,97	883,98
503,17	817,42
503,38	618,77
503,59	724,04
503,80	698,85
504,01	613,24
504,22	608,74
504,43	775,44
504,64	569,82
504,85	648,88
505,06	653,18
505,27	653,38
505,48	687,17
505,68	696,18
505,89	651,33
506,10	614,67
506,31	585,39
506,52	671,40
506,73	660,75
506,94	807,80
507,15	824,80
507,36	603,82
507,57	712,57
507,77	644,98
507,98	504,90
508,19	640,89
508,40	615,29
508,61	594,81
508,82	696,80
509,03	704,99
509,24	659,53
509,45	687,38
509,65	863,91
509,86	870,88
510,07	609,96
510,28	756,60
510,49	734,07
510,70	736,53
510,91	740,01
511,11	530,09
511,32	1029,80
511,53	753,73
511,74	638,23
511,95	647,65
512,16	620,00
512,37	694,75
512,57	773,60
512,78	702,94
512,99	902,41
513,20	570,23
513,41	658,09
513,62	576,58
513,82	787,73
514,03	478,08
514,24	705,60
514,45	688,20
514,66	683,28
514,87	508,59
515,07	618,57
515,28	626,76
515,49	604,03
515,70	604,03
515,91	622,87
516,11	558,77
516,32	550,57
516,53	705,40
516,74	601,36
516,95	649,49
517,16	845,07
517,36	824,80
517,57	648,26
517,78	630,65
517,99	455,34
518,20	756,80
518,40	665,67
518,61	626,55
518,82	521,08
519,03	704,38
519,23	598,09
519,44	648,88
519,65	668,13
519,86	647,44
520,07	589,08
520,27	591,94
520,48	540,33
520,69	407,22
520,90	515,55
521,10	573,92
521,31	535,62
521,52	804,11
521,73	517,60
521,94	601,16
522,14	565,32
522,35	695,77
522,56	689,02
522,77	648,06
522,97	437,32
523,18	629,83
523,39	590,92
523,60	470,50
523,80	487,50
524,01	464,35
524,22	418,48
524,43	351,10
524,63	556,92
524,84	503,06
525,05	430,36
525,25	481,56
525,46	639,05
525,67	573,92
525,88	533,78
526,08	389,60
526,29	404,55
526,50	502,04
526,71	531,53
526,91	481,35
527,12	548,94
527,33	521,70
527,53	504,08
527,74	505,52
527,95	519,24
528,16	553,65
528,36	558,15
528,57	513,51
528,78	466,81
528,98	549,14
529,19	550,57
529,40	402,71
529,60	598,09
529,81	798,17
530,02	603,21
530,22	494,05
530,43	572,90
530,64	466,20
530,85	429,13
531,05	442,85
531,26	606,28
531,47	710,11
531,67	589,89
531,88	616,31
532,09	572,90
532,29	503,88
532,50	435,89
532,71	366,87
532,91	553,44
533,12	612,63
533,33	485,65
533,53	386,33
533,74	375,47
533,95	501,63
534,15	562,66
534,36	469,06
534,56	561,63
534,77	691,47
534,98	366,26
535,18	584,57
535,39	627,78
535,60	560,40
535,80	529,48
536,01	466,40
536,22	553,03
536,42	531,32
536,63	499,58
536,83	383,25
537,04	627,99
537,25	516,58
537,45	438,14
537,66	564,70
537,87	457,80
538,07	654,41
538,28	495,89
538,48	490,98
538,69	373,63
538,90	559,79
539,10	373,83
539,31	465,17
539,51	591,94
539,72	548,53
539,93	462,31
540,13	489,75
540,34	588,26
540,54	405,99
540,75	402,30
540,96	464,56
541,16	566,96
541,37	425,85
541,57	531,32
541,78	330,21
541,99	472,96
542,19	516,78
542,40	585,18
542,60	354,17
542,81	424,62
543,01	614,47
543,22	465,58
543,43	559,17
543,63	501,83
543,84	502,24
544,04	461,69
544,25	611,81
544,45	416,23
544,66	353,76
544,87	500,19
545,07	685,12
545,28	445,92
545,48	559,79
545,69	450,63
545,89	407,63
546,10	426,47
546,30	591,33
546,51	476,44
546,71	525,38
546,92	464,76
547,13	538,70
547,33	459,03
547,54	640,68
547,74	562,25
547,95	314,24
548,15	335,95
548,36	544,43
548,56	462,51
548,77	625,12
548,97	432,20
549,18	576,58
549,38	406,81
549,59	477,67
549,79	443,26
550,00	472,75
550,20	478,89
550,41	446,95
550,61	482,58
550,82	416,84
551,02	604,03
551,23	473,37
551,43	358,27
551,64	359,50
551,84	438,34
552,05	396,16
552,25	377,93
552,46	458,82
552,66	768,68
552,87	550,78
553,07	396,57
553,28	398,00
553,48	430,77
553,69	351,10
553,89	434,66
554,10	547,91
554,30	628,81
554,51	545,45
554,71	496,92
554,92	380,39
555,12	545,25
555,32	541,36
555,53	456,37
555,73	403,94
555,94	658,09
556,14	659,32
556,35	441,62
556,55	363,80
556,76	526,41
556,96	475,82
557,17	511,87
557,37	539,72
557,57	669,36
557,78	576,79
557,98	379,98
558,19	474,59
558,39	413,77
558,60	484,42
558,80	560,40
559,00	375,88
559,21	448,79
559,41	522,52
559,62	564,29
559,82	479,71
560,03	377,32
560,23	385,71
560,43	479,30
560,64	435,07
560,84	651,74
561,05	326,12
561,25	399,84
561,45	513,91
561,66	571,05
561,86	521,90
562,07	458,01
562,27	487,70
562,47	459,85
562,68	375,88
562,88	431,59
563,09	574,13
563,29	435,89
563,49	400,87
563,70	394,11
563,90	534,60
564,11	530,50
564,31	507,77
564,51	512,07
564,72	321,41
564,92	609,96
565,12	636,38
565,33	425,85
565,53	461,08
565,74	347,82
565,94	346,60
566,14	613,04
566,35	646,21
566,55	480,53
566,75	491,39
566,96	501,63
567,16	434,86
567,36	503,67
567,57	492,41
567,77	443,67
567,98	508,18
568,18	454,11
568,38	351,72
568,59	544,84
568,79	342,91
568,99	645,39
569,20	627,99
569,40	433,84
569,60	276,76
569,81	648,26
570,01	554,87
570,21	484,63
570,42	383,05
570,62	591,33
570,82	414,18
571,03	435,89
571,23	381,41
571,43	424,21
571,63	468,04
571,84	365,64
572,04	470,50
572,24	631,06
572,45	684,10
572,65	436,09
572,85	455,34
573,06	523,75
573,26	626,96
573,46	366,26
573,67	376,70
573,87	558,56
574,07	512,48
574,27	373,22
574,48	554,87
574,68	487,70
574,88	369,94
575,09	366,26
575,29	362,16
575,49	423,80
575,69	589,48
575,90	498,35
576,10	433,43
576,30	489,54
576,51	539,31
576,71	399,84
576,91	536,65
577,11	436,91
577,32	641,71
577,52	480,12
577,72	391,24
577,92	514,94
578,13	386,74
578,33	519,24
578,53	373,42
578,73	389,60
578,94	513,30
579,14	378,75
579,34	455,96
579,54	366,67
579,75	575,35
579,95	463,53
580,15	390,22
580,35	844,25
580,56	394,72
580,76	486,88
580,96	484,42
581,16	614,06
581,37	459,85
581,57	311,17
581,77	490,16
581,97	333,69
582,17	540,33
582,38	398,61
582,58	465,58
582,78	405,78
582,98	532,55
583,19	357,86
583,39	386,74
583,59	334,92
583,79	482,79
583,99	507,57
584,20	337,38
584,40	468,25
584,60	596,86
584,80	414,38
585,00	333,69
585,21	525,38
585,41	582,32
585,61	549,96
585,81	374,86
586,01	398,41
586,22	465,17
586,42	513,91
586,62	499,17
586,82	557,74
587,02	415,20
587,22	541,97
587,43	228,43
587,63	422,17
587,83	626,14
588,03	494,46
588,23	443,67
588,43	391,45
588,64	738,17
588,84	414,79
589,04	302,77
589,24	444,49
589,44	446,54
589,64	460,46
589,85	363,18
590,05	454,11
590,25	351,31
590,45	409,06
590,65	317,72
590,85	425,85
591,05	363,39
591,26	294,99
591,46	412,75
591,66	367,08
591,86	440,80
592,06	570,64
592,26	224,95
592,46	441,21
592,67	352,74
592,87	568,80
593,07	414,59
593,27	477,87
593,47	576,79
593,67	345,16
593,87	310,14
594,07	489,75
594,28	497,94
594,48	425,03
594,68	317,31
594,88	737,76
595,08	446,54
595,28	421,76
595,48	467,22
595,68	580,06
595,88	349,87
596,08	352,74
596,29	514,94
596,49	293,14
596,69	331,03
596,89	271,03
597,09	382,64
597,29	487,29
597,49	305,02
597,69	264,68
597,89	422,58
598,09	430,97
598,29	412,34
598,50	441,01
598,70	359,29
598,90	282,70
599,10	586,41
599,30	438,55
599,50	393,49
599,70	724,86
599,90	484,83
600,10	438,34
600,30	370,35
600,50	544,63
600,70	413,97
600,90	349,46
601,10	393,90
601,30	539,10
601,50	236,82
601,71	223,51
601,91	294,58
602,11	297,65
602,31	494,46
602,51	360,73
602,71	236,82
602,91	366,05
603,11	483,40
603,31	325,30
603,51	282,29
603,71	492,41
603,91	470,29
604,11	451,45
604,31	428,92
604,51	431,38
604,71	365,64
604,91	462,72
605,11	433,63
605,31	410,70
605,51	527,02
605,71	243,99
605,91	274,71
606,11	499,99
606,31	470,09
606,51	431,38
606,71	394,11
606,91	494,46
607,11	557,74
607,31	387,56
607,51	465,99
607,71	536,85
607,91	421,35
608,11	291,10
608,31	345,37
608,51	476,85
608,71	466,20
608,91	260,17
609,11	335,95
609,31	515,76
609,51	491,59
609,71	351,51
609,91	348,23
610,11	446,74
610,31	454,73
610,51	362,98
610,71	335,13
610,91	439,16
611,11	507,77
611,31	357,45
611,51	417,66
611,71	652,36
611,91	445,72
612,11	310,35
612,31	330,21
612,51	487,09
612,71	522,72
612,90	333,90
613,10	424,01
613,30	472,55
613,50	372,60
613,70	446,54
613,90	458,82
614,10	374,04
614,30	378,34
614,50	641,30
614,70	404,55
614,90	429,33
615,10	406,60
615,30	473,37
615,50	301,95
615,70	322,84
615,90	546,27
616,09	417,46
616,29	484,63
616,49	488,93
616,69	477,87
616,89	416,43
617,09	354,99
617,29	430,56
617,49	364,82
617,69	539,92
617,89	337,18
618,09	410,08
618,28	567,78
618,48	310,76
618,68	444,08
618,88	392,88
619,08	434,86
619,28	376,29
619,48	283,11
619,68	479,10
619,88	382,44
620,08	259,15
620,27	350,28
620,47	336,97
620,67	487,91
620,87	453,50
621,07	318,13
621,27	353,35
621,47	567,37
621,67	358,47
621,86	386,53
622,06	527,43
622,26	459,85
622,46	472,55
622,66	320,79
622,86	378,13
623,06	432,00
623,25	389,19
623,45	420,32
623,65	390,22
623,85	398,00
624,05	209,38
624,25	214,30
624,45	468,86
624,64	420,12
624,84	305,23
625,04	279,01
625,24	590,10
625,44	432,82
625,64	398,00
625,83	253,00
626,03	403,94
626,23	374,86
626,43	395,75
626,63	361,96
626,83	410,29
627,02	447,15
627,22	464,76
627,42	410,08
627,62	530,50
627,82	443,06
628,02	386,74
628,21	451,86
628,41	450,84
628,61	510,84
628,81	445,31
629,01	296,01
629,20	425,65
629,40	313,01
629,60	306,87
629,80	336,15
630,00	428,31
630,19	514,73
630,39	349,87
630,59	387,76
630,79	292,73
630,99	374,45
631,18	386,94
631,38	254,64
631,58	373,22
631,78	381,41
631,98	446,33
632,17	384,69
632,37	378,75
632,57	404,76
632,77	461,08
632,96	541,56
633,16	496,92
633,36	445,72
633,56	466,20
633,76	281,06
633,95	264,47
634,15	430,97
634,35	507,77
634,55	328,37
634,74	374,04
634,94	348,64
635,14	207,33
635,34	434,04
635,53	451,25
635,73	433,84
635,93	492,41
636,13	434,45
636,32	444,69
636,52	243,79
636,72	413,36
636,92	336,36
637,11	510,23
637,31	449,20
637,51	409,26
637,70	339,02
637,90	334,72
638,10	494,05
638,30	295,81
638,49	341,68
638,69	555,08
638,89	434,86
639,09	335,95
639,28	369,33
639,48	490,57
639,68	499,37
639,87	305,23
640,07	339,63
640,27	458,21
640,47	354,58
640,66	229,04
640,86	306,87
641,06	430,56
641,25	529,68
641,45	306,25
641,65	382,44
641,84	378,95
642,04	587,85
642,24	367,08
642,44	287,61
642,63	452,89
642,83	291,71
643,03	410,49
643,22	263,04
643,42	497,94
643,62	488,93
643,81	506,34
644,01	332,67
644,21	582,73
644,40	578,22
644,60	488,11
644,80	432,82
644,99	443,87
645,19	217,57
645,39	415,61
645,58	345,57
645,78	432,61
645,98	257,71
646,17	335,13
646,37	210,82
646,57	433,63
646,76	427,29
646,96	205,29
647,16	307,07
647,35	380,39
647,55	396,16
647,75	434,86
647,94	359,09
648,14	533,37
648,33	461,49
648,53	461,08
648,73	299,70
648,92	345,78
649,12	245,63
649,32	258,33
649,51	160,23
649,71	435,89
649,90	446,13
650,10	369,53
650,30	345,16
650,49	337,99
650,69	390,63
650,89	323,25
651,08	309,32
651,28	479,10
651,47	417,25
651,67	363,18
651,87	392,27
652,06	478,08
652,26	469,88
652,45	308,50
652,65	330,42
652,85	435,27
653,04	366,87
653,24	259,76
653,43	342,09
653,63	394,52
653,83	254,03
654,02	303,38
654,22	218,19
654,41	608,53
654,61	423,80
654,81	294,58
655,00	386,94
655,20	374,65
655,39	347,82
655,59	356,43
655,78	363,59
655,98	322,43
656,18	398,00
656,37	489,54
656,57	316,90
656,76	432,20
656,96	685,33
657,15	302,77
657,35	326,73
657,55	492,21
657,74	594,60
657,94	254,23
658,13	315,47
658,33	355,81
658,52	474,18
658,72	292,32
658,91	332,67
659,11	377,72
659,30	733,25
659,50	273,69
659,70	333,69
659,89	245,22
660,09	353,56
660,28	288,64
660,48	256,69
660,67	385,30
660,87	380,59
661,06	414,59
661,26	344,55
661,45	334,92
661,65	238,05
661,84	502,86
662,04	334,51
662,23	524,97
662,43	353,97
662,62	411,93
662,82	368,30
663,01	309,12
663,21	456,78
663,41	290,28
663,60	326,73
663,80	389,19
663,99	494,25
664,19	360,73
664,38	308,09
664,58	324,89
664,77	469,68
664,97	328,98
665,16	353,76
665,35	682,87
665,55	398,20
665,74	294,78
665,94	455,14
666,13	429,13
666,33	441,01
666,52	562,04
666,72	481,35
666,91	253,82
667,11	413,36
667,30	345,37
667,50	310,35
667,69	304,20
667,89	393,08
668,08	544,63
668,28	257,51
668,47	381,41
668,67	518,63
668,86	344,55
669,05	406,40
669,25	568,80
669,44	350,08
669,64	340,04
669,83	300,11
670,03	458,82
670,22	647,03
670,42	427,90
670,61	362,37
670,81	374,04
671,00	317,92
671,19	288,64
671,39	407,42
671,58	476,03
671,78	475,00
671,97	458,82
672,17	421,14
672,36	389,60
672,55	489,75
672,75	421,76
672,94	405,58
673,14	420,53
673,33	556,10
673,53	368,92
673,72	326,32
673,91	490,57
674,11	562,66
674,30	736,73
674,50	439,37
674,69	599,52
674,88	441,01
675,08	460,87
675,27	331,03
675,47	497,33
675,66	370,97
675,85	330,01
676,05	442,85
676,24	307,68
676,44	384,69
676,63	426,47
676,82	436,30
677,02	787,32
677,21	472,75
677,41	318,95
677,60	532,96
677,79	487,29
677,99	651,95
678,18	455,75
678,37	568,39
678,57	472,75
678,76	447,15
678,96	414,18
679,15	356,63
679,34	576,99
679,54	371,17
679,73	499,58
679,92	485,45
680,12	497,12
680,31	501,42
680,51	395,13
680,70	389,60
680,89	587,85
681,09	542,59
681,28	371,99
681,47	465,38
681,67	518,22
681,86	559,58
682,05	506,13
682,25	375,68
682,44	305,23
682,63	415,82
682,83	401,69
683,02	478,08
683,21	582,73
683,41	469,47
683,60	440,80
683,79	470,29
683,99	534,19
684,18	539,72
684,37	374,86
684,57	326,53
684,76	573,92
684,95	457,39
685,15	563,27
685,34	276,56
685,53	529,68
685,73	354,58
685,92	402,51
686,11	373,42
686,31	334,92
686,50	472,96
686,69	284,34
686,88	392,47
687,08	633,11
687,27	418,89
687,46	422,78
687,66	383,46
687,85	463,53
688,04	426,67
688,24	394,11
688,43	395,54
688,62	646,21
688,81	385,71
689,01	438,34
689,20	369,12
689,39	404,14
689,59	279,22
689,78	495,28
689,97	475,00
690,16	305,64
690,36	368,10
690,55	443,26
690,74	289,46
690,93	524,36
691,13	454,32
691,32	455,34
691,51	344,75
691,70	492,82
691,90	446,74
692,09	406,60
692,28	225,97
692,48	293,96
692,67	587,03
692,86	468,45
693,05	298,26
693,25	453,50
693,44	367,49
693,63	476,23
693,82	341,68
694,01	480,53
694,21	425,44
694,40	287,20
694,59	394,93
694,78	223,92
694,98	285,57
695,17	454,52
695,36	256,08
695,55	500,40
695,75	450,02
695,94	394,52
696,13	443,46
696,32	347,01
696,51	422,98
696,71	428,10
696,90	216,14
697,09	668,74
697,28	371,17
697,48	494,66
697,67	359,29
697,86	453,91
698,05	439,78
698,24	443,87
698,44	314,85
698,63	397,18
698,82	396,77
699,01	499,17
699,20	368,10
699,40	324,27
699,59	662,39
699,78	335,95
699,97	469,06
700,16	439,98
700,36	516,58
700,55	358,68
700,74	337,18
700,93	514,12
701,12	349,87
701,31	442,65
701,51	188,49
701,70	420,12
701,89	373,83
702,08	325,30
702,27	316,08
702,46	467,02
702,66	337,18
702,85	369,33
703,04	393,08
703,23	311,37
703,42	379,98
703,61	427,08
703,81	339,84
704,00	434,25
704,19	363,18
704,38	431,79
704,57	393,70
704,76	393,08
704,96	336,97
705,15	445,72
705,34	273,69
705,53	459,44
705,72	344,14
705,91	526,00
706,10	246,86
706,30	342,09
706,49	302,97
706,68	212,86
706,87	168,42
707,06	198,12
707,25	382,23
707,44	349,87
707,63	228,63
707,83	284,95
708,02	553,85
708,21	310,35
708,40	294,78
708,59	352,13
708,78	523,34
708,97	358,27
709,16	242,35
709,35	351,51
709,55	403,32
709,74	288,84
709,93	252,59
710,12	428,10
710,31	430,97
710,50	174,98
710,69	349,67
710,88	316,70
711,07	345,98
711,26	278,81
711,46	411,93
711,65	459,64
711,84	290,07
712,03	128,08
712,22	452,27
712,41	378,54
712,60	472,14
712,79	272,66
712,98	280,45
713,17	360,11
713,36	483,60
713,55	345,37
713,75	353,97
713,94	322,84
714,13	511,66
714,32	405,17
714,51	426,26
714,70	563,07
714,89	268,57
715,08	227,61
715,27	274,92
715,46	377,52
715,65	554,46
715,84	246,04
716,03	148,35
716,22	328,57
716,41	432,41
716,60	311,78
716,79	254,23
716,99	426,26
717,18	349,67
717,37	403,12
717,56	208,15
717,75	245,22
717,94	412,95
718,13	354,99
718,32	326,12
718,51	292,53
718,70	262,83
718,89	298,67
719,08	291,30
719,27	324,89
719,46	344,34
719,65	466,61
719,84	247,27
720,03	448,58
720,22	381,82
720,41	365,85
720,60	224,33
720,79	235,19
720,98	252,59
721,17	140,57
721,36	163,92
721,55	595,63
721,74	412,95
721,93	255,26
722,12	267,54
722,31	432,41
722,50	313,01
722,69	238,26
722,88	188,70
723,07	437,94
723,26	532,35
723,45	356,63
723,64	274,92
723,83	277,99
724,02	448,17
724,21	270,82
724,40	359,70
724,59	241,94
724,78	464,97
724,97	340,04
725,16	273,89
725,35	201,39
725,54	252,18
725,73	298,06
725,92	381,62
726,11	504,49
726,30	414,59
726,49	332,67
726,68	326,73
726,87	266,52
727,06	293,14
727,25	388,99
727,43	303,79
727,62	399,23
727,81	293,55
728,00	349,46
728,19	396,77
728,38	500,19
728,57	353,35
728,76	276,76
728,95	388,99
729,14	492,21
729,33	316,29
729,52	372,40
729,71	328,16
729,90	294,17
730,09	355,61
730,28	425,65
730,47	345,78
730,65	265,29
730,84	292,53
731,03	366,46
731,22	352,94
731,41	261,61
731,60	298,47
731,79	317,92
731,98	239,90
732,17	295,40
732,36	505,52
732,55	281,47
732,74	216,55
732,92	345,98
733,11	306,05
733,30	292,12
733,49	179,07
733,68	226,79
733,87	272,87
734,06	206,92
734,25	143,64
734,44	525,59
734,63	520,67
734,81	292,53
735,00	259,15
735,19	349,26
735,38	369,33
735,57	395,75
735,76	284,95
735,95	412,75
736,14	489,95
736,33	347,21
736,51	188,29
736,70	366,46
736,89	268,36
737,08	268,77
737,27	311,99
737,46	416,84
737,65	147,74
737,83	223,51
738,02	173,54
738,21	309,12
738,40	486,88
738,59	375,47
738,78	151,22
738,97	313,42
739,16	520,67
739,34	341,89
739,53	220,85
739,72	345,98
739,91	330,42
740,10	231,50
740,29	375,47
740,47	596,65
740,66	511,46
740,85	170,47
741,04	194,23
741,23	180,92
741,42	371,99
741,60	452,07
741,79	301,34
741,98	164,74
742,17	239,69
742,36	324,48
742,55	361,55
742,73	241,13
742,92	232,73
743,11	284,95
743,30	202,42
743,49	576,17
743,68	242,35
743,86	369,53
744,05	275,94
744,24	458,62
744,43	263,65
744,62	361,34
744,80	228,84
744,99	306,87
745,18	455,55
745,37	212,86
745,56	211,43
745,74	416,23
745,93	404,76
746,12	312,19
746,31	220,85
746,50	301,34
746,68	278,60
746,87	273,48
747,06	303,59
747,25	518,83
747,44	659,12
747,62	327,96
747,81	161,87
748,00	430,77
748,19	394,93
748,37	295,81
748,56	336,56
748,75	277,99
748,94	421,76
749,13	297,65
749,31	86,50
749,50	347,41
749,69	167,81
749,88	344,14
750,06	216,75
750,25	287,61
750,44	345,37
750,63	215,94
750,81	417,25
751,00	482,17
751,19	295,40
751,38	154,29
751,56	323,45
751,75	414,38
751,94	316,29
752,13	228,22
752,31	329,39
752,50	174,77
752,69	345,98
752,88	385,51
753,06	301,75
753,25	237,23
753,44	278,60
753,63	281,68
753,81	229,45
754,00	365,03
754,19	460,87
754,37	264,47
754,56	281,47
754,75	251,16
754,94	197,30
755,12	234,98
755,31	239,28
755,50	370,97
755,69	387,56
755,87	155,93
756,06	217,57
756,25	143,03
756,43	447,56
756,62	57,42
756,81	258,53
756,99	283,31
757,18	357,86
757,37	342,91
757,56	226,38
757,74	233,75
757,93	274,92
758,12	396,36
758,30	313,62
758,49	142,00
758,68	581,70
758,86	238,05
759,05	262,42
759,24	271,84
759,42	444,69
759,61	356,43
759,80	231,09
759,99	377,11
760,17	262,22
760,36	232,93
760,55	140,16
760,73	449,61
760,92	223,92
761,11	352,74
761,29	303,18
761,48	478,28
761,67	345,16
761,85	348,03
762,04	193,20
762,23	401,48
762,41	309,94
762,60	250,14
762,79	148,76
762,97	459,23
763,16	300,31
763,34	201,60
763,53	232,52
763,72	227,20
763,90	449,20
764,09	358,47
764,28	369,74
764,46	443,06
764,65	521,90
764,84	256,49
765,02	248,91
765,21	230,07
765,40	433,22
765,58	504,49
765,77	427,70
765,95	502,45
766,14	266,32
766,33	276,56
766,51	295,60
766,70	400,25
766,89	334,31
767,07	426,06
767,26	489,75
767,44	382,23
767,63	363,18
767,82	263,45
768,00	338,81
768,19	377,72
768,37	443,46
768,56	270,82
768,75	276,76
768,93	333,90
769,12	262,01
769,30	348,03
769,49	350,49
769,68	392,27
769,86	431,59
770,05	400,66
770,23	392,88
770,42	259,76
770,61	445,72
770,79	394,72
770,98	450,63
771,16	475,21
771,35	340,04
771,54	258,53
771,72	349,67
771,91	447,77
772,09	383,87
772,28	336,36
772,46	247,88
772,65	405,99
772,84	326,12
773,02	420,12
773,21	359,09
773,39	477,87
773,58	338,81
773,76	225,15
773,95	434,25
774,13	300,93
774,32	637,00
774,51	272,46
774,69	395,95
774,88	412,34
775,06	587,03
775,25	323,66
775,43	327,75
775,62	591,12
775,80	348,23
775,99	430,36
776,18	305,84
776,36	488,52
776,55	325,91
776,73	428,72
776,92	367,69
777,10	482,79
777,29	543,20
777,47	333,69
777,66	439,16
777,84	363,59
778,03	601,98
778,21	468,86
778,40	413,56
778,58	477,46
778,77	528,86
778,95	467,43
779,14	412,54
779,33	448,99
779,51	481,56
779,70	318,13
779,88	386,94
780,07	529,48
780,25	490,36
780,44	332,26
780,62	361,96
780,81	288,84
780,99	415,41
781,18	293,96
781,36	241,74
781,55	411,31
781,73	423,60
781,92	443,06
782,10	381,82
782,29	556,72
782,47	303,79
782,66	389,19
782,84	418,07
783,03	498,96
783,21	383,05
783,39	305,23
783,58	331,24
783,76	438,55
783,95	467,63
784,13	446,95
784,32	415,41
784,50	320,59
784,69	508,18
784,87	476,03
785,06	467,43
785,24	672,84
785,43	348,44
785,61	356,63
785,80	383,05
785,98	390,22
786,17	483,81
786,35	340,86
786,53	295,60
786,72	282,90
786,90	365,03
787,09	346,60
787,27	466,40
787,46	395,54
787,64	488,32
787,83	470,50
788,01	342,50
788,19	429,95
788,38	386,33
788,56	405,99
788,75	300,93
788,93	274,71
789,12	529,89
789,30	419,71
789,49	381,21
789,67	690,04
789,85	465,38
790,04	443,67
790,22	452,68
790,41	371,79
790,59	468,86
790,77	371,17
790,96	305,23
791,14	337,58
791,33	390,83
791,51	449,81
791,70	343,52
791,88	338,20
792,06	460,26
792,25	424,83
792,43	321,00
792,62	771,96
792,80	669,97
792,98	441,83
793,17	465,99
793,35	524,97
793,54	302,56
793,72	460,05
793,90	465,58
794,09	617,54
794,27	542,59
794,46	396,16
794,64	345,78
794,82	311,58
795,01	497,53
795,19	378,75
795,37	396,16
795,56	510,64
795,74	368,51
795,93	349,67
796,11	459,23
796,29	419,50
796,48	476,85
796,66	465,58
796,84	332,26
797,03	502,45
797,21	623,07
797,40	362,57
797,58	342,09
797,76	515,76
797,95	466,20
798,13	302,15
798,31	350,28
798,50	433,63
798,68	284,75
798,86	342,91
799,05	431,79
799,23	581,50
799,42	466,61
799,60	372,81
799,78	358,88
799,97	447,56
800,15	443,06
800,33	388,78
800,52	289,25
800,70	392,06
800,88	483,40
801,07	377,11
801,25	383,87
801,43	448,79
801,62	375,06
801,80	367,69
801,98	307,07
802,17	643,96
802,35	542,79
802,53	471,11
802,72	291,91
802,90	276,15
803,08	344,75
803,26	375,88
803,45	419,09
803,63	487,29
803,81	556,31
804,00	292,32
804,18	292,12
804,36	496,10
804,55	356,43
804,73	410,49
804,91	125,82
805,10	459,85
805,28	184,81
805,46	310,55
805,64	434,86
805,83	540,95
806,01	437,12
806,19	343,73
806,38	273,69
806,56	684,72
806,74	463,13
806,92	371,79
807,11	389,40
807,29	437,73
807,47	340,04
807,66	328,78
807,84	450,63
808,02	609,35
808,20	435,27
808,39	249,11
808,57	339,43
808,75	344,96
808,94	647,03
809,12	403,32
809,30	497,33
809,48	341,48
809,67	590,30
809,85	516,78
810,03	306,46
810,21	329,39
810,40	465,58
810,58	379,36
810,76	508,39
810,94	180,30
811,13	494,25
811,31	491,59
811,49	363,39
811,67	506,75
811,86	506,95
812,04	462,10
812,22	381,82
812,40	500,81
812,59	550,16
812,77	455,96
812,95	416,84
813,13	317,10
813,32	527,23
813,50	415,61
813,68	376,70
813,86	191,56
814,04	333,08
814,23	383,87
814,41	419,50
814,59	467,43
814,77	513,51
814,96	388,37
815,14	378,95
815,32	398,61
815,50	458,21
815,68	470,09
815,87	375,06
816,05	396,57
816,23	446,54
816,41	436,91
816,59	331,44
816,78	541,97
816,96	338,40
817,14	511,66
817,32	318,95
817,50	713,80
817,69	276,96
817,87	333,28
818,05	389,40
818,23	581,70
818,41	516,58
818,60	400,25
818,78	342,50
818,96	480,53
819,14	360,73
819,32	383,05
819,51	345,98
819,69	522,11
819,87	567,37
820,05	296,63
820,23	485,86
820,41	441,83
820,60	521,29
820,78	280,86
820,96	438,75
821,14	264,06
821,32	376,50
821,50	200,58
821,69	392,27
821,87	422,37
822,05	508,59
822,23	421,76
822,41	354,58
822,59	362,37
822,78	344,75
822,96	446,13
823,14	278,19
823,32	411,93
823,50	583,34
823,68	449,61
823,86	355,81
824,05	471,11
824,23	342,91
824,41	427,08
824,59	396,77
824,77	487,29
824,95	308,50
825,13	293,96
825,32	396,57
825,50	288,64
825,68	359,09
825,86	299,08
826,04	374,04
826,22	311,37
826,40	483,40
826,58	328,98
826,77	349,87
826,95	560,61
827,13	404,14
827,31	400,46
827,49	363,59
827,67	535,62
827,85	419,50
828,03	226,18
828,22	392,68
828,40	531,94
828,58	328,98
828,76	352,13
828,94	385,51
829,12	556,72
829,30	428,10
829,48	305,84
829,66	432,20
829,84	510,02
830,03	480,74
830,21	409,06
830,39	403,53
830,57	672,84
830,75	641,50
830,93	273,89
831,11	304,61
831,29	558,15
831,47	358,68
831,65	426,88
831,83	362,57
832,02	302,36
832,20	365,85
832,38	332,67
832,56	257,51
832,74	391,24
832,92	284,13
833,10	436,09
833,28	294,17
833,46	503,27
833,64	649,29
833,82	392,06
834,00	323,45
834,18	382,03
834,36	501,63
834,54	267,54
834,73	410,29
834,91	317,72
835,09	415,61
835,27	388,58
835,45	493,64
835,63	339,43
835,81	526,41
835,99	320,79
836,17	437,32
836,35	391,65
836,53	332,67
836,71	515,14
836,89	439,57
837,07	455,75
837,25	364,00
837,43	324,68
837,61	404,14
837,79	615,08
837,97	521,08
838,15	332,26
838,33	363,59
838,51	479,10
838,69	580,88
838,87	310,14
839,05	254,64
839,23	483,40
839,41	365,44
839,59	346,60
839,78	327,55
839,96	574,53
840,14	459,85
840,32	314,85
840,50	265,09
840,68	541,77
840,86	375,06
841,04	407,22
841,22	349,05
841,40	615,29
841,58	654,82
841,76	364,41
841,94	253,00
842,12	403,73
842,30	422,17
842,48	465,99
842,66	280,65
842,84	431,18
843,02	530,71
843,20	385,10
843,38	442,65
843,55	472,34
843,73	564,50
843,91	455,96
844,09	407,01
844,27	545,86
844,45	422,37
844,63	431,38
844,81	359,91
844,99	501,83
845,17	572,90
845,35	477,67
845,53	338,61
845,71	507,77
845,89	463,13
846,07	492,00
846,25	424,62
846,43	454,32
846,61	555,08
846,79	411,11
846,97	340,04
847,15	538,29
847,33	442,24
847,51	403,73
847,69	392,27
847,87	575,76
848,05	521,49
848,23	427,49
848,41	584,36
848,58	494,05
848,76	650,31
848,94	398,20
849,12	443,67
849,30	715,43
849,48	618,98
849,66	616,11
849,84	907,53
850,02	1166,19
850,20	1496,12
850,38	1637,64
850,56	1894,04
850,74	2624,55
850,92	3241,19
851,10	3729,84
851,27	4500,70
851,45	5351,22
851,63	6653,73
851,81	7650,27
851,99	8831,33
852,17	10228,04
852,35	11528,91
852,53	12982,56
852,71	14515,26
852,89	16455,92
853,07	18026,51
853,24	19901,42
853,42	21878,73
853,60	24430,50
853,78	26176,19
853,96	27999,09
854,14	30087,20
854,32	31852,75
854,50	34010,70
854,68	36026,10
854,86	37717,32
855,03	39761,19
855,21	41631,39
855,39	43955,02
855,57	45498,16
855,75	47443,12
855,93	49800,95
856,11	50973,20
856,29	52214,27
856,47	53400,25
856,64	54791,64
856,82	56336,63
857,00	57032,94
857,18	57825,71
857,36	58402,82
857,54	58578,95
857,72	58522,83
857,90	59023,56
858,07	58728,25
858,25	58635,06
858,43	57741,53
858,61	57356,52
858,79	56710,38
858,97	55510,68
859,15	54033,48
859,32	52751,45
859,50	51972,20
859,68	50128,62
859,86	48172,81
860,04	46913,31
860,22	44958,73
860,40	43311,96
860,57	41107,93
860,75	39664,32
860,93	37421,59
861,11	35616,71
861,29	33849,11
861,47	31747,69
861,64	30110,95
861,82	27977,79
862,00	26064,17
862,18	23999,41
862,36	21938,13
862,54	20253,67
862,71	18739,61
862,89	17180,28
863,07	15580,62
863,25	13827,55
863,43	12499,24
863,61	11256,13
863,78	10024,68
863,96	8801,43
864,14	7627,53
864,32	7081,34
864,50	5791,12
864,67	4927,49
864,85	4222,79
865,03	3898,59
865,21	3061,79
865,39	2496,14
865,57	1919,64
865,74	2000,94
865,92	1498,99
866,10	1139,36
866,28	973,07
866,46	781,58
866,63	906,31
866,81	628,40
866,99	675,09
867,17	533,78
867,34	479,51
867,52	382,23
867,70	398,20
867,88	616,11
868,06	384,89
868,23	432,82
868,41	575,15
868,59	551,80
868,77	270,21
868,95	319,97
869,12	449,81
869,30	544,63
869,48	499,78
869,66	423,39
869,83	311,37
870,01	489,75
870,19	485,65
870,37	347,82
870,55	313,01
870,72	492,62
870,90	417,46
871,08	267,75
871,26	407,42
871,43	400,66
871,61	417,05
871,79	288,43
871,97	274,30
872,14	803,50
872,32	368,51
872,50	361,96
872,68	353,15
872,85	520,47
873,03	520,88
873,21	359,91
873,39	315,26
873,56	315,06
873,74	670,38
873,92	409,88
874,10	346,60
874,27	289,46
874,45	386,33
874,63	383,05
874,80	381,82
874,98	569,21
875,16	354,17
875,34	440,80
875,51	422,17
875,69	412,75
875,87	310,96
876,05	331,65
876,22	310,35
876,40	387,56
876,58	349,87
876,75	211,63
876,93	304,61
877,11	350,08
877,29	307,48
877,46	424,83
877,64	403,73
877,82	364,82
877,99	321,20
878,17	275,33
878,35	356,02
878,52	502,24
878,70	672,84
878,88	340,66
879,06	421,55
879,23	380,18
879,41	677,96
879,59	498,76
879,76	322,63
879,94	344,96
880,12	553,65
880,29	470,91
880,47	307,07
880,65	490,57
880,82	449,20
881,00	353,35
881,18	263,65
881,36	509,41
881,53	553,24
881,71	496,51
881,89	379,36
882,06	550,57
882,24	504,70
882,42	309,94
882,59	488,52
882,77	516,58
882,95	495,48
883,12	433,63
883,30	429,95
883,48	375,47
883,65	576,79
883,83	392,68
884,01	444,69
884,18	379,16
884,36	397,59
884,54	376,50
884,71	422,98
884,89	395,34
885,06	328,16
885,24	498,96
885,42	418,07
885,59	430,77
885,77	390,01
885,95	428,31
886,12	451,25
886,30	499,78
886,48	634,34
886,65	409,06
886,83	438,96
887,01	341,68
887,18	416,84
887,36	482,38
887,53	328,16
887,71	417,46
887,89	409,26
888,06	214,50
888,24	419,71
888,42	569,41
888,59	430,77
888,77	200,17
888,94	292,53
889,12	363,80
889,30	566,14
889,47	331,85
889,65	427,29
889,82	427,29
890,00	485,24
890,18	359,91
890,35	365,03
890,53	396,57
890,71	229,25
890,88	485,04
891,06	298,06
891,23	371,79
891,41	476,03
891,59	330,83
891,76	361,75
891,94	433,43
892,11	272,46
892,29	249,52
892,46	467,63
892,64	154,29
892,82	416,23
892,99	145,69
893,17	282,08
893,34	420,32
893,52	390,22
893,70	198,12
893,87	206,72
894,05	522,52
894,22	160,03
894,40	397,59
894,57	252,80
894,75	476,64
894,93	294,17
895,10	391,65
895,28	399,84
895,45	369,53
895,63	617,95
895,80	356,43
895,98	306,05
896,16	410,90
896,33	456,16
896,51	295,81
896,68	420,73
896,86	484,42
897,03	412,54
897,21	277,78
897,38	172,11
897,56	289,66
897,74	706,42
897,91	394,11
898,09	199,35
898,26	532,96
898,44	391,86
898,61	341,68
898,79	215,53
898,96	347,62
899,14	282,08
899,31	268,36
899,49	194,43
899,67	298,67
899,84	492,82
900,02	199,96
900,19	235,80
900,37	429,33
900,54	419,91
900,72	187,47
900,89	295,40
901,07	455,55
901,24	228,43
901,42	159,82
901,59	160,03
901,77	527,84
901,94	514,73
902,12	219,01
902,29	266,93
902,47	419,50
902,64	291,30
902,82	189,31
902,99	261,61
903,17	258,33
903,34	656,45
903,52	435,27
903,69	223,51
903,87	231,50
904,04	300,93
904,22	380,18
904,39	237,64
904,57	434,86
904,74	170,27
904,92	229,66
905,09	271,03
905,27	232,73
905,44	443,46
905,62	220,24
905,79	326,12
905,97	366,67
906,14	444,28
906,32	420,53
906,49	308,50
906,67	180,71
906,84	350,69
907,02	240,10
907,19	411,31
907,37	334,10
907,54	240,72
907,72	419,30
907,89	233,14
908,06	239,90
908,24	317,51
908,41	391,04
908,59	273,89
908,76	209,59
908,94	507,57
909,11	553,85
909,29	252,18
909,46	608,12
909,64	416,02
909,81	243,38
909,99	239,28
910,16	325,71
910,33	316,29
910,51	383,05
910,68	177,02
910,86	429,95
911,03	177,02
911,21	236,62
911,38	239,08
911,56	233,34
911,73	278,60
911,90	318,95
912,08	151,42
912,25	517,60
912,43	279,83
912,60	277,99
912,78	241,94
912,95	301,34
913,12	421,96
913,30	336,36
913,47	292,94
913,65	507,57
913,82	180,10
914,00	266,72
914,17	143,85
914,34	416,43
914,52	235,19
914,69	149,99
914,87	209,18
915,04	367,08
915,21	157,98
915,39	270,00
915,56	335,33
915,74	279,22
915,91	407,01
916,08	337,99
916,26	162,28
916,43	279,01
916,61	257,92
916,78	214,30
916,95	275,33
917,13	587,64
917,30	208,77
917,48	294,37
917,65	144,87
917,82	284,95
918,00	272,25
918,17	252,18
918,35	259,15
918,52	315,26
918,69	300,31
918,87	322,63
919,04	318,74
919,22	372,60
919,39	442,85
919,56	234,37
919,74	413,15
919,91	431,38
920,08	365,23
920,26	288,02
920,43	280,45
920,61	372,20
920,78	209,18
920,95	323,45
921,13	304,00
921,30	276,56
921,47	320,79
921,65	334,92
921,82	202,83
921,99	351,51
922,17	448,99
922,34	365,64
922,51	92,24
922,69	304,00
922,86	283,11
923,04	206,92
923,21	143,23
923,38	297,03
923,56	530,71
923,73	258,33
923,90	204,26
924,08	252,59
924,25	297,44
924,42	168,42
924,60	207,33
924,77	358,27
924,94	334,10
925,12	279,42
925,29	370,15
925,46	146,30
925,64	292,32
925,81	397,39
925,98	284,13
926,16	349,87
926,33	350,28
926,50	225,56
926,68	219,83
926,85	207,33
927,02	384,28
927,19	267,13
927,37	272,87
927,54	410,08
927,71	340,25
927,89	305,43
928,06	190,75
928,23	276,76
928,41	417,87
928,58	351,51
928,75	226,58
928,93	256,89
929,10	193,41
929,27	256,49
929,44	291,71
929,62	204,26
929,79	403,53
929,96	365,03
930,14	181,94
930,31	601,16
930,48	387,35
930,66	331,03
930,83	207,74
931,00	403,94
931,17	367,28
931,35	106,98
931,52	242,56
931,69	552,21
931,87	267,54
932,04	238,87
932,21	233,55
932,38	456,37
932,56	516,99
932,73	276,76
932,90	294,58
933,07	428,10
933,25	360,73
933,42	236,21
933,59	262,22
933,77	432,61
933,94	234,16
934,11	469,47
934,28	231,09
934,46	425,24
934,63	359,91
934,80	251,16
934,97	141,39
935,15	310,35
935,32	375,27
935,49	326,53
935,66	184,19
935,84	341,27
936,01	472,55
936,18	224,13
936,35	151,22
936,53	651,95
936,70	344,75
936,87	284,13
937,04	317,31
937,22	397,79
937,39	376,91
937,56	363,39
937,73	248,09
937,91	250,14
938,08	219,01
938,25	220,65
938,42	267,54
938,59	346,80
938,77	289,05
938,94	292,12
939,11	118,25
939,28	279,22
939,46	321,41
939,63	170,88
939,80	233,55
939,97	201,80
940,14	401,89
940,32	346,60
940,49	130,13
940,66	586,00
940,83	412,13
941,00	285,98
941,18	214,09
941,35	328,37
941,52	331,65
941,69	347,62
941,87	167,81
942,04	355,81
942,21	246,25
942,38	309,12
942,55	266,11
942,73	288,23
942,90	255,26
943,07	180,92
943,24	162,48
943,41	220,85
943,58	321,20
943,76	291,30
943,93	245,63
944,10	407,01
944,27	497,33
944,44	152,24
944,62	377,11
944,79	289,87
944,96	356,84
945,13	376,09
945,30	149,99
945,47	292,53
945,65	384,89
945,82	224,54
945,99	181,94
946,16	448,99
946,33	340,45
946,50	251,16
946,68	340,45
946,85	315,26
947,02	410,49
947,19	300,93
947,36	168,63
947,53	486,47
947,71	460,05
947,88	208,97
948,05	286,59
948,22	246,25
948,39	245,63
948,56	247,68
948,74	195,87
948,91	332,67
949,08	401,69
949,25	232,11
949,42	224,13
949,59	224,74
949,76	472,96
949,94	249,52
950,11	103,50
950,28	360,93
950,45	239,69
950,62	135,25
950,79	283,11
950,96	200,78
951,14	222,28
951,31	311,99
951,48	166,99
951,65	389,40
951,82	282,49
951,99	197,71
952,16	248,09
952,33	388,58
952,51	389,60
952,68	287,20
952,85	231,09
953,02	338,40
953,19	364,00
953,36	370,15
953,53	181,32
953,70	376,09
953,87	379,77
954,05	183,99
954,22	248,50
954,39	391,65
954,56	106,57
954,73	332,46
954,90	166,78
955,07	284,34
955,24	273,48
955,41	321,00
955,58	339,63
955,76	223,10
955,93	255,87
956,10	234,37
956,27	375,68
956,44	235,80
956,61	353,76
956,78	237,23
956,95	224,13
957,12	342,70
957,29	407,01
957,46	261,40
957,64	191,15
957,81	545,25
957,98	470,91
958,15	163,71
958,32	95,72
958,49	296,42
958,66	225,56
958,83	265,70
959,00	218,60
959,17	201,19
959,34	324,27
959,51	295,19
959,68	445,51
959,85	335,54
960,03	318,13
960,20	10,73
960,37	248,09
960,54	541,36
960,71	193,20
960,88	403,12
961,05	219,01
961,22	249,52
961,39	330,62
961,56	406,81
961,73	259,35
961,90	183,78
962,07	350,69
962,24	149,99
962,41	218,19
962,58	334,72
962,75	434,66
962,92	278,81
963,09	86,91
963,26	175,18
963,44	434,66
963,61	151,63
963,78	166,17
963,95	436,50
964,12	386,94
964,29	116,20
964,46	265,29
964,63	260,79
964,80	401,28
964,97	252,18
965,14	201,39
965,31	321,82
965,48	304,20
965,65	267,95
965,82	146,30
965,99	239,90
966,16	311,37
966,33	235,19
966,50	164,12
966,67	280,45
966,84	362,16
967,01	236,21
967,18	210,41
967,35	355,20
967,52	234,16
967,69	162,07
967,86	151,63
968,03	576,99
968,20	145,08
968,37	154,91
968,54	153,88
968,71	376,50
968,88	360,32
969,05	220,44
969,22	248,09
969,39	145,08
969,56	594,40
969,73	200,17
969,90	179,48
970,07	365,64
970,24	268,16
970,41	129,51
970,58	219,21
970,75	445,72
970,92	305,43
971,09	303,59
971,26	156,95
971,43	294,99
971,60	612,22
971,77	192,59
971,94	262,01
972,11	281,47
972,28	248,09
972,45	169,04
972,62	121,93
972,79	394,11
972,96	433,22
973,12	205,70
973,29	195,25
973,46	347,82
973,63	62,54
973,80	320,59
973,97	204,47
974,14	437,73
974,31	112,51
974,48	259,97
974,65	198,53
974,82	304,82
974,99	135,04
975,16	232,73
975,33	232,93
975,50	407,22
975,67	368,30
975,84	390,83
976,01	132,58
976,18	285,77
976,35	208,36
976,51	332,46
976,68	216,75
976,85	332,67
977,02	216,14
977,19	248,09
977,36	63,36
977,53	241,74
977,70	323,25
977,87	316,08
978,04	187,06
978,21	214,30
978,38	344,14
978,55	199,55
978,72	136,47
978,88	249,11
979,05	291,71
979,22	237,03
979,39	102,27
979,56	354,38
979,73	251,98
979,90	278,60
980,07	350,90
980,24	214,91
980,41	323,04
980,58	301,95
980,75	208,56
980,91	356,22
981,08	246,45
981,25	267,13
981,42	342,91
981,59	251,77
981,76	330,83
981,93	281,47
982,10	120,70
982,27	315,88
982,44	294,99
982,60	264,47
982,77	225,77
982,94	373,22
983,11	362,98
983,28	189,31
983,45	263,45
983,62	227,61
983,79	336,77
983,95	264,47
984,12	196,68
984,29	307,07
984,46	194,23
984,63	138,73
984,80	244,81
984,97	434,66
985,14	363,39
985,30	147,33
985,47	203,44
985,64	471,73
985,81	224,33
985,98	135,86
986,15	229,86
986,32	367,89
986,49	312,80
986,65	171,08
986,82	107,19
986,99	445,31
987,16	313,62
987,33	237,64
987,50	286,80
987,67	279,83
987,83	237,03
988,00	272,46
988,17	323,04
988,34	365,64
988,51	298,06
988,68	270,41
988,84	164,33
989,01	236,62
989,18	364,00
989,35	229,04
989,52	142,82
989,69	233,14
989,86	286,59
990,02	239,08
990,19	306,25
990,36	97,97
990,53	753,73
990,70	211,02
990,87	283,93
991,03	379,16
991,20	162,89
991,37	208,56
991,54	154,91
991,71	265,50
991,87	330,83
992,04	252,39
992,21	295,40
992,38	466,61
992,55	361,96
992,72	148,15
992,88	221,06
993,05	230,27
993,22	360,52
993,39	230,48
993,56	202,83
993,72	386,74
993,89	363,18
994,06	229,45
994,23	212,45
994,40	370,56
994,56	216,75
994,73	226,18
994,90	150,40
995,07	273,69
995,24	352,13
995,40	251,37
995,57	280,04
995,74	470,09
995,91	342,70
996,08	194,02
996,24	253,21
996,41	483,40
996,58	329,19
996,75	90,19
996,92	238,46
997,08	430,97
997,25	306,66
997,42	194,64
997,59	285,77
997,75	395,75
997,92	486,06
998,09	155,73
998,26	155,11
998,43	329,60
998,59	225,97
998,76	237,44
998,93	332,26
999,10	423,60
999,26	219,62
999,43	177,84
999,60	216,55
999,77	571,87
999,93	237,44
1000,10	216,14
1000,27	156,13
1000,44	299,70
1000,60	239,69
1000,77	285,16
1000,94	193,00
1001,11	448,38
1001,28	330,62
1001,44	232,11
1001,61	154,91
1001,78	271,44
1001,95	423,60
1002,11	205,90
1002,28	291,10
1002,45	307,68
1002,61	273,89
1002,78	186,03
1002,95	364,62
1003,12	320,18
1003,28	399,64
1003,45	138,93
1003,62	149,99
1003,79	222,49
1003,95	240,31
1004,12	227,40
1004,29	98,38
1004,46	379,16
1004,62	334,10
1004,79	134,63
1004,96	272,25
1005,12	517,19
1005,29	125,01
1005,46	281,06
1005,63	246,86
1005,79	188,08
1005,96	361,96
1006,13	197,91
1006,29	277,99
1006,46	187,67
1006,63	451,66
1006,80	271,23
1006,96	191,15
1007,13	259,97
1007,30	353,56
1007,46	342,70
1007,63	119,89
1007,80	409,06
1007,97	408,85
1008,13	178,87
1008,30	145,08
1008,47	330,01
1008,63	332,46
1008,80	273,48
1008,97	249,32
1009,13	265,50
1009,30	233,55
1009,47	182,35
1009,64	264,27
1009,80	293,14
1009,97	450,63
1010,14	266,52
1010,30	239,08
1010,47	203,65
1010,64	334,72
1010,80	282,70
1010,97	137,91
1011,14	243,58
1011,30	698,44
1011,47	217,57
1011,64	325,09
1011,80	314,03
1011,97	314,65
1012,14	197,50
1012,30	144,67
1012,47	396,57
1012,64	504,70
1012,80	199,96
1012,97	196,27
1013,14	348,85
1013,30	517,60
1013,47	236,62
1013,64	222,90
1013,80	319,77
1013,97	320,38
1014,14	117,63
1014,30	192,38
1014,47	401,89
1014,64	286,18
1014,80	277,78
1014,97	180,92
1015,14	392,27
1015,30	439,78
1015,47	184,40
1015,64	249,52
1015,80	364,41
1015,97	342,30
1016,13	179,07
1016,30	277,78
1016,47	328,57
1016,63	298,67
1016,80	87,53
1016,97	141,80
1017,13	161,25
1017,30	327,14
1017,47	180,92
1017,63	185,42
1017,80	437,32
1017,96	324,48
1018,13	354,58
1018,30	233,55
1018,46	331,24
1018,63	324,89
1018,80	165,96
1018,96	189,52
1019,13	348,64
1019,29	306,25
1019,46	195,05
1019,63	220,24
1019,79	191,36
1019,96	444,90
1020,13	203,24
1020,29	277,99
1020,46	422,78
1020,62	419,91
1020,79	205,70
1020,96	351,51
1021,12	441,42
1021,29	290,89
1021,45	308,30
1021,62	175,39
1021,79	177,02
1021,95	349,67
1022,12	356,02
1022,28	134,84
1022,45	374,04
1022,62	482,79
1022,78	304,82
1022,95	245,63
1023,11	506,34
1023,28	289,66
1023,45	188,08
1023,61	179,28
1023,78	444,08
1023,94	288,84
1024,11	228,02
1024,27	316,49
1024,44	317,10
1024,61	399,64
1024,77	136,27
1024,94	245,43
1025,10	261,81
1025,27	351,72
1025,43	194,43
1025,60	111,08
1025,77	456,57
1025,93	263,04
1026,10	171,90
1026,26	156,75
1026,43	341,89
1026,59	444,69
1026,76	173,75
1026,93	248,50
1027,09	329,80
1027,26	296,63
1027,42	217,98
1027,59	217,98
1027,75	337,18
1027,92	363,39
1028,08	173,75
1028,25	193,82
1028,42	380,39
1028,58	218,39
1028,75	267,95
1028,91	105,55
1029,08	617,54
1029,24	394,31
1029,41	235,80
1029,57	174,98
1029,74	351,51
1029,91	193,61
1030,07	149,58
1030,24	277,99
1030,40	242,97
1030,57	302,77
1030,73	327,34
1030,90	254,03
1031,06	438,14
1031,23	483,60
1031,39	193,41
1031,56	107,80
1031,72	265,70
1031,89	450,63
1032,05	292,53
1032,22	214,91
1032,38	336,15
1032,55	498,35
1032,72	195,46
1032,88	228,22
1033,05	311,78
1033,21	353,35
1033,38	117,63
1033,54	174,98
1033,71	365,23
1033,87	543,61
1034,04	192,59
1034,20	227,81
1034,37	374,45
1034,53	344,34
1034,70	322,84
1034,86	140,77
1035,03	434,86
1035,19	336,77
1035,36	287,00
1035,52	78,72
1035,69	351,72
1035,85	561,63
1036,02	307,68
1036,18	170,88
1036,35	227,20
1036,51	572,69
1036,68	177,43
1036,84	141,59
1037,01	272,05
1037,17	386,12
1037,34	121,11
1037,50	228,84
1037,67	523,75
>>>>>Finisci Dati dello Spettro Elaborati<<<<<
