337.57	-22.07
337.79	-22.07
338.02	-22.07
338.24	-44.19
338.47	-49.11
338.69	-10.40
338.92	15.41
339.14	11.31
339.36	36.70
339.59	24.21
339.81	-8.56
340.04	19.30
340.26	20.73
340.49	12.33
340.71	35.48
340.93	35.27
341.16	11.31
341.38	10.29
341.61	14.18
341.83	20.12
342.05	20.94
342.28	18.89
342.50	22.78
342.73	10.08
342.95	36.91
343.17	-4.46
343.40	23.80
343.62	11.10
343.85	16.02
344.07	-3.03
344.29	-3.85
344.52	3.12
344.74	32.20
344.97	-6.71
345.19	11.92
345.41	9.67
345.64	18.68
345.86	42.44
346.08	26.26
346.31	21.96
346.53	12.95
346.76	4.35
346.98	46.53
347.20	25.44
347.43	14.79
347.65	9.67
347.87	23.19
348.10	1.48
348.32	26.46
348.54	46.53
348.77	9.47
348.99	29.54
349.21	17.04
349.44	8.65
349.66	23.19
349.88	2.50
350.11	14.38
350.33	10.49
350.55	39.57
350.78	-1.39
351.00	43.26
351.22	37.52
351.45	13.15
351.67	22.57
351.89	-16.95
352.12	-15.52
352.34	44.49
352.56	17.25
352.79	16.84
353.01	31.79
353.23	12.95
353.45	44.90
353.68	29.13
353.90	36.50
354.12	29.74
354.35	30.56
354.57	32.20
354.79	3.94
355.01	48.58
355.24	-0.57
355.46	13.77
355.68	8.24
355.91	41.82
356.13	11.10
356.35	6.60
356.57	26.06
356.80	-3.44
357.02	-7.53
357.24	5.17
357.46	33.02
357.69	8.24
357.91	15.20
358.13	4.35
358.35	15.82
358.58	26.26
358.80	-8.35
359.02	20.12
359.24	31.58
359.47	26.06
359.69	38.14
359.91	3.73
360.13	32.20
360.36	-12.45
360.58	31.58
360.80	17.66
361.02	5.17
361.25	22.16
361.47	23.19
361.69	50.22
361.91	2.91
362.13	4.76
362.36	45.31
362.58	10.70
362.80	21.34
363.02	5.37
363.25	18.48
363.47	14.59
363.69	17.25
363.91	80.74
364.13	20.94
364.36	8.65
364.58	11.51
364.80	21.96
365.02	28.72
365.24	4.96
365.47	9.67
365.69	17.04
365.91	-8.35
366.13	14.59
366.35	4.76
366.57	34.45
366.80	27.69
367.02	27.28
367.24	19.50
367.46	44.69
367.68	42.64
367.90	39.37
368.13	43.87
368.35	33.63
368.57	36.09
368.79	39.37
369.01	17.86
369.23	38.34
369.46	23.19
369.68	13.77
369.90	22.78
370.12	46.74
370.34	3.94
370.56	17.66
370.78	10.70
371.01	25.65
371.23	0.46
371.45	21.75
371.67	36.91
371.89	23.60
372.11	22.98
372.33	10.49
372.56	58.00
372.78	50.02
373.00	8.65
373.22	6.80
373.44	6.80
373.66	21.96
373.88	17.25
374.10	6.60
374.32	9.26
374.55	11.10
374.77	10.49
374.99	17.25
375.21	5.78
375.43	36.29
375.65	19.30
375.87	27.49
376.09	20.32
376.31	16.22
376.53	12.54
376.75	55.14
376.98	36.91
377.20	19.91
377.42	6.80
377.64	23.60
377.86	17.25
378.08	15.82
378.30	20.73
378.52	26.26
378.74	17.86
378.96	26.67
379.18	18.89
379.40	31.79
379.62	50.22
379.84	12.95
380.07	42.23
380.29	15.61
380.51	9.26
380.73	53.50
380.95	13.56
381.17	13.36
381.39	-7.74
381.61	12.95
381.83	16.22
382.05	22.78
382.27	19.71
382.49	16.02
382.71	8.44
382.93	21.55
383.15	0.66
383.37	18.89
383.59	24.01
383.81	23.19
384.03	8.65
384.25	14.38
384.47	5.17
384.69	47.35
384.91	5.99
385.13	36.91
385.35	11.72
385.57	53.09
385.79	28.72
386.01	11.72
386.23	35.89
386.45	8.44
386.67	16.63
386.89	29.33
387.11	18.89
387.33	32.61
387.55	29.95
387.77	-4.25
387.99	9.88
388.21	7.21
388.43	19.91
388.65	29.13
388.87	0.05
389.09	35.27
389.31	30.77
389.53	1.07
389.75	29.13
389.97	21.55
390.19	32.20
390.41	5.37
390.63	16.43
390.85	14.18
391.07	30.77
391.29	23.39
391.51	15.20
391.72	26.46
391.94	22.37
392.16	4.35
392.38	5.78
392.60	29.74
392.82	11.51
393.04	16.22
393.26	3.94
393.48	21.75
393.70	2.30
393.92	0.87
394.14	24.62
394.36	9.88
394.58	76.64
394.80	17.66
395.01	-1.59
395.23	16.02
395.45	-6.30
395.67	25.85
395.89	37.73
396.11	22.98
396.33	18.68
396.55	23.60
396.77	26.67
396.99	33.43
397.21	-1.18
397.42	22.98
397.64	41.01
397.86	14.18
398.08	38.14
398.30	-0.77
398.52	28.10
398.74	12.54
398.96	26.87
399.17	24.21
399.39	33.22
399.61	45.31
399.83	-8.15
400.05	31.18
400.27	14.59
400.49	18.27
400.71	-15.11
400.92	2.30
401.14	57.18
401.36	37.52
401.58	41.62
401.80	37.52
402.02	30.56
402.24	39.16
402.45	4.14
402.67	27.28
402.89	-3.03
403.11	35.07
403.33	57.39
403.55	16.63
403.76	2.91
403.98	27.08
404.20	18.27
404.42	28.51
404.64	24.21
404.86	33.84
405.07	12.74
405.29	33.43
405.51	24.83
405.73	22.98
405.95	3.32
406.17	66.40
406.38	22.16
406.60	33.84
406.82	6.19
407.04	20.53
407.26	47.76
407.47	20.12
407.69	9.26
407.91	25.65
408.13	16.43
408.35	55.55
408.56	39.16
408.78	26.67
409.00	7.21
409.22	-8.97
409.44	-6.51
409.65	49.40
409.87	16.84
410.09	39.37
410.31	11.51
410.52	42.64
410.74	30.15
410.96	15.41
411.18	0.87
411.40	26.26
411.61	10.08
411.83	22.78
412.05	15.61
412.27	5.58
412.48	11.51
412.70	8.65
412.92	-6.92
413.14	9.88
413.35	-7.53
413.57	26.87
413.79	26.06
414.01	20.73
414.22	12.54
414.44	15.82
414.66	42.44
414.87	30.15
415.09	7.01
415.31	20.53
415.53	40.60
415.74	27.90
415.96	36.50
416.18	65.79
416.40	24.21
416.61	30.97
416.83	33.02
417.05	16.43
417.26	21.14
417.48	29.33
417.70	39.16
417.92	38.75
418.13	21.96
418.35	15.61
418.57	15.61
418.78	26.87
419.00	35.07
419.22	43.87
419.43	18.68
419.65	22.37
419.87	11.92
420.09	17.45
420.30	30.15
420.52	4.35
420.74	30.15
420.95	25.85
421.17	22.16
421.39	42.85
421.60	21.34
421.82	67.01
422.04	21.96
422.25	28.72
422.47	22.57
422.69	37.32
422.90	22.98
423.12	62.71
423.34	12.74
423.55	3.53
423.77	8.24
423.99	-5.48
424.20	41.62
424.42	11.31
424.64	37.52
424.85	2.71
425.07	34.45
425.28	42.64
425.50	29.13
425.72	85.24
425.93	18.27
426.15	39.78
426.37	8.65
426.58	41.62
426.80	0.66
427.01	13.97
427.23	23.39
427.45	36.70
427.66	22.78
427.88	15.20
428.10	7.42
428.31	23.80
428.53	23.19
428.74	41.82
428.96	51.86
429.18	26.06
429.39	26.87
429.61	20.53
429.82	11.51
430.04	57.80
430.26	38.75
430.47	38.14
430.69	8.44
430.90	28.72
431.12	38.75
431.34	74.18
431.55	11.92
431.77	49.40
431.98	20.94
432.20	30.97
432.41	39.57
432.63	38.14
432.85	41.21
433.06	32.61
433.28	35.27
433.49	36.09
433.71	28.10
433.92	63.94
434.14	20.53
434.35	16.22
434.57	45.31
434.79	19.91
435.00	52.68
435.22	42.44
435.43	38.75
435.65	45.72
435.86	36.50
436.08	28.72
436.29	27.08
436.51	38.75
436.72	46.33
436.94	67.22
437.16	28.51
437.37	35.27
437.59	51.65
437.80	73.16
438.02	48.38
438.23	45.72
438.45	71.52
438.66	23.80
438.88	61.08
439.09	62.71
439.31	38.96
439.52	64.76
439.74	19.50
439.95	51.04
440.17	28.92
440.38	36.91
440.60	46.74
440.81	37.73
441.03	41.82
441.24	38.14
441.46	64.76
441.67	53.29
441.89	60.05
442.10	41.41
442.32	22.98
442.53	43.26
442.75	38.55
442.96	52.68
443.18	56.57
443.39	33.22
443.61	38.14
443.82	72.54
444.04	38.55
444.25	61.28
444.46	79.10
444.68	68.86
444.89	54.73
445.11	61.08
445.32	72.34
445.54	70.91
445.75	83.40
445.97	93.84
446.18	122.31
446.40	66.60
446.61	71.11
446.82	77.46
447.04	101.22
447.25	97.12
447.47	101.63
447.68	113.09
447.90	106.34
448.11	129.48
448.32	124.77
448.54	220.41
448.75	251.54
448.97	382.40
449.18	510.81
449.40	693.90
449.61	892.35
449.82	1124.59
450.04	1375.05
450.25	1740.00
450.47	1985.14
450.68	2535.23
450.89	2805.97
451.11	3102.31
451.32	3873.37
451.54	4528.31
451.75	5032.11
451.96	5134.10
452.18	5651.83
452.39	5990.35
452.61	6484.12
452.82	7063.90
453.03	7373.76
453.25	8040.99
453.46	7256.00
453.68	7547.63
453.89	7462.64
454.10	7183.91
454.32	7540.26
454.53	7855.85
454.74	7561.35
454.96	7425.37
455.17	7109.98
455.39	7004.71
455.60	7082.54
455.81	7009.01
456.03	6561.94
456.24	5907.82
456.45	5557.00
456.67	5153.96
456.88	5084.95
457.09	4503.32
457.31	4012.84
457.52	3942.59
457.73	3164.57
457.95	2745.76
458.16	2357.87
458.37	2149.80
458.59	1689.62
458.80	1295.80
459.01	1089.77
459.23	826.20
459.44	643.72
459.65	506.92
459.87	365.20
460.08	199.11
460.29	154.46
460.51	141.15
460.72	151.80
460.93	149.14
461.15	110.64
461.36	107.36
461.57	80.74
461.79	84.63
462.00	88.31
462.21	87.90
462.42	132.34
462.64	99.99
462.85	97.12
463.06	102.85
463.28	99.58
463.49	99.17
463.70	128.04
463.92	97.12
464.13	85.45
464.34	101.01
464.55	99.99
464.77	91.18
464.98	89.13
465.19	77.05
465.40	115.35
465.62	112.27
465.83	115.96
466.04	86.06
466.26	98.76
466.47	90.98
466.68	80.74
466.89	92.41
467.11	86.47
467.32	74.18
467.53	95.48
467.74	86.68
467.96	96.10
468.17	82.99
468.38	101.42
468.59	91.79
468.81	87.08
469.02	105.52
469.23	107.15
469.44	97.73
469.66	59.85
469.87	90.36
470.08	71.11
470.29	81.76
470.50	76.64
470.72	75.82
470.93	70.09
471.14	70.91
471.35	73.77
471.57	71.72
471.78	109.00
471.99	56.57
472.20	75.41
472.41	55.55
472.63	73.77
472.84	65.58
473.05	38.96
473.26	75.62
473.47	82.58
473.69	50.84
473.90	62.10
474.11	83.40
474.32	79.30
474.53	71.32
474.75	87.08
474.96	52.88
475.17	79.92
475.38	48.58
475.59	78.28
475.80	48.79
476.02	51.65
476.23	61.28
476.44	54.32
476.65	21.75
476.86	102.24
477.08	71.32
477.29	31.79
477.50	65.17
477.71	61.28
477.92	70.50
478.13	40.39
478.34	56.57
478.56	74.39
478.77	60.05
478.98	49.81
479.19	80.12
479.40	53.50
479.61	71.52
479.83	50.84
480.04	51.45
480.25	42.85
480.46	51.86
480.67	65.17
480.88	46.94
481.09	39.57
481.30	34.86
481.52	63.74
481.73	49.40
481.94	81.96
482.15	43.05
482.36	26.87
482.57	64.56
482.78	59.44
482.99	62.92
483.21	47.97
483.42	51.86
483.63	62.51
483.84	40.39
484.05	37.32
484.26	40.39
484.47	62.30
484.68	53.91
484.89	75.62
485.10	47.97
485.32	29.33
485.53	61.48
485.74	55.75
485.95	65.99
486.16	58.62
486.37	71.32
486.58	39.98
486.79	35.07
487.00	61.48
487.21	44.08
487.42	32.40
487.63	54.52
487.85	34.86
488.06	65.79
488.27	42.23
488.48	50.84
488.69	50.84
488.90	46.74
489.11	59.03
489.32	58.62
489.53	63.74
489.74	45.10
489.95	33.84
490.16	44.28
490.37	48.99
490.58	51.45
490.79	47.97
491.00	34.86
491.21	56.37
491.42	90.16
491.63	62.30
491.84	45.92
492.06	38.96
492.27	56.37
492.48	60.67
492.69	59.85
492.90	75.21
493.11	91.18
493.32	40.60
493.53	50.84
493.74	25.44
493.95	39.98
494.16	41.01
494.37	33.22
494.58	67.01
494.79	37.52
495.00	43.87
495.21	29.95
495.42	41.01
495.63	50.63
495.84	67.01
496.05	35.48
496.26	51.25
496.47	61.89
496.68	43.46
496.89	32.40
497.10	68.24
497.31	60.05
497.52	28.31
497.73	35.27
497.94	26.26
498.15	42.03
498.36	56.16
498.57	61.89
498.78	39.16
498.98	49.61
499.19	68.04
499.40	52.27
499.61	44.90
499.82	55.75
500.03	32.81
500.24	26.87
500.45	27.49
500.66	42.23
500.87	52.47
501.08	32.81
501.29	56.16
501.50	38.75
501.71	20.12
501.92	39.98
502.13	18.48
502.34	34.04
502.55	59.44
502.76	37.11
502.97	55.75
503.17	80.53
503.38	36.29
503.59	77.25
503.80	34.45
504.01	46.53
504.22	35.27
504.43	61.89
504.64	37.32
504.85	46.94
505.06	44.28
505.27	49.40
505.48	38.75
505.68	42.64
505.89	43.46
506.10	71.93
506.31	31.79
506.52	46.13
506.73	51.65
506.94	70.91
507.15	49.61
507.36	36.29
507.57	57.59
507.77	54.52
507.98	28.51
508.19	48.38
508.40	51.04
508.61	45.10
508.82	44.28
509.03	65.79
509.24	36.70
509.45	54.32
509.65	77.87
509.86	52.88
510.07	70.70
510.28	62.92
510.49	36.50
510.70	64.97
510.91	61.48
511.11	26.06
511.32	92.41
511.53	63.12
511.74	51.65
511.95	76.03
512.16	35.27
512.37	38.34
512.57	60.05
512.78	46.53
512.99	64.56
513.20	64.15
513.41	55.14
513.62	48.79
513.82	54.73
514.03	27.69
514.24	51.45
514.45	58.82
514.66	53.29
514.87	41.62
515.07	43.05
515.28	52.88
515.49	49.61
515.70	31.99
515.91	60.87
516.11	41.01
516.32	58.62
516.53	67.22
516.74	41.41
516.95	76.03
517.16	58.41
517.36	75.41
517.57	79.51
517.78	64.35
517.99	21.14
518.20	61.69
518.40	74.59
518.61	79.51
518.82	48.79
519.03	87.90
519.23	38.75
519.44	62.30
519.65	51.65
519.86	68.24
520.07	51.65
520.27	63.12
520.48	23.60
520.69	33.02
520.90	48.99
521.10	57.18
521.31	32.40
521.52	81.35
521.73	33.22
521.94	81.76
522.14	47.97
522.35	56.16
522.56	69.88
522.77	73.16
522.97	50.22
523.18	82.58
523.39	67.42
523.60	52.88
523.80	47.76
524.01	53.91
524.22	39.98
524.43	42.85
524.63	40.19
524.84	47.56
525.05	35.48
525.25	51.65
525.46	45.31
525.67	31.99
525.88	70.91
526.08	34.25
526.29	58.00
526.50	43.26
526.71	58.62
526.91	66.60
527.12	56.77
527.33	37.93
527.53	46.53
527.74	51.86
527.95	51.45
528.16	51.45
528.36	41.21
528.57	49.61
528.78	30.97
528.98	58.62
529.19	53.09
529.40	34.04
529.60	41.21
529.81	68.04
530.02	62.51
530.22	57.80
530.43	43.05
530.64	42.03
530.85	25.24
531.05	55.55
531.26	31.99
531.47	68.24
531.67	79.92
531.88	50.84
532.09	62.51
532.29	45.51
532.50	56.77
532.71	35.07
532.91	66.81
533.12	73.16
533.33	62.10
533.53	53.91
533.74	43.46
533.95	60.67
534.15	56.16
534.36	54.52
534.56	48.17
534.77	61.48
534.98	45.10
535.18	59.03
535.39	44.90
535.60	46.33
535.80	64.15
536.01	68.24
536.22	42.64
536.42	27.69
536.63	70.29
536.83	40.80
537.04	43.26
537.25	33.84
537.45	41.62
537.66	44.49
537.87	46.94
538.07	75.41
538.28	50.02
538.48	47.35
538.69	33.63
538.90	61.48
539.10	43.26
539.31	56.16
539.51	48.17
539.72	49.81
539.93	64.56
540.13	42.64
540.34	72.34
540.54	57.39
540.75	53.70
540.96	50.63
541.16	61.08
541.37	32.40
541.57	62.92
541.78	10.49
541.99	35.07
542.19	52.88
542.40	62.51
542.60	45.10
542.81	28.10
543.01	51.04
543.22	64.76
543.43	79.92
543.63	42.23
543.84	56.77
544.04	69.47
544.25	53.09
544.45	53.91
544.66	36.09
544.87	38.96
545.07	83.40
545.28	29.74
545.48	74.59
545.69	32.40
545.89	52.68
546.10	46.74
546.30	41.82
546.51	38.14
546.71	73.57
546.92	49.40
547.13	77.46
547.33	48.99
547.54	77.66
547.74	51.45
547.95	41.21
548.15	20.32
548.36	67.83
548.56	25.44
548.77	57.59
548.97	42.64
549.18	67.63
549.38	53.09
549.59	51.65
549.79	60.67
550.00	41.41
550.20	48.99
550.41	29.74
550.61	71.11
550.82	54.73
551.02	48.17
551.23	55.34
551.43	40.39
551.64	33.43
551.84	28.51
552.05	33.63
552.25	58.41
552.46	64.56
552.66	79.30
552.87	63.94
553.07	37.73
553.28	31.58
553.48	51.45
553.69	39.57
553.89	50.02
554.10	54.32
554.30	55.75
554.51	72.13
554.71	55.75
554.92	75.82
555.12	45.10
555.32	26.26
555.53	39.57
555.73	49.20
555.94	87.90
556.14	87.08
556.35	45.51
556.55	41.82
556.76	63.33
556.96	66.40
557.17	75.41
557.37	86.27
557.57	71.93
557.78	60.05
557.98	51.45
558.19	66.60
558.39	44.49
558.60	60.67
558.80	69.47
559.00	63.53
559.21	57.39
559.41	76.64
559.62	70.50
559.82	58.41
560.03	26.06
560.23	66.81
560.43	62.71
560.64	73.36
560.84	80.53
561.05	69.06
561.25	48.17
561.45	101.63
561.66	62.71
561.86	97.94
562.07	60.05
562.27	66.81
562.47	68.04
562.68	58.21
562.88	70.50
563.09	76.23
563.29	59.03
563.49	88.11
563.70	70.29
563.90	96.71
564.11	71.11
564.31	70.50
564.51	49.40
564.72	40.60
564.92	88.11
565.12	80.33
565.33	61.69
565.53	76.03
565.74	70.91
565.94	56.16
566.14	90.98
566.35	84.42
566.55	64.97
566.75	64.35
566.96	75.82
567.16	72.95
567.36	64.76
567.57	63.53
567.77	86.47
567.98	71.93
568.18	81.76
568.38	61.69
568.59	84.01
568.79	60.67
568.99	78.07
569.20	75.21
569.40	79.30
569.60	50.84
569.81	73.77
570.01	99.58
570.21	75.00
570.42	77.25
570.62	90.77
570.82	59.03
571.03	67.01
571.23	82.78
571.43	73.77
571.63	75.62
571.84	67.22
572.04	52.47
572.24	94.66
572.45	94.46
572.65	44.08
572.85	70.91
573.06	75.41
573.26	86.06
573.46	67.01
573.67	58.82
573.87	88.93
574.07	72.75
574.27	62.92
574.48	105.52
574.68	60.67
574.88	47.76
575.09	61.69
575.29	66.60
575.49	71.72
575.69	44.69
575.90	83.60
576.10	71.52
576.30	63.74
576.51	47.76
576.71	34.04
576.91	69.88
577.11	51.65
577.32	89.75
577.52	45.31
577.72	69.47
577.92	54.93
578.13	50.22
578.33	68.04
578.53	49.81
578.73	56.37
578.94	40.60
579.14	55.55
579.34	55.75
579.54	37.93
579.75	53.70
579.95	32.40
580.15	65.38
580.35	84.63
580.56	46.13
580.76	79.92
580.96	63.94
581.16	52.27
581.37	60.67
581.57	36.50
581.77	63.12
581.97	12.54
582.17	65.79
582.38	42.03
582.58	76.44
582.78	30.77
582.98	37.32
583.19	49.40
583.39	56.16
583.59	40.39
583.79	65.38
583.99	49.81
584.20	59.44
584.40	38.96
584.60	40.39
584.80	48.99
585.00	20.73
585.21	84.83
585.41	56.98
585.61	45.72
585.81	52.27
586.01	45.10
586.22	53.50
586.42	38.55
586.62	36.50
586.82	37.11
587.02	34.04
587.22	88.93
587.43	20.53
587.63	36.50
587.83	58.21
588.03	51.25
588.23	22.37
588.43	47.56
588.64	67.83
588.84	38.75
589.04	41.82
589.24	52.06
589.44	64.35
589.64	47.15
589.85	46.94
590.05	23.19
590.25	29.33
590.45	11.51
590.65	27.90
590.85	34.04
591.05	47.56
591.26	23.60
591.46	49.61
591.66	28.51
591.86	40.60
592.06	82.78
592.26	-9.17
592.46	20.32
592.67	24.62
592.87	63.94
593.07	30.15
593.27	40.60
593.47	35.48
593.67	48.99
593.87	40.60
594.07	63.74
594.28	45.92
594.48	30.77
594.68	37.73
594.88	70.09
595.08	35.07
595.28	36.09
595.48	46.33
595.68	46.74
595.88	48.17
596.08	27.49
596.29	56.16
596.49	49.20
596.69	28.31
596.89	17.66
597.09	33.63
597.29	50.43
597.49	42.23
597.69	28.72
597.89	70.70
598.09	43.26
598.29	28.31
598.50	50.84
598.70	42.03
598.90	22.37
599.10	64.35
599.30	41.21
599.50	34.45
599.70	76.23
599.90	47.56
600.10	45.31
600.30	27.08
600.50	45.51
600.70	26.67
600.90	43.26
601.10	24.01
601.30	63.12
601.50	16.22
601.71	5.78
601.91	32.81
602.11	38.34
602.31	63.33
602.51	24.21
602.71	25.03
602.91	21.55
603.11	52.47
603.31	15.20
603.51	20.94
603.71	31.18
603.91	41.21
604.11	59.44
604.31	47.56
604.51	38.96
604.71	50.63
604.91	29.54
605.11	53.09
605.31	55.14
605.51	67.22
605.71	29.33
605.91	30.77
606.11	56.77
606.31	56.77
606.51	58.00
606.71	43.46
606.91	48.99
607.11	55.55
607.31	31.99
607.51	67.83
607.71	39.78
607.91	46.94
608.11	26.87
608.31	47.56
608.51	32.81
608.71	37.52
608.91	10.29
609.11	38.34
609.31	53.09
609.51	42.44
609.71	29.74
609.91	31.38
610.11	32.40
610.31	38.75
610.51	27.28
610.71	41.82
610.91	38.55
611.11	45.51
611.31	19.91
611.51	25.24
611.71	60.87
611.91	41.82
612.11	3.94
612.31	50.02
612.51	22.98
612.71	52.47
612.90	41.62
613.10	44.49
613.30	55.96
613.50	31.18
613.70	46.74
613.90	36.70
614.10	32.20
614.30	35.48
614.50	43.87
614.70	50.63
614.90	45.72
615.10	54.11
615.30	57.80
615.50	36.09
615.70	22.37
615.90	58.21
616.09	41.41
616.29	36.70
616.49	68.04
616.69	35.48
616.89	44.49
617.09	27.69
617.29	44.28
617.49	39.37
617.69	72.95
617.89	32.20
618.09	32.20
618.28	41.01
618.48	48.58
618.68	53.91
618.88	28.10
619.08	35.89
619.28	47.76
619.48	43.26
619.68	44.28
619.88	31.79
620.08	26.06
620.27	42.85
620.47	28.72
620.67	56.77
620.87	28.92
621.07	59.03
621.27	20.12
621.47	53.70
621.67	43.05
621.86	43.87
622.06	37.32
622.26	48.17
622.46	54.32
622.66	22.57
622.86	15.61
623.06	47.76
623.25	33.43
623.45	74.39
623.65	24.62
623.85	26.46
624.05	2.09
624.25	36.70
624.45	44.90
624.64	31.38
624.84	18.89
625.04	16.02
625.24	67.01
625.44	51.25
625.64	60.05
625.83	36.70
626.03	51.45
626.23	21.14
626.43	31.79
626.63	28.10
626.83	24.62
627.02	51.65
627.22	50.43
627.42	55.14
627.62	53.09
627.82	37.52
628.02	31.18
628.21	54.73
628.41	33.63
628.61	56.98
628.81	28.10
629.01	47.97
629.20	36.91
629.40	23.80
629.60	24.42
629.80	47.76
630.00	12.13
630.19	39.78
630.39	41.82
630.59	44.90
630.79	19.50
630.99	44.69
631.18	42.44
631.38	38.96
631.58	55.55
631.78	43.46
631.98	51.04
632.17	51.25
632.37	56.16
632.57	59.44
632.77	48.17
632.96	77.66
633.16	31.58
633.36	44.49
633.56	57.18
633.76	47.15
633.95	18.48
634.15	54.11
634.35	78.89
634.55	45.10
634.74	49.81
634.94	61.89
635.14	33.02
635.34	51.45
635.53	80.53
635.73	43.26
635.93	55.14
636.13	42.64
636.32	44.28
636.52	43.67
636.72	34.04
636.92	53.29
637.11	40.80
637.31	63.33
637.51	55.96
637.70	56.37
637.90	36.50
638.10	52.27
638.30	47.97
638.49	58.21
638.69	59.23
638.89	59.44
639.09	42.44
639.28	42.03
639.48	66.60
639.68	57.18
639.87	25.65
640.07	57.59
640.27	50.43
640.47	37.93
640.66	46.53
640.86	48.17
641.06	59.03
641.25	82.78
641.45	48.38
641.65	54.52
641.84	47.97
642.04	86.47
642.24	57.59
642.44	45.92
642.63	50.84
642.83	53.70
643.03	65.58
643.22	47.35
643.42	57.39
643.62	68.24
643.81	63.12
644.01	41.01
644.21	59.44
644.40	75.21
644.60	53.91
644.80	82.78
644.99	52.27
645.19	32.81
645.39	88.11
645.58	71.52
645.78	78.28
645.98	47.76
646.17	40.19
646.37	52.06
646.57	73.98
646.76	55.34
646.96	35.89
647.16	52.47
647.35	45.51
647.55	75.21
647.75	67.01
647.94	61.48
648.14	61.89
648.33	72.75
648.53	49.81
648.73	61.08
648.92	33.43
649.12	34.86
649.32	38.75
649.51	12.54
649.71	48.99
649.90	48.99
650.10	71.32
650.30	52.06
650.49	42.23
650.69	56.98
650.89	4.76
651.08	51.65
651.28	39.37
651.47	52.06
651.67	41.41
651.87	57.80
652.06	61.48
652.26	45.92
652.45	45.72
652.65	35.27
652.85	71.11
653.04	16.84
653.24	41.01
653.43	38.14
653.63	49.20
653.83	33.63
654.02	42.85
654.22	46.53
654.41	66.20
654.61	48.99
654.81	45.10
655.00	62.30
655.20	29.54
655.39	26.87
655.59	62.51
655.78	51.04
655.98	24.42
656.18	55.75
656.37	55.14
656.57	38.14
656.76	34.66
656.96	82.58
657.15	36.09
657.35	54.11
657.55	38.55
657.74	64.76
657.94	17.25
658.13	38.34
658.33	53.70
658.52	47.76
658.72	46.94
658.91	41.21
659.11	56.16
659.30	88.93
659.50	31.99
659.70	50.02
659.89	23.80
660.09	25.03
660.28	26.06
660.48	26.06
660.67	42.23
660.87	45.51
661.06	49.61
661.26	41.21
661.45	35.68
661.65	38.14
661.84	51.45
662.04	28.51
662.23	57.18
662.43	41.62
662.62	39.37
662.82	53.09
663.01	21.55
663.21	51.25
663.41	26.46
663.60	54.32
663.80	50.22
663.99	73.77
664.19	31.99
664.38	36.91
664.58	15.00
664.77	47.35
664.97	19.50
665.16	36.29
665.35	65.58
665.55	43.87
665.74	18.89
665.94	88.11
666.13	38.96
666.33	49.20
666.52	43.26
666.72	48.17
666.91	35.89
667.11	34.86
667.30	34.04
667.50	32.61
667.69	11.72
667.89	46.53
668.08	47.76
668.28	17.45
668.47	55.55
668.67	51.45
668.86	21.75
669.05	32.61
669.25	34.45
669.44	32.81
669.64	24.21
669.83	8.85
670.03	11.92
670.22	61.48
670.42	23.80
670.61	39.37
670.81	32.81
671.00	14.59
671.19	16.63
671.39	39.37
671.58	44.08
671.78	40.80
671.97	22.37
672.17	19.71
672.36	19.09
672.55	42.85
672.75	42.03
672.94	50.84
673.14	32.20
673.33	55.75
673.53	38.75
673.72	51.25
673.91	35.89
674.11	71.72
674.30	166.34
674.50	19.50
674.69	34.25
674.88	31.58
675.08	38.55
675.27	30.36
675.47	42.23
675.66	23.19
675.85	13.77
676.05	49.40
676.24	15.61
676.44	7.42
676.63	29.54
676.82	37.52
677.02	79.71
677.21	48.38
677.41	-7.33
677.60	52.88
677.79	32.61
677.99	43.67
678.18	38.75
678.37	68.45
678.57	42.44
678.76	36.50
678.96	40.80
679.15	54.93
679.34	56.77
679.54	1.89
679.73	26.26
679.92	54.93
680.12	55.34
680.31	38.96
680.51	35.68
680.70	47.76
680.89	47.56
681.09	37.32
681.28	20.32
681.47	30.15
681.67	36.91
681.86	50.02
682.05	38.34
682.25	30.56
682.44	15.00
682.63	46.33
682.83	25.65
683.02	39.78
683.21	53.29
683.41	25.65
683.60	43.26
683.79	71.32
683.99	34.45
684.18	48.99
684.37	21.14
684.57	37.93
684.76	36.29
684.95	30.36
685.15	55.75
685.34	21.34
685.53	49.40
685.73	7.01
685.92	42.23
686.11	40.19
686.31	31.18
686.50	53.29
686.69	4.76
686.88	34.86
687.08	33.02
687.27	23.60
687.46	21.96
687.66	38.96
687.85	33.43
688.04	18.68
688.24	26.67
688.43	24.83
688.62	65.79
688.81	36.09
689.01	20.73
689.20	22.98
689.39	22.78
689.59	11.31
689.78	58.21
689.97	34.66
690.16	35.89
690.36	26.87
690.55	29.74
690.74	43.67
690.93	36.91
691.13	21.14
691.32	47.56
691.51	3.94
691.70	46.94
691.90	38.14
692.09	28.10
692.28	21.75
692.48	26.26
692.67	45.10
692.86	51.04
693.05	20.12
693.25	34.66
693.44	50.02
693.63	22.98
693.82	14.79
694.01	38.96
694.21	26.46
694.40	20.94
694.59	27.90
694.78	-0.98
694.98	18.89
695.17	46.53
695.36	9.67
695.55	51.25
695.75	31.38
695.94	39.37
696.13	41.21
696.32	23.60
696.51	20.12
696.71	28.51
696.90	40.80
697.09	51.45
697.28	26.46
697.48	43.46
697.67	33.22
697.86	36.70
698.05	46.94
698.24	48.79
698.44	22.98
698.63	30.36
698.82	21.75
699.01	34.86
699.20	17.04
699.40	12.95
699.59	70.91
699.78	22.16
699.97	45.31
700.16	17.45
700.36	49.40
700.55	17.66
700.74	34.04
700.93	42.85
701.12	17.04
701.31	17.45
701.51	15.20
701.70	35.07
701.89	29.33
702.08	24.62
702.27	43.46
702.46	25.03
702.66	31.99
702.85	44.49
703.04	50.63
703.23	14.18
703.42	37.93
703.61	39.37
703.81	36.09
704.00	21.34
704.19	19.91
704.38	39.16
704.57	40.60
704.76	36.09
704.96	47.97
705.15	43.26
705.34	7.83
705.53	15.00
705.72	15.20
705.91	50.63
706.10	35.89
706.30	30.97
706.49	36.70
706.68	9.88
706.87	16.02
707.06	-9.78
707.25	9.67
707.44	19.09
707.63	10.49
707.83	16.84
708.02	43.26
708.21	22.98
708.40	18.48
708.59	26.87
708.78	38.34
708.97	16.84
709.16	3.94
709.35	30.77
709.55	32.61
709.74	24.42
709.93	7.83
710.12	34.04
710.31	34.04
710.50	3.53
710.69	39.16
710.88	16.22
711.07	15.20
711.26	17.86
711.46	22.57
711.65	29.95
711.84	27.90
712.03	10.70
712.22	50.43
712.41	27.28
712.60	42.03
712.79	36.09
712.98	19.09
713.17	29.33
713.36	59.44
713.55	31.79
713.75	19.30
713.94	33.43
714.13	36.29
714.32	35.89
714.51	44.28
714.70	58.82
714.89	27.90
715.08	-3.03
715.27	47.56
715.46	10.70
715.65	60.05
715.84	7.83
716.03	22.78
716.22	20.94
716.41	31.79
716.60	35.07
716.79	0.87
716.99	30.36
717.18	9.88
717.37	33.63
717.56	17.04
717.75	21.75
717.94	39.78
718.13	31.18
718.32	38.55
718.51	9.88
718.70	8.03
718.89	-4.66
719.08	31.99
719.27	33.63
719.46	44.08
719.65	34.04
719.84	4.96
720.03	14.18
720.22	30.36
720.41	32.61
720.60	30.56
720.79	34.86
720.98	29.74
721.17	9.06
721.36	24.01
721.55	37.11
721.74	39.37
721.93	22.78
722.12	29.54
722.31	32.61
722.50	5.17
722.69	1.89
722.88	14.18
723.07	38.34
723.26	48.38
723.45	22.57
723.64	28.72
723.83	32.81
724.02	43.67
724.21	4.14
724.40	41.82
724.59	-10.60
724.78	46.13
724.97	8.44
725.16	15.41
725.35	38.55
725.54	14.59
725.73	39.98
725.92	43.67
726.11	31.18
726.30	62.30
726.49	45.31
726.68	37.11
726.87	45.10
727.06	25.85
727.25	62.51
727.43	32.81
727.62	31.58
727.81	40.60
728.00	45.51
728.19	46.33
728.38	44.69
728.57	50.84
728.76	49.81
728.95	60.26
729.14	52.27
729.33	39.57
729.52	84.22
729.71	45.51
729.90	35.89
730.09	36.91
730.28	65.79
730.47	49.40
730.65	53.50
730.84	46.74
731.03	77.05
731.22	79.92
731.41	40.39
731.60	40.19
731.79	45.92
731.98	36.09
732.17	63.12
732.36	72.95
732.55	44.28
732.74	55.14
732.92	47.15
733.11	63.12
733.30	59.03
733.49	45.10
733.68	32.81
733.87	39.16
734.06	54.11
734.25	42.85
734.44	65.99
734.63	65.38
734.81	61.48
735.00	40.39
735.19	62.30
735.38	43.67
735.57	58.21
735.76	56.37
735.95	72.13
736.14	73.36
736.33	55.96
736.51	41.21
736.70	53.09
736.89	46.74
737.08	51.65
737.27	40.39
737.46	49.61
737.65	50.22
737.83	26.06
738.02	50.43
738.21	44.49
738.40	48.17
738.59	67.63
738.78	16.63
738.97	38.96
739.16	71.52
739.34	70.50
739.53	45.72
739.72	40.39
739.91	47.35
740.10	39.37
740.29	72.95
740.47	63.33
740.66	69.47
740.85	18.07
741.04	26.46
741.23	21.96
741.42	43.67
741.60	70.09
741.79	54.32
741.98	41.21
742.17	11.10
742.36	59.64
742.55	42.64
742.73	23.19
742.92	31.58
743.11	40.19
743.30	34.66
743.49	68.04
743.68	29.95
743.86	40.60
744.05	27.08
744.24	42.23
744.43	18.68
744.62	54.52
744.80	59.03
744.99	36.09
745.18	44.69
745.37	26.46
745.56	30.36
745.74	28.51
745.93	46.53
746.12	43.67
746.31	21.75
746.50	32.40
746.68	30.56
746.87	31.99
747.06	36.50
747.25	43.87
747.44	88.72
747.62	36.29
747.81	35.48
748.00	46.74
748.19	37.11
748.37	34.04
748.56	30.97
748.75	30.15
748.94	36.91
749.13	36.91
749.31	-15.93
749.50	23.80
749.69	-0.98
749.88	18.68
750.06	22.78
750.25	21.75
750.44	27.69
750.63	20.73
750.81	70.91
751.00	55.75
751.19	52.27
751.38	32.20
751.56	43.26
751.75	25.24
751.94	50.43
752.13	20.32
752.31	29.74
752.50	18.07
752.69	29.95
752.88	37.32
753.06	58.00
753.25	20.53
753.44	2.91
753.63	11.92
753.81	27.28
754.00	20.12
754.19	17.25
754.37	20.53
754.56	32.40
754.75	11.10
754.94	19.30
755.12	29.13
755.31	27.49
755.50	18.27
755.69	45.10
755.87	-5.28
756.06	43.46
756.25	0.66
756.43	63.53
756.62	0.25
756.81	48.58
756.99	35.07
757.18	30.36
757.37	45.31
757.56	1.27
757.74	15.20
757.93	9.26
758.12	26.06
758.30	42.64
758.49	-7.74
758.68	44.28
758.86	12.33
759.05	22.16
759.24	12.33
759.42	44.49
759.61	44.69
759.80	17.04
759.99	24.42
760.17	18.48
760.36	24.62
760.55	13.77
760.73	49.20
760.92	17.45
761.11	25.85
761.29	32.81
761.48	35.68
761.67	18.07
761.85	11.51
762.04	17.66
762.23	29.33
762.41	19.50
762.60	30.56
762.79	33.02
762.97	27.69
763.16	24.42
763.34	-5.07
763.53	23.39
763.72	5.17
763.90	48.38
764.09	40.60
764.28	51.65
764.46	17.04
764.65	49.81
764.84	11.31
765.02	26.06
765.21	16.84
765.40	34.45
765.58	54.32
765.77	22.37
765.95	50.43
766.14	27.90
766.33	32.20
766.51	2.50
766.70	13.56
766.89	5.17
767.07	35.89
767.26	52.47
767.44	10.49
767.63	22.16
767.82	19.09
768.00	28.10
768.19	35.48
768.37	29.95
768.56	5.58
768.75	14.38
768.93	25.65
769.12	9.67
769.30	27.90
769.49	38.96
769.68	27.28
769.86	17.86
770.05	20.32
770.23	35.48
770.42	29.33
770.61	47.35
770.79	42.64
770.98	58.00
771.16	34.86
771.35	16.02
771.54	5.37
771.72	28.51
771.91	59.44
772.09	23.60
772.28	22.57
772.46	8.44
772.65	16.43
772.84	31.38
773.02	37.52
773.21	27.08
773.39	13.97
773.58	41.41
773.76	-0.36
773.95	39.37
774.13	17.45
774.32	68.86
774.51	20.53
774.69	51.86
774.88	20.53
775.06	42.85
775.25	14.18
775.43	30.56
775.62	49.40
775.80	10.29
775.99	21.34
776.18	11.92
776.36	26.46
776.55	6.39
776.73	27.08
776.92	22.57
777.10	37.32
777.29	49.81
777.47	11.72
777.66	53.70
777.84	9.67
778.03	37.93
778.21	43.67
778.40	29.95
778.58	33.84
778.77	59.85
778.95	36.70
779.14	41.62
779.33	26.46
779.51	34.45
779.70	9.47
779.88	44.49
780.07	42.03
780.25	28.31
780.44	11.72
780.62	31.38
780.81	16.22
780.99	15.00
781.18	3.73
781.36	24.42
781.55	4.14
781.73	36.70
781.92	46.13
782.10	40.39
782.29	28.72
782.47	22.37
782.66	40.60
782.84	51.25
783.03	41.82
783.21	13.97
783.39	10.70
783.58	12.54
783.76	16.63
783.95	43.05
784.13	37.32
784.32	35.07
784.50	13.36
784.69	35.48
784.87	32.61
785.06	22.37
785.24	40.80
785.43	18.27
785.61	10.70
785.80	23.60
785.98	3.12
786.17	37.11
786.35	29.95
786.53	12.13
786.72	15.00
786.90	19.71
787.09	4.96
787.27	32.61
787.46	27.49
787.64	38.34
787.83	23.60
788.01	21.96
788.19	20.53
788.38	25.24
788.56	8.65
788.75	18.27
788.93	19.50
789.12	56.77
789.30	23.39
789.49	21.55
789.67	43.67
789.85	41.01
790.04	33.84
790.22	22.98
790.41	17.66
790.59	11.31
790.77	13.36
790.96	16.43
791.14	54.52
791.33	36.91
791.51	30.56
791.70	28.51
791.88	13.97
792.06	17.86
792.25	2.91
792.43	8.03
792.62	54.32
792.80	48.17
792.98	30.77
793.17	40.39
793.35	22.37
793.54	7.21
793.72	34.86
793.90	36.29
794.09	22.98
794.27	42.85
794.46	9.47
794.64	44.28
794.82	8.24
795.01	38.55
795.19	21.96
795.37	36.09
795.56	12.74
795.74	32.81
795.93	16.43
796.11	27.49
796.29	9.88
796.48	6.39
796.66	29.13
796.84	10.08
797.03	24.83
797.21	38.75
797.40	9.67
797.58	9.67
797.76	10.90
797.95	9.88
798.13	7.83
798.31	20.53
798.50	20.53
798.68	-20.02
798.86	1.68
799.05	31.99
799.23	36.91
799.42	39.57
799.60	22.16
799.78	28.31
799.97	-5.07
800.15	32.61
800.33	10.49
800.52	6.39
800.70	38.14
800.88	22.16
801.07	18.48
801.25	26.06
801.43	12.95
801.62	11.31
801.80	10.90
801.98	25.24
802.17	48.79
802.35	27.49
802.53	29.74
802.72	13.77
802.90	22.16
803.08	-1.39
803.26	32.61
803.45	37.52
803.63	19.09
803.81	36.70
804.00	4.55
804.18	23.39
804.36	17.04
804.55	8.44
804.73	32.20
804.91	-10.40
805.10	38.14
805.28	-2.00
805.46	17.66
805.64	24.83
805.83	40.60
806.01	15.00
806.19	13.77
806.38	23.80
806.56	30.15
806.74	42.85
806.92	7.42
807.11	33.22
807.29	4.35
807.47	13.97
807.66	36.29
807.84	35.89
808.02	36.70
808.20	15.61
808.39	8.44
808.57	19.91
808.75	15.82
808.94	61.69
809.12	9.26
809.30	57.18
809.48	30.97
809.67	44.49
809.85	30.97
810.03	15.82
810.21	-1.59
810.40	22.16
810.58	28.51
810.76	47.35
810.94	20.73
811.13	28.10
811.31	35.27
811.49	17.45
811.67	44.28
811.86	27.90
812.04	14.59
812.22	33.63
812.40	19.09
812.59	40.80
812.77	46.53
812.95	39.16
813.13	-11.83
813.32	18.27
813.50	18.89
813.68	14.59
813.86	-5.48
814.04	4.14
814.23	9.67
814.41	23.39
814.59	18.48
814.77	39.78
814.96	25.03
815.14	38.34
815.32	33.43
815.50	57.80
815.68	28.10
815.87	18.89
816.05	30.77
816.23	28.10
816.41	37.73
816.59	39.16
816.78	20.94
816.96	-0.98
817.14	51.86
817.32	24.62
817.50	50.43
817.69	7.21
817.87	11.51
818.05	27.69
818.23	11.92
818.41	56.57
818.60	47.97
818.78	36.29
818.96	39.98
819.14	37.52
819.32	12.74
819.51	22.37
819.69	35.68
819.87	41.21
820.05	24.62
820.23	34.04
820.41	18.07
820.60	28.72
820.78	16.43
820.96	25.24
821.14	9.47
821.32	24.83
821.50	-22.28
821.69	35.48
821.87	11.92
822.05	62.92
822.23	29.54
822.41	36.29
822.59	27.90
822.78	9.26
822.96	44.69
823.14	7.83
823.32	22.37
823.50	34.66
823.68	52.68
823.86	28.31
824.05	50.22
824.23	25.24
824.41	53.09
824.59	44.28
824.77	39.37
824.95	23.19
825.13	28.72
825.32	38.14
825.50	-4.66
825.68	18.68
825.86	24.21
826.04	30.97
826.22	25.24
826.40	35.07
826.58	-4.66
826.77	41.41
826.95	40.19
827.13	24.42
827.31	18.48
827.49	38.55
827.67	44.90
827.85	8.85
828.03	10.08
828.22	43.46
828.40	27.49
828.58	23.39
828.76	0.66
828.94	35.07
829.12	43.46
829.30	36.91
829.48	15.20
829.66	38.75
829.84	30.97
830.03	51.65
830.21	30.36
830.39	31.38
830.57	37.52
830.75	35.07
830.93	17.66
831.11	14.38
831.29	39.98
831.47	32.81
831.65	39.37
831.83	26.06
832.02	15.20
832.20	27.08
832.38	25.65
832.56	-10.40
832.74	30.77
832.92	13.97
833.10	29.13
833.28	14.18
833.46	57.80
833.64	49.20
833.82	49.81
834.00	16.63
834.18	10.49
834.36	41.82
834.54	16.22
834.73	40.60
834.91	1.89
835.09	-10.60
835.27	31.79
835.45	46.53
835.63	12.13
835.81	30.56
835.99	27.28
836.17	38.55
836.35	35.48
836.53	18.68
836.71	25.24
836.89	55.55
837.07	24.83
837.25	-6.71
837.43	5.78
837.61	41.21
837.79	7.42
837.97	34.45
838.15	31.38
838.33	14.18
838.51	26.06
838.69	32.40
838.87	-8.76
839.05	19.71
839.23	21.55
839.41	37.11
839.59	13.36
839.78	30.56
839.96	43.67
840.14	22.98
840.32	10.49
840.50	18.89
840.68	47.15
840.86	8.44
841.04	27.69
841.22	10.90
841.40	28.92
841.58	30.36
841.76	14.59
841.94	13.77
842.12	29.54
842.30	44.08
842.48	31.18
842.66	28.10
842.84	26.46
843.02	31.58
843.20	11.72
843.38	37.32
843.55	36.91
843.73	27.69
843.91	41.62
844.09	36.50
844.27	43.46
844.45	26.87
844.63	22.78
844.81	25.44
844.99	32.61
845.17	55.34
845.35	28.10
845.53	10.08
845.71	24.62
845.89	35.27
846.07	25.24
846.25	32.40
846.43	31.79
846.61	24.01
846.79	6.39
846.97	31.99
847.15	5.17
847.33	32.20
847.51	35.48
847.69	13.56
847.87	24.62
848.05	37.73
848.23	22.57
848.41	34.86
848.58	3.94
848.76	17.04
848.94	13.56
849.12	11.51
849.30	40.60
849.48	-0.36
849.66	24.83
849.84	13.77
850.02	28.31
850.20	40.19
850.38	1.89
850.56	19.71
850.74	18.68
850.92	44.90
851.10	9.06
851.27	20.32
851.45	15.00
851.63	32.81
851.81	13.56
851.99	29.54
852.17	46.74
852.35	42.64
852.53	48.17
852.71	23.60
852.89	26.26
853.07	8.65
853.24	42.23
853.42	31.38
853.60	74.39
853.78	35.27
853.96	8.44
854.14	-2.00
854.32	12.95
854.50	46.13
854.68	39.16
854.86	19.09
855.03	13.77
855.21	2.91
855.39	63.94
855.57	42.23
855.75	-2.41
855.93	33.43
856.11	30.36
856.29	47.15
856.47	17.25
856.64	29.54
856.82	-2.21
857.00	39.16
857.18	25.85
857.36	16.02
857.54	-1.18
857.72	30.56
857.90	21.14
858.07	18.68
858.25	21.34
858.43	34.86
858.61	53.09
858.79	23.80
858.97	28.31
859.15	24.62
859.32	12.13
859.50	46.33
859.68	34.04
859.86	35.07
860.04	17.45
860.22	38.34
860.40	30.97
860.57	37.52
860.75	27.28
860.93	5.17
861.11	-5.48
861.29	50.43
861.47	-11.22
861.64	51.25
861.82	2.71
862.00	42.23
862.18	11.31
862.36	23.60
862.54	7.01
862.71	26.87
862.89	24.42
863.07	20.32
863.25	6.60
863.43	18.27
863.61	28.10
863.78	44.49
863.96	31.18
864.14	6.80
864.32	54.52
864.50	18.48
864.67	19.50
864.85	67.01
865.03	52.27
865.21	35.07
865.39	26.06
865.57	23.19
865.74	51.25
865.92	54.93
866.10	33.02
866.28	29.13
866.46	24.21
866.63	46.74
866.81	44.90
866.99	46.94
867.17	-5.89
867.34	22.78
867.52	30.36
867.70	14.18
867.88	35.68
868.06	17.45
868.23	17.04
868.41	34.25
868.59	18.27
868.77	16.22
868.95	11.72
869.12	36.70
869.30	21.96
869.48	16.84
869.66	37.93
869.83	15.41
870.01	24.21
870.19	26.06
870.37	-14.70
870.55	22.98
870.72	24.83
870.90	39.78
871.08	9.47
871.26	18.68
871.43	16.22
871.61	24.62
871.79	42.03
871.97	5.58
872.14	56.16
872.32	15.41
872.50	16.43
872.68	23.39
872.85	42.03
873.03	25.44
873.21	7.21
873.39	27.49
873.56	7.21
873.74	43.46
873.92	15.41
874.10	18.48
874.27	7.62
874.45	20.32
874.63	31.38
874.80	47.76
874.98	32.61
875.16	26.67
875.34	33.43
875.51	50.02
875.69	14.38
875.87	24.42
876.05	19.91
876.22	13.56
876.40	5.58
876.58	27.08
876.75	15.82
876.93	30.77
877.11	9.06
877.29	9.06
877.46	27.69
877.64	27.28
877.82	21.96
877.99	27.90
878.17	14.18
878.35	32.61
878.52	18.68
878.70	71.32
878.88	20.12
879.06	36.09
879.23	23.39
879.41	62.92
879.59	37.52
879.76	20.94
879.94	20.32
880.12	61.28
880.29	52.88
880.47	39.57
880.65	35.89
880.82	11.31
881.00	14.18
881.18	-1.59
881.36	25.85
881.53	47.97
881.71	26.26
881.89	41.01
882.06	30.56
882.24	37.11
882.42	0.46
882.59	52.47
882.77	46.94
882.95	33.43
883.12	22.98
883.30	59.85
883.48	16.84
883.65	47.35
883.83	49.81
884.01	33.22
884.18	20.94
884.36	34.04
884.54	20.12
884.71	53.70
884.89	29.13
885.06	65.38
885.24	47.56
885.42	45.31
885.59	27.69
885.77	51.04
885.95	40.60
886.12	58.21
886.30	48.58
886.48	62.10
886.65	45.51
886.83	49.20
887.01	24.21
887.18	78.69
887.36	67.22
887.53	46.74
887.71	39.98
887.89	52.06
888.06	9.67
888.24	69.47
888.42	65.17
888.59	43.05
888.77	34.86
888.94	43.46
889.12	45.31
889.30	59.03
889.47	33.43
889.65	62.10
889.82	54.11
890.00	57.39
890.18	50.63
890.35	52.06
890.53	47.76
890.71	29.33
890.88	71.11
891.06	37.73
891.23	46.53
891.41	45.92
891.59	65.17
891.76	72.95
891.94	43.87
892.11	46.33
892.29	63.53
892.46	68.04
892.64	38.34
892.82	54.93
892.99	23.39
893.17	72.34
893.34	77.87
893.52	54.11
893.70	62.51
893.87	64.56
894.05	58.00
894.22	56.57
894.40	65.38
894.57	68.45
894.75	67.22
894.93	65.99
895.10	75.00
895.28	74.80
895.45	77.25
895.63	80.94
895.80	71.32
895.98	75.41
896.16	86.47
896.33	96.51
896.51	51.25
896.68	115.76
896.86	100.60
897.03	92.41
897.21	88.93
897.38	95.28
897.56	96.30
897.74	133.98
897.91	131.73
898.09	88.52
898.26	131.32
898.44	127.63
898.61	123.95
898.79	102.44
898.96	135.01
899.14	132.34
899.31	141.97
899.49	146.27
899.67	136.85
899.84	196.24
900.02	247.44
900.19	333.25
900.37	437.29
900.54	578.80
900.72	781.55
900.89	1084.04
901.07	1423.38
901.24	1783.21
901.42	2221.68
901.59	2789.58
901.77	3494.70
901.94	4157.42
902.12	4956.74
902.29	5913.97
902.47	6904.36
902.64	7876.94
902.82	9176.58
902.99	10359.08
903.17	11785.90
903.34	13115.03
903.52	14670.47
903.69	16353.90
903.87	18190.51
904.04	20112.33
904.22	21779.99
904.39	23849.67
904.57	25393.22
904.74	27717.66
904.92	29871.72
905.09	31490.64
905.27	33527.75
905.44	35809.19
905.62	37936.82
905.79	40290.55
905.97	41907.43
906.14	44152.61
906.32	45523.11
906.49	48147.79
906.67	49851.50
906.84	51478.61
907.02	53156.92
907.19	54409.87
907.37	55550.58
907.54	56916.99
907.72	57676.58
907.89	58324.56
908.06	59101.35
908.24	59588.15
908.41	60567.49
908.59	61173.90
908.76	61312.34
908.94	61054.70
909.11	60810.38
909.29	60134.14
909.46	59631.57
909.64	57993.61
909.81	57167.25
909.99	55885.63
910.16	54381.60
910.33	53948.87
910.51	52387.50
910.68	51075.16
910.86	49332.54
911.03	47599.75
911.21	45919.40
911.38	43830.88
911.56	41697.71
911.73	39951.41
911.90	37798.18
912.08	35667.88
912.25	33983.83
912.43	31538.97
912.60	29780.99
912.78	27483.99
912.95	25794.42
913.12	23821.20
913.30	21676.36
913.47	19636.99
913.65	17831.91
913.82	16084.18
914.00	14401.57
914.17	12840.40
914.34	11432.22
914.52	9970.99
914.69	8576.94
914.87	7540.67
915.04	6446.44
915.21	5500.07
915.39	4678.84
915.56	3948.12
915.74	3248.94
915.91	2655.65
916.08	2165.77
916.26	1718.70
916.43	1411.71
916.61	1149.78
916.78	928.39
916.95	736.09
917.13	637.58
917.30	517.77
917.48	436.06
917.65	359.26
917.82	302.74
918.00	306.42
918.17	264.85
918.35	250.10
918.52	216.93
918.69	241.09
918.87	205.25
919.04	201.57
919.22	173.92
919.39	181.09
919.56	186.00
919.74	181.91
919.91	167.98
920.08	172.48
920.26	158.56
920.43	152.82
920.61	146.27
920.78	155.90
920.95	151.19
921.13	189.69
921.30	143.40
921.47	153.03
921.65	165.11
921.82	118.83
921.99	145.04
922.17	146.07
922.34	151.39
922.51	121.90
922.69	126.20
922.86	126.20
923.04	118.42
923.21	116.58
923.38	94.66
923.56	146.89
923.73	118.62
923.90	108.18
924.08	113.30
924.25	109.20
924.42	135.01
924.60	122.72
924.77	111.25
924.94	119.44
925.12	127.43
925.29	139.31
925.46	138.28
925.64	106.75
925.81	156.10
925.98	133.98
926.16	113.50
926.33	124.36
926.50	117.39
926.68	116.17
926.85	108.79
927.02	121.70
927.19	101.63
927.37	128.86
927.54	100.60
927.71	136.65
927.89	107.56
928.06	113.30
928.23	86.47
928.41	110.23
928.58	129.48
928.75	123.95
928.93	110.23
929.10	109.82
929.27	87.08
929.44	109.82
929.62	82.58
929.79	121.29
929.96	121.29
930.14	86.47
930.31	137.06
930.48	112.89
930.66	120.06
930.83	89.54
931.00	80.53
931.17	96.51
931.35	89.13
931.52	109.82
931.69	113.09
931.87	92.00
932.04	84.22
932.21	98.76
932.38	86.68
932.56	94.66
932.73	88.11
932.90	114.53
933.07	74.59
933.25	80.53
933.42	67.22
933.59	78.28
933.77	59.64
933.94	78.28
934.11	111.46
934.28	40.19
934.46	64.35
934.63	61.69
934.80	43.26
934.97	52.88
935.15	56.57
935.32	85.04
935.49	77.66
935.66	73.57
935.84	73.57
936.01	67.83
936.18	49.40
936.35	58.21
936.53	79.51
936.70	58.21
936.87	49.61
937.04	87.90
937.22	54.32
937.39	48.38
937.56	58.62
937.73	50.22
937.91	33.63
938.08	54.52
938.25	21.96
938.42	42.64
938.59	64.15
938.77	35.48
938.94	50.22
939.11	26.26
939.28	41.21
939.46	54.73
939.63	45.51
939.80	38.75
939.97	29.74
940.14	56.98
940.32	53.29
940.49	38.96
940.66	80.94
940.83	49.81
941.00	50.43
941.18	45.10
941.35	50.02
941.52	49.61
941.69	48.99
941.87	31.18
942.04	32.61
942.21	23.60
942.38	43.46
942.55	65.38
942.73	37.32
942.90	42.44
943.07	27.69
943.24	26.46
943.41	18.07
943.58	37.73
943.76	33.43
943.93	45.31
944.10	26.26
944.27	53.91
944.44	17.86
944.62	43.05
944.79	19.91
944.96	35.07
945.13	68.65
945.30	6.19
945.47	24.62
945.65	58.41
945.82	14.79
945.99	45.51
946.16	42.85
946.33	36.50
946.50	30.15
946.68	28.92
946.85	33.43
947.02	40.19
947.19	41.21
947.36	22.16
947.53	45.51
947.71	55.55
947.88	20.32
948.05	33.22
948.22	35.68
948.39	24.62
948.56	45.72
948.74	17.04
948.91	17.25
949.08	39.78
949.25	44.08
949.42	42.44
949.59	19.09
949.76	55.96
949.94	38.14
950.11	28.92
950.28	7.62
950.45	9.47
950.62	21.55
950.79	51.25
950.96	9.47
951.14	24.83
951.31	12.54
951.48	23.19
951.65	22.78
951.82	52.68
951.99	29.54
952.16	38.55
952.33	39.16
952.51	33.43
952.68	20.32
952.85	49.40
953.02	16.43
953.19	42.85
953.36	68.86
953.53	29.74
953.70	33.22
953.87	47.56
954.05	31.18
954.22	40.19
954.39	35.07
954.56	5.37
954.73	22.16
954.90	30.97
955.07	20.94
955.24	42.23
955.41	37.11
955.58	35.07
955.76	30.77
955.93	26.67
956.10	18.27
956.27	41.82
956.44	31.38
956.61	50.02
956.78	23.19
956.95	58.41
957.12	17.45
957.29	48.38
957.46	16.22
957.64	33.02
957.81	41.62
957.98	30.36
958.15	12.33
958.32	9.26
958.49	30.77
958.66	10.29
958.83	48.79
959.00	61.69
959.17	18.89
959.34	29.54
959.51	22.98
959.68	56.98
959.85	35.27
960.03	8.85
960.20	4.14
960.37	36.50
960.54	35.48
960.71	23.39
960.88	48.38
961.05	16.84
961.22	30.97
961.39	42.44
961.56	80.74
961.73	-3.44
961.90	18.48
962.07	37.73
962.24	21.14
962.41	31.18
962.58	27.28
962.75	32.40
962.92	40.39
963.09	-1.39
963.26	11.10
963.44	33.63
963.61	35.07
963.78	16.22
963.95	28.92
964.12	24.42
964.29	2.30
964.46	36.50
964.63	30.77
964.80	34.25
964.97	5.37
965.14	26.26
965.31	18.27
965.48	21.34
965.65	23.39
965.82	20.73
965.99	5.17
966.16	40.80
966.33	50.43
966.50	25.03
966.67	35.89
966.84	53.09
967.01	23.39
967.18	33.43
967.35	27.08
967.52	4.96
967.69	21.75
967.86	22.98
968.03	53.70
968.20	7.42
968.37	20.12
968.54	27.49
968.71	35.27
968.88	33.02
969.05	0.46
969.22	58.21
969.39	15.41
969.56	48.99
969.73	24.83
969.90	17.66
970.07	11.10
970.24	26.87
970.41	16.63
970.58	52.27
970.75	48.58
970.92	27.08
971.09	23.19
971.26	21.75
971.43	17.04
971.60	51.86
971.77	22.57
971.94	51.86
972.11	9.67
972.28	10.08
972.45	21.75
972.62	9.26
972.79	36.29
972.96	54.32
973.12	39.16
973.29	4.96
973.46	31.58
973.63	0.05
973.80	44.08
973.97	22.57
974.14	44.28
974.31	12.33
974.48	25.24
974.65	24.21
974.82	34.04
974.99	-7.53
975.16	19.91
975.33	12.13
975.50	13.97
975.67	55.34
975.84	39.78
976.01	18.07
976.18	15.82
976.35	16.43
976.51	23.19
976.68	30.77
976.85	17.86
977.02	24.21
977.19	6.80
977.36	5.58
977.53	16.84
977.70	17.04
977.87	30.36
978.04	28.72
978.21	14.79
978.38	19.91
978.55	24.01
978.72	10.49
978.88	13.97
979.05	22.37
979.22	16.22
979.39	24.01
979.56	34.86
979.73	18.48
979.90	35.48
980.07	46.94
980.24	17.45
980.41	21.34
980.58	33.22
980.75	22.98
980.91	33.84
981.08	27.49
981.25	49.40
981.42	44.69
981.59	1.89
981.76	22.98
981.93	14.38
982.10	9.06
982.27	27.49
982.44	-4.05
982.60	30.15
982.77	50.84
982.94	31.79
983.11	42.44
983.28	11.10
983.45	15.82
983.62	35.68
983.79	16.22
983.95	28.51
984.12	-2.21
984.29	29.54
984.46	15.00
984.63	15.82
984.80	46.13
984.97	25.85
985.14	31.38
985.30	-9.78
985.47	36.70
985.64	28.10
985.81	19.09
985.98	11.51
986.15	16.02
986.32	17.04
986.49	20.12
986.65	18.27
986.82	38.34
986.99	45.51
987.16	29.54
987.33	30.97
987.50	57.80
987.67	17.25
987.83	8.65
988.00	33.02
988.17	28.72
988.34	15.20
988.51	0.87
988.68	26.67
988.84	38.34
989.01	17.25
989.18	19.71
989.35	27.49
989.52	-7.74
989.69	21.34
989.86	17.25
990.02	42.64
990.19	31.58
990.36	-7.53
990.53	91.18
990.70	33.63
990.87	37.32
991.03	16.63
991.20	26.87
991.37	31.18
991.54	11.31
991.71	2.71
991.87	21.55
992.04	14.38
992.21	60.67
992.38	35.89
992.55	36.91
992.72	13.56
992.88	18.68
993.05	22.98
993.22	26.87
993.39	24.21
993.56	21.34
993.72	21.96
993.89	38.96
994.06	39.98
994.23	36.50
994.40	-0.57
994.56	20.32
994.73	26.87
994.90	5.78
995.07	17.66
995.24	25.85
995.40	35.48
995.57	34.25
995.74	33.63
995.91	26.26
996.08	30.36
996.24	30.36
996.41	35.68
996.58	35.07
996.75	6.39
996.92	25.65
997.08	29.54
997.25	23.60
997.42	27.49
997.59	39.98
997.75	35.68
997.92	47.15
998.09	15.61
998.26	14.18
998.43	18.27
998.59	4.14
998.76	7.62
998.93	29.33
999.10	21.75
999.26	3.73
999.43	8.44
999.60	40.60
999.77	60.26
999.93	0.25
1000.10	24.01
1000.27	-4.25
1000.44	25.65
1000.60	11.31
1000.77	19.30
1000.94	3.94
1001.11	29.33
1001.28	15.41
1001.44	13.97
1001.61	5.99
1001.78	30.56
1001.95	29.74
1002.11	3.53
1002.28	25.65
1002.45	19.30
1002.61	11.31
1002.78	0.87
1002.95	68.86
1003.12	22.37
1003.28	35.27
1003.45	2.09
1003.62	3.32
1003.79	12.33
1003.95	33.84
1004.12	18.68
1004.29	-6.71
1004.46	45.31
1004.62	7.83
1004.79	18.07
1004.96	41.62
1005.12	18.68
1005.29	9.47
1005.46	28.72
1005.63	24.21
1005.79	28.92
1005.96	32.81
1006.13	20.94
1006.29	21.14
1006.46	-14.29
1006.63	28.31
1006.80	27.08
1006.96	-2.62
1007.13	10.90
1007.30	14.38
1007.46	26.87
1007.63	18.07
1007.80	34.45
1007.97	52.06
1008.13	28.31
1008.30	25.03
1008.47	5.78
1008.63	11.72
1008.80	17.04
1008.97	2.30
1009.13	22.16
1009.30	16.43
1009.47	-5.89
1009.64	9.06
1009.80	15.82
1009.97	35.48
1010.14	21.75
1010.30	12.74
1010.47	-0.36
1010.64	25.44
1010.80	23.80
1010.97	-2.21
1011.14	1.48
1011.30	68.04
1011.47	28.51
1011.64	40.60
1011.80	10.29
1011.97	3.12
1012.14	25.44
1012.30	5.78
1012.47	20.53
1012.64	48.38
1012.80	12.33
1012.97	31.79
1013.14	21.34
1013.30	31.18
1013.47	54.52
1013.64	35.07
1013.80	18.89
1013.97	32.61
1014.14	22.57
1014.30	10.29
1014.47	50.22
1014.64	7.83
1014.80	22.37
1014.97	17.25
1015.14	28.72
1015.30	35.89
1015.47	14.18
1015.64	38.96
1015.80	36.29
1015.97	40.60
1016.13	22.98
1016.30	46.74
1016.47	8.44
1016.63	0.66
1016.80	10.29
1016.97	-4.87
1017.13	1.27
1017.30	25.24
1017.47	16.63
1017.63	33.63
1017.80	35.89
1017.96	12.95
1018.13	69.06
1018.30	26.06
1018.46	27.08
1018.63	21.14
1018.80	30.56
1018.96	1.68
1019.13	21.34
1019.29	-0.16
1019.46	18.07
1019.63	39.78
1019.79	15.61
1019.96	42.23
1020.13	21.75
1020.29	39.16
1020.46	15.82
1020.62	33.22
1020.79	48.58
1020.96	55.75
1021.12	35.68
1021.29	36.50
1021.45	25.44
1021.62	18.89
1021.79	13.36
1021.95	48.58
1022.12	42.85
1022.28	18.07
1022.45	24.42
1022.62	49.20
1022.78	30.36
1022.95	27.08
1023.11	32.81
1023.28	16.43
1023.45	24.83
1023.61	11.51
1023.78	39.37
1023.94	32.40
1024.11	24.83
1024.27	40.39
1024.44	18.89
1024.61	43.26
1024.77	21.75
1024.94	9.06
1025.10	24.42
1025.27	7.21
1025.43	25.85
1025.60	27.90
1025.77	37.11
1025.93	14.18
1026.10	25.65
1026.26	6.39
1026.43	18.48
1026.59	31.79
1026.76	8.24
1026.93	34.45
1027.09	24.62
1027.26	-2.82
1027.42	22.37
1027.59	29.95
1027.75	25.44
1027.92	22.16
1028.08	12.13
1028.25	7.01
1028.42	7.42
1028.58	10.90
1028.75	26.46
1028.91	14.38
1029.08	39.16
1029.24	22.57
1029.41	8.24
1029.57	16.02
1029.74	-0.98
1029.91	19.71
1030.07	13.36
1030.24	20.32
1030.40	7.62
1030.57	28.10
1030.73	26.67
1030.90	54.93
1031.06	31.99
1031.23	44.69
1031.39	28.51
1031.56	31.58
1031.72	34.86
1031.89	35.07
1032.05	37.52
1032.22	26.26
1032.38	18.48
1032.55	30.77
1032.72	29.33
1032.88	15.20
1033.05	8.44
1033.21	36.29
1033.38	-8.97
1033.54	17.25
1033.71	31.58
1033.87	44.28
1034.04	9.88
1034.20	36.91
1034.37	26.46
1034.53	14.38
1034.70	32.81
1034.86	9.67
1035.03	32.20
1035.19	20.73
1035.36	20.53
1035.52	-4.46
1035.69	16.84
1035.85	20.12
1036.02	23.19
1036.18	7.62
1036.35	13.36
1036.51	41.01
1036.68	21.96
1036.84	30.97
1037.01	26.87
1037.17	27.49
1037.34	2.09
1037.50	9.26
1037.67	25.65
