File Dati SpectraSuite
++++++++++++++++++++++++++++++++++++
Data: Mon Feb 25 16:37:42 CET 2019
Utente: Studente
Spettro Scuro Presente: Si
Spettro di Riferimento Presente: No
Numero di Componenti Spettri Campionati: 1
Spettrometri: USB4F01341
Tempo di integrazione (usec): 19000 (USB4F01341)
Media Spettri: 10 (USB4F01341)
Appiattimento Boxcar: 0 (USB4F01341)
Correggi Oscurità Elettronica: Si (USB4F01341)
Strobo/Lampada Abilitato: No (USB4F01341)
Correct for Detector Non-linearity: No (USB4F01341)
Correggi Stray Light: No (USB4F01341)
Numero di Pixel nello Spettro Elaborato: 3648
>>>>>Comincia Dati dello Spettro Elaborati<<<<<
337,57	-13,81
337,79	-13,81
338,02	-13,81
338,24	-17,49
338,47	-24,66
338,69	6,88
338,92	9,75
339,14	1,76
339,36	20,60
339,59	6,06
339,81	-7,25
340,04	27,97
340,26	3,40
340,49	10,57
340,71	22,65
340,93	19,58
341,16	2,99
341,38	-8,69
341,61	19,17
341,83	-12,17
342,05	16,30
342,28	15,07
342,50	27,36
342,73	6,67
342,95	28,59
343,17	16,50
343,40	-7,66
343,62	5,24
343,85	-3,57
344,07	-11,35
344,29	34,32
344,52	-0,90
344,74	3,81
344,97	12,82
345,19	7,70
345,41	21,62
345,64	14,25
345,86	28,59
346,08	24,29
346,31	3,60
346,53	-4,59
346,76	-14,22
346,98	17,53
347,20	31,66
347,43	30,43
347,65	11,38
347,87	9,95
348,10	17,53
348,32	26,74
348,54	13,43
348,77	17,53
348,99	2,17
349,21	7,49
349,44	10,77
349,66	23,88
349,88	19,78
350,11	17,12
350,33	-6,64
350,55	20,40
350,78	-21,18
351,00	15,28
351,22	3,60
351,45	21,83
351,67	-5,00
351,89	-2,75
352,12	-1,11
352,34	9,75
352,56	4,22
352,79	8,52
353,01	9,95
353,23	0,53
353,45	13,43
353,68	34,32
353,90	12,00
354,12	13,02
354,35	14,46
354,57	5,65
354,79	2,17
355,01	24,29
355,24	-6,43
355,46	15,68
355,68	6,67
355,91	14,46
356,13	18,96
356,35	15,28
356,57	6,06
356,80	-2,75
357,02	12,61
357,24	-0,70
357,46	-3,98
357,69	7,08
357,91	-3,16
358,13	4,42
358,35	-0,90
358,58	24,90
358,80	18,76
359,02	17,12
359,24	26,95
359,47	30,64
359,69	8,72
359,91	-2,34
360,13	13,43
360,36	24,29
360,58	13,84
360,80	-0,49
361,02	5,04
361,25	16,50
361,47	15,48
361,69	3,60
361,91	5,85
362,13	-15,03
362,36	10,16
362,58	15,28
362,80	4,01
363,02	17,73
363,25	11,79
363,47	43,54
363,69	28,79
363,91	24,49
364,13	13,02
364,36	-10,94
364,58	1,76
364,80	-11,35
365,02	10,97
365,24	19,58
365,47	7,70
365,69	-0,90
365,91	-8,07
366,13	-3,77
366,35	-1,11
366,57	6,67
366,80	8,31
367,02	32,48
367,24	0,94
367,46	16,30
367,68	36,98
367,90	18,14
368,13	-2,75
368,35	20,19
368,57	8,72
368,79	5,04
369,01	28,79
369,23	13,84
369,46	0,94
369,68	13,64
369,90	12,20
370,12	9,34
370,34	-12,78
370,56	16,09
370,78	6,47
371,01	24,70
371,23	-2,34
371,45	1,96
371,67	0,94
371,89	7,70
372,11	15,28
372,33	1,55
372,56	28,59
372,78	18,55
373,00	37,19
373,22	17,73
373,44	28,59
373,66	59,72
373,88	36,16
374,10	49,89
374,32	60,33
374,55	92,69
374,77	91,26
374,99	108,05
375,21	108,05
375,43	137,13
375,65	148,60
375,87	158,63
376,09	171,13
376,31	192,42
376,53	167,85
376,75	178,09
376,98	205,12
377,20	220,69
377,42	207,37
377,64	191,40
377,86	209,42
378,08	220,89
378,30	210,86
378,52	223,55
378,74	213,31
378,96	197,75
379,18	218,84
379,40	220,28
379,62	210,24
379,84	167,03
380,07	188,94
380,29	164,57
380,51	178,29
380,73	170,92
380,95	144,30
381,17	128,94
381,39	133,44
381,61	95,56
381,83	90,23
382,05	69,75
382,27	65,04
382,49	49,48
382,71	41,90
382,93	44,77
383,15	49,07
383,37	42,92
383,59	27,15
383,81	31,86
384,03	13,84
384,25	22,44
384,47	8,31
384,69	3,81
384,91	15,07
385,13	46,20
385,35	18,35
385,57	7,29
385,79	11,59
386,01	0,53
386,23	5,04
386,45	23,06
386,67	11,59
386,89	22,24
387,11	18,76
387,33	25,11
387,55	25,31
387,77	23,47
387,99	22,65
388,21	12,82
388,43	-10,73
388,65	18,96
388,87	4,01
389,09	26,33
389,31	41,69
389,53	4,22
389,75	0,12
389,97	13,43
390,19	16,71
390,41	24,70
390,63	14,25
390,85	13,02
391,07	10,97
391,29	7,08
391,51	-0,49
391,72	25,72
391,94	17,12
392,16	9,54
392,38	14,66
392,60	1,55
392,82	17,12
393,04	-3,36
393,26	22,03
393,48	12,00
393,70	-5,61
393,92	17,53
394,14	26,74
394,36	22,03
394,58	29,00
394,80	2,78
395,01	-2,95
395,23	19,37
395,45	-7,46
395,67	5,45
395,89	-2,95
396,11	-5,20
396,33	25,31
396,55	24,90
396,77	14,66
396,99	15,68
397,21	17,73
397,42	18,35
397,64	4,22
397,86	-3,16
398,08	-11,96
398,30	28,59
398,52	19,78
398,74	26,54
398,96	24,08
399,17	-1,31
399,39	14,66
399,61	26,33
399,83	18,55
400,05	24,90
400,27	18,55
400,49	9,54
400,71	-10,94
400,92	-2,95
401,14	9,54
401,36	24,29
401,58	8,93
401,80	15,28
402,02	4,01
402,24	9,75
402,45	-7,25
402,67	42,92
402,89	7,49
403,11	11,38
403,33	20,60
403,55	36,16
403,76	7,90
403,98	15,48
404,20	19,78
404,42	4,01
404,64	10,97
404,86	14,05
405,07	-4,59
405,29	16,09
405,51	-6,23
405,73	25,11
405,95	17,53
406,17	20,40
406,38	10,16
406,60	36,57
406,82	-0,90
407,04	6,88
407,26	-6,64
407,47	34,12
407,69	7,08
407,91	19,17
408,13	3,60
408,35	28,38
408,56	8,52
408,78	22,85
409,00	8,72
409,22	32,27
409,44	-1,11
409,65	10,97
409,87	8,31
410,09	23,88
410,31	-2,54
410,52	22,44
410,74	21,42
410,96	7,08
411,18	5,45
411,40	16,71
411,61	3,40
411,83	39,44
412,05	12,00
412,27	-10,94
412,48	7,70
412,70	15,68
412,92	4,01
413,14	8,72
413,35	1,96
413,57	15,89
413,79	4,22
414,01	11,79
414,22	30,84
414,44	17,12
414,66	-5,41
414,87	-10,12
415,09	10,77
415,31	13,84
415,53	10,97
415,74	16,50
415,96	27,15
416,18	9,34
416,40	2,78
416,61	19,78
416,83	11,38
417,05	12,41
417,26	17,32
417,48	2,58
417,70	18,35
417,92	38,42
418,13	18,76
418,35	-0,49
418,57	-14,83
418,78	9,54
419,00	13,84
419,22	34,94
419,43	22,44
419,65	12,61
419,87	22,44
420,09	18,76
420,30	3,19
420,52	5,24
420,74	-5,41
420,95	3,40
421,17	7,08
421,39	22,03
421,60	-13,60
421,82	22,24
422,04	37,19
422,25	12,82
422,47	12,41
422,69	42,72
422,90	24,90
423,12	31,45
423,34	4,42
423,55	21,21
423,77	0,53
423,99	23,26
424,20	32,68
424,42	7,49
424,64	14,25
424,85	8,72
425,07	7,90
425,28	22,24
425,50	10,77
425,72	15,48
425,93	-1,52
426,15	23,06
426,37	14,87
426,58	38,42
426,80	14,66
427,01	-7,66
427,23	20,60
427,45	8,31
427,66	8,93
427,88	-5,41
428,10	0,33
428,31	15,48
428,53	-3,16
428,74	12,61
428,96	14,25
429,18	12,61
429,39	10,36
429,61	2,37
429,82	1,76
430,04	25,52
430,26	-6,84
430,47	10,36
430,69	9,54
430,90	6,88
431,12	9,75
431,34	41,69
431,55	7,08
431,77	13,43
431,98	-4,79
432,20	33,30
432,41	5,24
432,63	16,91
432,85	17,32
433,06	4,01
433,28	-11,96
433,49	10,97
433,71	0,33
433,92	0,33
434,14	17,12
434,35	-2,75
434,57	10,16
434,79	8,72
435,00	18,35
435,22	7,90
435,43	5,24
435,65	4,42
435,86	10,36
436,08	15,89
436,29	3,40
436,51	32,68
436,72	10,16
436,94	19,99
437,16	24,70
437,37	25,11
437,59	19,37
437,80	37,19
438,02	22,44
438,23	17,94
438,45	34,53
438,66	-3,98
438,88	30,43
439,09	32,07
439,31	30,84
439,52	34,94
439,74	3,81
439,95	7,08
440,17	3,81
440,38	24,90
440,60	15,28
440,81	5,04
441,03	6,26
441,24	7,08
441,46	33,30
441,67	19,37
441,89	48,86
442,10	16,71
442,32	30,84
442,53	-7,05
442,75	12,61
442,96	4,63
443,18	9,95
443,39	-1,31
443,61	-8,48
443,82	18,55
444,04	6,67
444,25	19,37
444,46	17,94
444,68	11,59
444,89	-0,90
445,11	8,93
445,32	11,59
445,54	16,09
445,75	12,61
445,97	16,09
446,18	41,28
446,40	26,54
446,61	-1,11
446,82	22,65
447,04	12,82
447,25	16,71
447,47	1,35
447,68	17,32
447,90	-1,11
448,11	27,15
448,32	36,16
448,54	34,12
448,75	12,41
448,97	38,42
449,18	21,21
449,40	14,05
449,61	0,73
449,82	10,57
450,04	17,12
450,25	5,65
450,47	9,75
450,68	8,11
450,89	7,70
451,11	18,55
451,32	-1,52
451,54	28,59
451,75	-3,57
451,96	1,35
452,18	-0,70
452,39	23,06
452,61	12,82
452,82	8,72
453,03	-7,25
453,25	24,08
453,46	-1,31
453,68	7,08
453,89	38,83
454,10	26,74
454,32	11,59
454,53	16,91
454,74	6,88
454,96	27,77
455,17	-18,72
455,39	6,88
455,60	2,17
455,81	17,12
456,03	4,01
456,24	18,76
456,45	-6,43
456,67	-13,81
456,88	18,76
457,09	31,86
457,31	8,72
457,52	17,94
457,73	14,25
457,95	6,47
458,16	-0,70
458,37	17,12
458,59	4,22
458,80	7,70
459,01	24,90
459,23	41,08
459,44	19,99
459,65	15,48
459,87	16,91
460,08	-1,11
460,29	3,81
460,51	-0,90
460,72	50,71
460,93	20,80
461,15	34,94
461,36	35,96
461,57	9,54
461,79	13,02
462,00	-14,22
462,21	28,59
462,42	23,06
462,64	17,73
462,85	11,18
463,06	2,58
463,28	31,66
463,49	4,63
463,70	33,91
463,92	9,75
464,13	6,88
464,34	28,38
464,55	18,76
464,77	22,24
464,98	-11,96
465,19	17,94
465,40	2,37
465,62	8,31
465,83	31,66
466,04	15,68
466,26	11,59
466,47	19,99
466,68	11,79
466,89	13,84
467,11	0,12
467,32	24,29
467,53	3,81
467,74	11,79
467,96	24,90
468,17	3,19
468,38	17,73
468,59	23,88
468,81	16,50
469,02	17,32
469,23	23,06
469,44	34,53
469,66	2,37
469,87	22,65
470,08	-5,82
470,29	-3,36
470,50	17,53
470,72	-0,08
470,93	24,90
471,14	14,66
471,35	8,11
471,57	16,09
471,78	22,85
471,99	11,59
472,20	13,64
472,41	18,35
472,63	27,15
472,84	5,65
473,05	-7,46
473,26	-0,49
473,47	32,68
473,69	13,64
473,90	-1,93
474,11	16,91
474,32	19,58
474,53	36,78
474,75	1,14
474,96	10,57
475,17	16,71
475,38	22,24
475,59	35,55
475,80	-3,98
476,02	8,11
476,23	19,58
476,44	11,59
476,65	-0,90
476,86	35,35
477,08	30,23
477,29	17,73
477,50	28,79
477,71	2,58
477,92	28,59
478,13	6,06
478,34	8,11
478,56	7,70
478,77	19,99
478,98	16,71
479,19	33,30
479,40	7,70
479,61	14,87
479,83	3,19
480,04	2,99
480,25	18,76
480,46	12,20
480,67	-2,75
480,88	11,79
481,09	32,48
481,30	25,52
481,52	22,44
481,73	-2,13
481,94	22,85
482,15	30,23
482,36	17,73
482,57	34,32
482,78	23,06
482,99	8,72
483,21	23,26
483,42	31,66
483,63	4,63
483,84	17,12
484,05	10,36
484,26	-12,58
484,47	11,18
484,68	20,60
484,89	36,37
485,10	15,28
485,32	-10,53
485,53	14,25
485,74	19,78
485,95	25,52
486,16	13,84
486,37	27,56
486,58	39,24
486,79	35,96
487,00	5,45
487,21	25,72
487,42	24,49
487,63	13,43
487,85	10,97
488,06	6,26
488,27	10,36
488,48	16,30
488,69	16,50
488,90	26,13
489,11	24,08
489,32	64,63
489,53	17,53
489,74	0,33
489,95	8,11
490,16	27,15
490,37	8,31
490,58	43,74
490,79	22,24
491,00	14,25
491,21	29,61
491,42	40,47
491,63	6,06
491,84	19,99
492,06	17,53
492,27	9,75
492,48	20,60
492,69	27,56
492,90	30,23
493,11	32,07
493,32	-2,34
493,53	18,14
493,74	14,05
493,95	11,59
494,16	-8,89
494,37	17,32
494,58	40,47
494,79	23,88
495,00	17,32
495,21	31,45
495,42	14,46
495,63	26,74
495,84	11,59
496,05	17,53
496,26	37,39
496,47	38,62
496,68	16,50
496,89	16,91
497,10	24,70
497,31	31,86
497,52	8,31
497,73	19,99
497,94	21,83
498,15	20,19
498,36	38,83
498,57	23,26
498,78	7,29
498,98	36,57
499,19	14,87
499,40	25,31
499,61	13,02
499,82	24,08
500,03	15,28
500,24	32,27
500,45	19,58
500,66	16,09
500,87	35,55
501,08	16,71
501,29	43,95
501,50	2,37
501,71	6,67
501,92	32,89
502,13	19,78
502,34	21,21
502,55	18,55
502,76	15,89
502,97	19,37
503,17	34,73
503,38	36,57
503,59	28,18
503,80	3,81
504,01	16,91
504,22	8,52
504,43	49,89
504,64	-7,66
504,85	34,73
505,06	2,17
505,27	8,52
505,48	21,62
505,68	18,96
505,89	23,88
506,10	22,65
506,31	-4,39
506,52	31,04
506,73	10,57
506,94	34,12
507,15	21,62
507,36	23,88
507,57	25,11
507,77	18,96
507,98	6,47
508,19	5,24
508,40	22,03
508,61	33,71
508,82	17,12
509,03	22,85
509,24	11,59
509,45	29,20
509,65	44,97
509,86	27,97
510,07	14,46
510,28	37,80
510,49	11,59
510,70	25,72
510,91	42,31
511,11	24,70
511,32	30,02
511,53	23,67
511,74	5,04
511,95	18,76
512,16	3,81
512,37	39,03
512,57	23,88
512,78	27,77
512,99	34,94
513,20	17,94
513,41	16,91
513,62	23,47
513,82	30,43
514,03	0,94
514,24	25,31
514,45	18,55
514,66	19,37
514,87	19,17
515,07	10,57
515,28	34,12
515,49	17,94
515,70	7,49
515,91	16,30
516,11	18,96
516,32	11,79
516,53	28,79
516,74	19,58
516,95	35,35
517,16	28,59
517,36	21,62
517,57	39,65
517,78	11,59
517,99	30,23
518,20	31,66
518,40	41,08
518,61	29,20
518,82	3,81
519,03	50,71
519,23	24,08
519,44	24,08
519,65	10,36
519,86	3,19
520,07	-7,87
520,27	26,95
520,48	2,37
520,69	26,13
520,90	12,41
521,10	9,75
521,31	4,83
521,52	23,47
521,73	28,18
521,94	33,30
522,14	6,06
522,35	42,92
522,56	27,15
522,77	52,55
522,97	-0,49
523,18	32,07
523,39	9,75
523,60	8,93
523,80	7,90
524,01	24,08
524,22	20,80
524,43	27,36
524,63	18,55
524,84	-1,31
525,05	-2,54
525,25	13,64
525,46	17,12
525,67	19,99
525,88	18,96
526,08	22,85
526,29	16,09
526,50	37,39
526,71	15,48
526,91	13,23
527,12	12,61
527,33	42,51
527,53	27,36
527,74	32,48
527,95	-6,43
528,16	11,38
528,36	20,19
528,57	34,12
528,78	19,37
528,98	18,55
529,19	19,17
529,40	46,81
529,60	30,84
529,81	13,64
530,02	30,43
530,22	44,77
530,43	18,76
530,64	5,04
530,85	11,18
531,05	25,92
531,26	25,92
531,47	48,25
531,67	13,84
531,88	32,68
532,09	11,38
532,29	18,96
532,50	15,07
532,71	23,67
532,91	19,78
533,12	17,12
533,33	33,50
533,53	36,98
533,74	-2,95
533,95	25,52
534,15	39,65
534,36	24,49
534,56	13,43
534,77	39,03
534,98	4,42
535,18	29,41
535,39	22,44
535,60	35,76
535,80	21,62
536,01	-7,46
536,22	5,45
536,42	56,23
536,63	33,09
536,83	23,26
537,04	26,74
537,25	14,25
537,45	-1,31
537,66	13,02
537,87	35,96
538,07	32,48
538,28	24,29
538,48	12,41
538,69	5,24
538,90	27,97
539,10	-0,90
539,31	24,08
539,51	8,31
539,72	21,83
539,93	22,03
540,13	42,31
540,34	18,14
540,54	21,01
540,75	10,16
540,96	31,86
541,16	30,02
541,37	24,29
541,57	29,82
541,78	19,99
541,99	22,03
542,19	31,25
542,40	28,79
542,60	29,20
542,81	15,68
543,01	40,47
543,22	12,00
543,43	30,02
543,63	25,31
543,84	29,20
544,04	-10,53
544,25	25,72
544,45	13,02
544,66	7,29
544,87	2,99
545,07	40,26
545,28	14,87
545,48	10,97
545,69	1,55
545,89	17,53
546,10	6,67
546,30	27,36
546,51	37,39
546,71	20,80
546,92	24,90
547,13	50,91
547,33	25,52
547,54	44,15
547,74	11,59
547,95	7,49
548,15	3,40
548,36	4,42
548,56	18,14
548,77	26,95
548,97	30,23
549,18	4,83
549,38	14,46
549,59	36,98
549,79	13,64
550,00	29,82
550,20	20,40
550,41	31,66
550,61	13,02
550,82	8,93
551,02	18,55
551,23	24,29
551,43	12,82
551,64	20,80
551,84	13,64
552,05	22,65
552,25	19,99
552,46	17,73
552,66	41,49
552,87	29,20
553,07	13,84
553,28	28,38
553,48	9,75
553,69	30,02
553,89	41,49
554,10	32,89
554,30	24,49
554,51	26,95
554,71	9,54
554,92	18,55
555,12	15,07
555,32	18,76
555,53	16,71
555,73	24,29
555,94	20,19
556,14	30,64
556,35	22,85
556,55	7,70
556,76	29,41
556,96	6,67
557,17	7,49
557,37	19,99
557,57	22,65
557,78	12,41
557,98	12,82
558,19	22,65
558,39	6,26
558,60	8,72
558,80	8,72
559,00	37,80
559,21	26,95
559,41	28,59
559,62	19,37
559,82	36,78
560,03	6,06
560,23	14,66
560,43	8,72
560,64	11,59
560,84	11,38
561,05	12,61
561,25	24,29
561,45	24,29
561,66	4,01
561,86	12,61
562,07	14,05
562,27	27,15
562,47	21,62
562,68	30,23
562,88	4,83
563,09	35,76
563,29	12,00
563,49	19,58
563,70	17,32
563,90	31,45
564,11	7,08
564,31	16,71
564,51	23,26
564,72	8,11
564,92	21,42
565,12	37,39
565,33	19,37
565,53	30,43
565,74	6,06
565,94	17,94
566,14	28,18
566,35	41,49
566,55	15,07
566,75	26,95
566,96	19,17
567,16	19,17
567,36	25,72
567,57	14,87
567,77	27,15
567,98	35,14
568,18	19,78
568,38	7,49
568,59	15,28
568,79	20,80
568,99	24,08
569,20	39,85
569,40	18,35
569,60	29,61
569,81	37,60
570,01	16,50
570,21	30,23
570,42	7,08
570,62	20,40
570,82	19,99
571,03	18,96
571,23	17,12
571,43	14,25
571,63	23,47
571,84	10,36
572,04	24,90
572,24	39,44
572,45	17,53
572,65	15,28
572,85	29,00
573,06	-1,52
573,26	16,71
573,46	24,70
573,67	-2,95
573,87	28,38
574,07	26,54
574,27	16,71
574,48	13,64
574,68	24,08
574,88	17,32
575,09	4,83
575,29	19,78
575,49	19,58
575,69	36,57
575,90	21,83
576,10	23,06
576,30	26,33
576,51	13,43
576,71	7,08
576,91	43,33
577,11	36,37
577,32	38,62
577,52	24,49
577,72	19,99
577,92	14,05
578,13	-0,70
578,33	30,02
578,53	29,20
578,73	30,43
578,94	28,38
579,14	19,17
579,34	37,19
579,54	17,12
579,75	40,67
579,95	21,62
580,15	20,19
580,35	33,30
580,56	17,73
580,76	36,57
580,96	40,26
581,16	11,79
581,37	7,49
581,57	7,08
581,77	13,84
581,97	8,31
582,17	22,44
582,38	11,18
582,58	28,79
582,78	23,47
582,98	12,82
583,19	-14,01
583,39	21,01
583,59	-9,91
583,79	40,47
583,99	26,33
584,20	8,11
584,40	6,47
584,60	26,95
584,80	17,53
585,00	25,31
585,21	38,01
585,41	26,13
585,61	27,97
585,81	31,45
586,01	6,06
586,22	33,09
586,42	1,35
586,62	48,66
586,82	18,14
587,02	31,66
587,22	24,29
587,43	19,78
587,63	32,89
587,83	34,32
588,03	8,31
588,23	37,39
588,43	30,23
588,64	25,31
588,84	11,59
589,04	23,06
589,24	10,77
589,44	6,88
589,64	20,80
589,85	34,53
590,05	20,19
590,25	21,21
590,45	34,53
590,65	42,51
590,85	1,76
591,05	9,95
591,26	24,70
591,46	44,77
591,66	11,18
591,86	19,99
592,06	21,01
592,26	13,23
592,46	23,67
592,67	16,30
592,87	39,85
593,07	11,38
593,27	27,36
593,47	26,95
593,67	33,71
593,87	23,26
594,07	27,36
594,28	44,15
594,48	30,64
594,68	35,96
594,88	54,80
595,08	13,84
595,28	29,41
595,48	21,42
595,68	41,28
595,88	11,79
596,08	24,29
596,29	30,84
596,49	18,55
596,69	26,95
596,89	3,40
597,09	37,80
597,29	32,07
597,49	19,37
597,69	3,40
597,89	19,17
598,09	14,66
598,29	25,92
598,50	21,83
598,70	32,89
598,90	23,47
599,10	25,72
599,30	23,67
599,50	41,08
599,70	18,96
599,90	8,31
600,10	14,05
600,30	33,91
600,50	29,82
600,70	34,53
600,90	6,88
601,10	13,84
601,30	28,79
601,50	26,13
601,71	-3,36
601,91	16,71
602,11	21,01
602,31	45,79
602,51	24,29
602,71	12,82
602,91	14,66
603,11	35,35
603,31	29,41
603,51	28,18
603,71	33,71
603,91	29,41
604,11	24,08
604,31	30,02
604,51	20,19
604,71	36,57
604,91	22,65
605,11	24,90
605,31	22,85
605,51	30,64
605,71	22,24
605,91	26,95
606,11	15,07
606,31	34,12
606,51	31,04
606,71	29,20
606,91	29,41
607,11	25,11
607,31	16,50
607,51	35,14
607,71	43,54
607,91	30,23
608,11	-2,34
608,31	2,17
608,51	13,23
608,71	46,20
608,91	9,54
609,11	32,07
609,31	40,06
609,51	24,70
609,71	14,87
609,91	30,84
610,11	34,12
610,31	38,21
610,51	26,54
610,71	31,45
610,91	31,45
611,11	24,49
611,31	6,88
611,51	12,00
611,71	30,64
611,91	23,47
612,11	11,18
612,31	1,96
612,51	26,13
612,71	38,21
612,90	21,42
613,10	18,35
613,30	26,54
613,50	41,49
613,70	26,54
613,90	16,91
614,10	35,35
614,30	9,13
614,50	23,67
614,70	21,83
614,90	32,89
615,10	33,50
615,30	22,85
615,50	17,32
615,70	19,37
615,90	45,59
616,09	21,01
616,29	34,73
616,49	7,29
616,69	46,61
616,89	17,94
617,09	11,38
617,29	20,40
617,49	34,53
617,69	33,71
617,89	34,32
618,09	37,39
618,28	42,92
618,48	13,84
618,68	22,85
618,88	40,87
619,08	42,92
619,28	25,31
619,48	33,50
619,68	21,01
619,88	5,85
620,08	30,02
620,27	8,93
620,47	29,82
620,67	18,96
620,87	20,60
621,07	12,00
621,27	24,90
621,47	26,33
621,67	8,52
621,86	31,04
622,06	27,97
622,26	20,60
622,46	12,61
622,66	14,87
622,86	0,53
623,06	32,89
623,25	25,72
623,45	14,25
623,65	5,45
623,85	11,18
624,05	31,66
624,25	37,19
624,45	21,21
624,64	32,48
624,84	11,38
625,04	8,72
625,24	19,78
625,44	41,08
625,64	30,23
625,83	21,21
626,03	9,34
626,23	15,89
626,43	53,98
626,63	12,20
626,83	35,14
627,02	33,91
627,22	39,24
627,42	29,82
627,62	34,73
627,82	15,48
628,02	27,15
628,21	27,36
628,41	9,13
628,61	26,54
628,81	17,53
629,01	35,76
629,20	13,43
629,40	33,50
629,60	26,13
629,80	12,61
630,00	0,73
630,19	56,64
630,39	13,23
630,59	28,59
630,79	6,67
630,99	31,66
631,18	13,84
631,38	11,79
631,58	7,70
631,78	35,76
631,98	29,20
632,17	18,55
632,37	6,06
632,57	32,89
632,77	23,67
632,96	44,36
633,16	29,61
633,36	23,67
633,56	26,13
633,76	29,82
633,95	7,08
634,15	31,04
634,35	36,78
634,55	13,02
634,74	23,26
634,94	8,52
635,14	17,12
635,34	19,99
635,53	19,78
635,73	29,61
635,93	41,49
636,13	40,47
636,32	-17,08
636,52	16,71
636,72	19,37
636,92	35,76
637,11	14,87
637,31	21,42
637,51	32,27
637,70	17,32
637,90	31,86
638,10	49,68
638,30	28,59
638,49	5,65
638,69	11,59
638,89	29,41
639,09	45,79
639,28	13,43
639,48	26,13
639,68	21,42
639,87	36,37
640,07	35,55
640,27	19,78
640,47	6,67
640,66	22,85
640,86	17,32
641,06	20,60
641,25	6,67
641,45	9,13
641,65	26,54
641,84	23,88
642,04	39,85
642,24	18,96
642,44	18,76
642,63	9,34
642,83	15,28
643,03	-0,70
643,22	11,18
643,42	-5,61
643,62	39,85
643,81	14,87
644,01	10,57
644,21	24,70
644,40	40,87
644,60	29,61
644,80	36,57
644,99	15,28
645,19	26,13
645,39	41,49
645,58	18,35
645,78	12,41
645,98	14,66
646,17	30,02
646,37	7,70
646,57	22,03
646,76	21,21
646,96	8,11
647,16	18,14
647,35	15,28
647,55	21,62
647,75	6,47
647,94	10,57
648,14	33,50
648,33	31,66
648,53	25,92
648,73	26,74
648,92	3,81
649,12	9,75
649,32	8,72
649,51	31,66
649,71	22,65
649,90	16,91
650,10	10,57
650,30	8,52
650,49	15,28
650,69	27,15
650,89	7,08
651,08	25,52
651,28	-0,08
651,47	23,67
651,67	29,00
651,87	21,62
652,06	19,99
652,26	24,49
652,45	2,37
652,65	18,35
652,85	9,34
653,04	4,63
653,24	26,54
653,43	9,95
653,63	15,07
653,83	8,93
654,02	27,56
654,22	29,20
654,41	22,44
654,61	34,94
654,81	17,94
655,00	20,80
655,20	12,82
655,39	45,79
655,59	40,06
655,78	35,14
655,98	18,55
656,18	17,73
656,37	17,12
656,57	29,41
656,76	17,53
656,96	16,09
657,15	23,67
657,35	38,42
657,55	4,83
657,74	38,01
657,94	21,62
658,13	31,66
658,33	35,55
658,52	8,31
658,72	25,11
658,91	13,84
659,11	19,78
659,30	38,83
659,50	43,13
659,70	38,83
659,89	15,28
660,09	30,02
660,28	-1,52
660,48	14,46
660,67	25,52
660,87	-2,13
661,06	22,44
661,26	19,78
661,45	6,26
661,65	27,97
661,84	25,72
662,04	43,74
662,23	48,86
662,43	23,26
662,62	27,36
662,82	30,84
663,01	4,22
663,21	16,30
663,41	19,17
663,60	15,28
663,80	26,13
663,99	19,58
664,19	11,38
664,38	15,48
664,58	9,95
664,77	20,19
664,97	13,43
665,16	42,92
665,35	25,72
665,55	27,97
665,74	21,83
665,94	38,21
666,13	-0,70
666,33	46,81
666,52	53,37
666,72	34,12
666,91	9,13
667,11	32,48
667,30	23,06
667,50	23,26
667,69	29,00
667,89	29,82
668,08	33,09
668,28	25,52
668,47	24,08
668,67	31,25
668,86	-0,08
669,05	19,99
669,25	25,11
669,44	28,38
669,64	34,73
669,83	30,02
670,03	25,11
670,22	40,87
670,42	23,67
670,61	33,09
670,81	20,40
671,00	8,11
671,19	17,32
671,39	16,71
671,58	21,01
671,78	32,89
671,97	35,76
672,17	27,77
672,36	28,79
672,55	56,44
672,75	32,07
672,94	48,25
673,14	21,01
673,33	16,30
673,53	31,45
673,72	31,86
673,91	32,68
674,11	43,95
674,30	75,90
674,50	31,86
674,69	37,39
674,88	25,11
675,08	48,25
675,27	48,04
675,47	12,20
675,66	34,53
675,85	19,58
676,05	34,32
676,24	9,95
676,44	22,65
676,63	15,68
676,82	25,52
677,02	32,07
677,21	42,10
677,41	24,49
677,60	46,20
677,79	31,86
677,99	36,98
678,18	39,03
678,37	50,91
678,57	29,61
678,76	34,53
678,96	38,01
679,15	46,20
679,34	25,52
679,54	27,56
679,73	20,19
679,92	38,62
680,12	17,73
680,31	46,40
680,51	58,90
680,70	60,74
680,89	25,11
681,09	30,43
681,28	33,71
681,47	39,65
681,67	48,04
681,86	31,25
682,05	17,32
682,25	-2,75
682,44	12,82
682,63	27,56
682,83	30,43
683,02	48,45
683,21	42,31
683,41	25,72
683,60	25,92
683,79	27,15
683,99	30,64
684,18	21,83
684,37	59,51
684,57	24,70
684,76	38,83
684,95	23,26
685,15	42,51
685,34	42,31
685,53	50,30
685,73	12,82
685,92	34,73
686,11	20,60
686,31	32,07
686,50	26,54
686,69	16,09
686,88	40,06
687,08	28,59
687,27	33,91
687,46	34,53
687,66	35,76
687,85	10,16
688,04	24,29
688,24	17,32
688,43	37,60
688,62	41,69
688,81	19,78
689,01	38,01
689,20	38,21
689,39	41,49
689,59	23,26
689,78	26,95
689,97	35,96
690,16	22,03
690,36	39,03
690,55	43,33
690,74	36,57
690,93	23,26
691,13	41,28
691,32	12,82
691,51	33,09
691,70	32,48
691,90	32,89
692,09	37,19
692,28	30,43
692,48	19,58
692,67	40,06
692,86	42,72
693,05	38,01
693,25	31,66
693,44	40,67
693,63	48,45
693,82	32,27
694,01	43,74
694,21	35,55
694,40	33,71
694,59	50,91
694,78	35,35
694,98	29,00
695,17	27,77
695,36	24,90
695,55	43,95
695,75	60,95
695,94	51,32
696,13	54,80
696,32	27,56
696,51	44,77
696,71	13,84
696,90	34,94
697,09	66,27
697,28	39,24
697,48	51,32
697,67	36,98
697,86	36,37
698,05	65,66
698,24	33,50
698,44	28,79
698,63	21,83
698,82	40,06
699,01	29,61
699,20	33,50
699,40	25,11
699,59	48,86
699,78	28,59
699,97	41,90
700,16	38,01
700,36	27,36
700,55	38,42
700,74	41,69
700,93	38,21
701,12	58,69
701,31	31,66
701,51	39,44
701,70	34,53
701,89	27,97
702,08	53,57
702,27	63,40
702,46	56,03
702,66	29,61
702,85	41,90
703,04	45,38
703,23	31,86
703,42	48,45
703,61	45,59
703,81	41,69
704,00	31,25
704,19	48,86
704,38	39,03
704,57	56,64
704,76	24,70
704,96	44,15
705,15	48,86
705,34	23,67
705,53	27,77
705,72	39,85
705,91	52,96
706,10	34,94
706,30	18,35
706,49	29,61
706,68	29,82
706,87	36,78
707,06	28,59
707,25	25,11
707,44	35,14
707,63	6,47
707,83	46,20
708,02	48,04
708,21	25,11
708,40	53,57
708,59	23,47
708,78	37,80
708,97	54,80
709,16	24,90
709,35	35,76
709,55	57,87
709,74	31,25
709,93	31,45
710,12	51,32
710,31	39,85
710,50	29,61
710,69	45,79
710,88	35,96
711,07	45,38
711,26	33,71
711,46	56,64
711,65	34,94
711,84	39,03
712,03	52,55
712,22	65,86
712,41	38,01
712,60	50,71
712,79	38,62
712,98	40,06
713,17	34,12
713,36	40,26
713,55	47,43
713,75	42,10
713,94	38,01
714,13	54,60
714,32	60,95
714,51	57,05
714,70	31,04
714,89	48,45
715,08	53,16
715,27	55,01
715,46	45,38
715,65	64,43
715,84	37,39
716,03	27,36
716,22	19,99
716,41	42,92
716,60	45,79
716,79	21,62
716,99	48,86
717,18	47,02
717,37	46,20
717,56	26,33
717,75	49,07
717,94	48,45
718,13	32,89
718,32	40,47
718,51	21,83
718,70	37,39
718,89	22,44
719,08	36,16
719,27	35,14
719,46	61,56
719,65	77,12
719,84	42,10
720,03	41,08
720,22	9,34
720,41	36,57
720,60	35,35
720,79	26,13
720,98	46,20
721,17	39,85
721,36	36,98
721,55	38,62
721,74	41,69
721,93	44,97
722,12	36,57
722,31	21,01
722,50	56,23
722,69	53,16
722,88	23,67
723,07	48,45
723,26	52,75
723,45	46,40
723,64	55,01
723,83	53,57
724,02	31,04
724,21	47,02
724,40	40,47
724,59	63,61
724,78	76,51
724,97	38,42
725,16	46,40
725,35	41,69
725,54	55,01
725,73	44,97
725,92	50,91
726,11	60,95
726,30	40,26
726,49	32,89
726,68	61,56
726,87	20,60
727,06	35,96
727,25	46,81
727,43	40,87
727,62	60,95
727,81	64,63
728,00	62,38
728,19	57,05
728,38	59,51
728,57	79,38
728,76	40,47
728,95	81,42
729,14	66,47
729,33	56,23
729,52	65,25
729,71	61,15
729,90	59,31
730,09	57,46
730,28	70,16
730,47	78,56
730,65	54,60
730,84	57,05
731,03	56,64
731,22	56,64
731,41	56,03
731,60	69,96
731,79	43,95
731,98	62,79
732,17	70,16
732,36	56,64
732,55	62,99
732,74	63,20
732,92	45,99
733,11	66,47
733,30	60,54
733,49	82,04
733,68	72,82
733,87	73,23
734,06	42,92
734,25	63,61
734,44	79,38
734,63	71,18
734,81	65,86
735,00	53,37
735,19	66,06
735,38	55,62
735,57	68,11
735,76	70,78
735,95	59,92
736,14	76,71
736,33	63,61
736,51	53,78
736,70	48,04
736,89	45,79
737,08	58,49
737,27	50,50
737,46	56,44
737,65	50,50
737,83	90,64
738,02	57,87
738,21	70,98
738,40	80,40
738,59	66,47
738,78	67,70
738,97	74,26
739,16	72,62
739,34	75,69
739,53	75,08
739,72	63,61
739,91	69,34
740,10	72,00
740,29	80,81
740,47	95,15
740,66	91,66
740,85	94,94
741,04	80,20
741,23	59,72
741,42	85,32
741,60	93,51
741,79	99,24
741,98	73,03
742,17	99,65
742,36	91,26
742,55	123,00
742,73	94,33
742,92	96,58
743,11	107,43
743,30	98,22
743,49	123,82
743,68	127,30
743,86	122,38
744,05	105,80
744,24	132,42
744,43	118,29
744,62	147,57
744,80	138,97
744,99	149,83
745,18	159,45
745,37	129,35
745,56	130,17
745,74	145,32
745,93	179,93
746,12	161,50
746,31	162,93
746,50	161,50
746,68	170,92
746,87	181,78
747,06	197,34
747,25	213,52
747,44	212,49
747,62	196,93
747,81	199,39
748,00	231,34
748,19	199,59
748,37	228,88
748,56	247,31
748,75	240,14
748,94	230,31
749,13	263,90
749,31	297,90
749,50	355,44
749,69	456,20
749,88	602,63
750,06	815,62
750,25	1087,18
750,44	1388,23
750,63	1798,65
750,81	2300,60
751,00	2816,69
751,19	3428,83
751,38	4220,78
751,56	4893,95
751,75	5837,86
751,94	6770,91
752,13	8023,04
752,31	9380,43
752,50	10722,47
752,69	12066,96
752,88	13728,68
753,06	15548,50
753,25	17057,24
753,44	19199,83
753,63	21078,22
753,81	23365,19
754,00	25333,29
754,19	27632,13
754,37	29781,89
754,56	32227,57
754,75	34175,60
754,94	36392,53
755,12	38768,78
755,31	40930,82
755,50	43011,76
755,69	44801,69
755,87	47363,29
756,06	49353,91
756,25	51926,78
756,43	53291,95
756,62	54883,84
756,81	55834,10
756,99	56967,44
757,18	57718,43
757,37	58868,78
757,56	59718,68
757,74	59592,94
757,93	60547,29
758,12	61183,60
758,30	60542,17
758,49	60341,27
758,68	60043,70
758,86	59636,56
759,05	59276,32
759,24	58140,93
759,42	57329,11
759,61	55672,31
759,80	54387,82
759,99	52664,66
760,17	51124,38
760,36	49423,75
760,55	47627,27
760,73	45506,40
760,92	43456,99
761,11	41127,02
761,29	38882,86
761,48	36766,89
761,67	34251,58
761,85	32056,77
762,04	29668,22
762,23	27674,53
762,41	25242,77
762,60	23166,33
762,79	21233,46
762,97	19404,21
763,16	17296,45
763,34	15459,01
763,53	14078,06
763,72	12408,15
763,90	10927,06
764,09	9442,49
764,28	8179,71
764,46	7151,42
764,65	6077,47
764,84	4991,84
765,02	4203,17
765,21	3423,50
765,40	2724,74
765,58	2209,88
765,77	1726,97
765,95	1350,35
766,14	1051,75
766,33	797,60
766,51	607,96
766,70	487,33
766,89	408,08
767,07	350,73
767,26	318,78
767,44	242,80
767,63	272,30
767,82	237,68
768,00	219,87
768,19	209,42
768,37	229,49
768,56	203,28
768,75	192,22
768,93	166,62
769,12	179,73
769,30	172,56
769,49	190,17
769,68	176,25
769,86	189,56
770,05	182,59
770,23	163,96
770,42	171,94
770,61	171,54
770,79	160,27
770,98	178,70
771,16	143,89
771,35	146,55
771,54	135,70
771,72	165,80
771,91	151,67
772,09	134,06
772,28	125,66
772,46	130,58
772,65	128,94
772,84	130,78
773,02	144,30
773,21	138,97
773,39	128,94
773,58	124,64
773,76	123,20
773,95	141,23
774,13	140,41
774,32	125,25
774,51	105,39
774,69	127,71
774,88	122,79
775,06	146,35
775,25	143,68
775,43	136,11
775,62	133,65
775,80	139,79
775,99	128,32
776,18	125,25
776,36	130,58
776,55	117,47
776,73	139,59
776,92	145,12
777,10	139,38
777,29	146,35
777,47	127,30
777,66	139,18
777,84	126,48
778,03	146,35
778,21	129,96
778,40	124,84
778,58	151,06
778,77	135,90
778,95	142,45
779,14	132,62
779,33	109,89
779,51	123,20
779,70	124,23
779,88	128,32
780,07	152,28
780,25	113,17
780,44	135,08
780,62	112,76
780,81	122,38
780,99	129,55
781,18	124,23
781,36	128,94
781,55	128,94
781,73	140,61
781,92	122,38
782,10	111,53
782,29	128,32
782,47	142,25
782,66	127,91
782,84	136,11
783,03	122,18
783,21	130,37
783,39	96,78
783,58	119,52
783,76	100,47
783,95	121,56
784,13	131,40
784,32	125,87
784,50	102,31
784,69	128,32
784,87	123,20
785,06	114,19
785,24	116,65
785,43	112,55
785,61	98,01
785,80	105,59
785,98	111,12
786,17	119,72
786,35	109,07
786,53	115,22
786,72	74,05
786,90	94,94
787,09	80,40
787,27	114,60
787,46	85,32
787,64	90,03
787,83	94,94
788,01	71,39
788,19	87,77
788,38	88,59
788,56	93,51
788,75	89,00
788,93	72,82
789,12	74,26
789,30	81,63
789,49	91,66
789,67	95,15
789,85	75,90
790,04	72,62
790,22	64,02
790,41	74,67
790,59	83,27
790,77	64,43
790,96	52,96
791,14	61,35
791,33	62,58
791,51	45,59
791,70	73,03
791,88	52,75
792,06	74,46
792,25	53,78
792,43	44,36
792,62	57,26
792,80	79,99
792,98	44,97
793,17	56,44
793,35	41,49
793,54	51,73
793,72	51,93
793,90	66,68
794,09	44,15
794,27	32,89
794,46	58,08
794,64	53,37
794,82	31,04
795,01	40,26
795,19	44,15
795,37	64,22
795,56	26,54
795,74	35,55
795,93	35,76
796,11	37,80
796,29	46,81
796,48	62,17
796,66	48,45
796,84	41,49
797,03	29,20
797,21	38,83
797,40	33,30
797,58	49,68
797,76	27,77
797,95	41,69
798,13	27,56
798,31	28,59
798,50	37,19
798,68	36,37
798,86	30,43
799,05	40,06
799,23	35,35
799,42	32,48
799,60	17,94
799,78	25,92
799,97	31,86
800,15	19,37
800,33	20,19
800,52	30,64
800,70	23,67
800,88	47,43
801,07	22,44
801,25	38,83
801,43	34,53
801,62	15,07
801,80	36,57
801,98	19,99
802,17	31,86
802,35	34,94
802,53	23,47
802,72	22,24
802,90	20,40
803,08	21,21
803,26	11,38
803,45	42,92
803,63	18,96
803,81	17,73
804,00	26,74
804,18	11,18
804,36	30,64
804,55	20,80
804,73	-6,43
804,91	16,30
805,10	27,36
805,28	6,67
805,46	31,45
805,64	39,03
805,83	40,06
806,01	33,71
806,19	18,55
806,38	-1,11
806,56	48,45
806,74	39,65
806,92	11,18
807,11	54,19
807,29	9,95
807,47	22,24
807,66	9,34
807,84	29,00
808,02	16,91
808,20	24,70
808,39	-6,64
808,57	25,31
808,75	11,59
808,94	53,57
809,12	14,05
809,30	44,15
809,48	14,05
809,67	44,77
809,85	18,14
810,03	23,88
810,21	25,52
810,40	26,74
810,58	-5,61
810,76	24,90
810,94	3,40
811,13	45,79
811,31	35,55
811,49	19,58
811,67	9,95
811,86	52,75
812,04	23,67
812,22	26,95
812,40	35,96
812,59	32,48
812,77	18,35
812,95	27,36
813,13	-9,30
813,32	25,52
813,50	28,18
813,68	15,28
813,86	24,29
814,04	16,71
814,23	11,59
814,41	13,84
814,59	12,20
814,77	33,30
814,96	21,42
815,14	16,50
815,32	19,17
815,50	29,82
815,68	25,72
815,87	22,24
816,05	-6,23
816,23	28,38
816,41	22,03
816,59	21,83
816,78	8,93
816,96	16,30
817,14	31,66
817,32	0,94
817,50	40,67
817,69	9,54
817,87	4,63
818,05	25,31
818,23	24,08
818,41	25,72
818,60	16,30
818,78	23,26
818,96	15,07
819,14	16,50
819,32	26,74
819,51	-0,29
819,69	32,48
819,87	23,26
820,05	17,94
820,23	28,79
820,41	12,41
820,60	27,15
820,78	8,31
820,96	19,37
821,14	-6,23
821,32	-5,41
821,50	6,67
821,69	31,66
821,87	-7,87
822,05	45,38
822,23	-7,25
822,41	17,73
822,59	-5,61
822,78	10,36
822,96	21,21
823,14	16,30
823,32	4,22
823,50	41,69
823,68	8,11
823,86	19,37
824,05	24,70
824,23	21,01
824,41	-2,13
824,59	37,19
824,77	35,55
824,95	5,04
825,13	-1,11
825,32	3,40
825,50	1,14
825,68	16,71
825,86	4,83
826,04	19,58
826,22	8,52
826,40	3,40
826,58	2,37
826,77	24,49
826,95	31,86
827,13	-3,36
827,31	27,56
827,49	13,84
827,67	27,77
827,85	31,45
828,03	19,17
828,22	10,36
828,40	17,53
828,58	6,06
828,76	-0,29
828,94	16,09
829,12	4,22
829,30	6,67
829,48	8,31
829,66	26,13
829,84	7,08
830,03	8,72
830,21	13,84
830,39	32,27
830,57	24,29
830,75	30,84
830,93	20,60
831,11	8,52
831,29	-1,11
831,47	19,17
831,65	2,37
831,83	12,20
832,02	2,99
832,20	16,09
832,38	19,78
832,56	1,55
832,74	22,44
832,92	15,89
833,10	26,33
833,28	13,23
833,46	15,07
833,64	12,20
833,82	10,57
834,00	43,74
834,18	-1,93
834,36	13,64
834,54	9,95
834,73	30,23
834,91	0,94
835,09	11,79
835,27	13,84
835,45	7,29
835,63	28,38
835,81	23,47
835,99	10,36
836,17	14,05
836,35	36,37
836,53	-7,05
836,71	6,47
836,89	43,13
837,07	15,28
837,25	-0,70
837,43	10,57
837,61	12,41
837,79	16,09
837,97	7,08
838,15	16,09
838,33	14,05
838,51	37,80
838,69	29,00
838,87	4,83
839,05	21,01
839,23	3,19
839,41	2,99
839,59	25,52
839,78	-3,57
839,96	2,99
840,14	39,44
840,32	13,43
840,50	28,18
840,68	10,36
840,86	10,97
841,04	8,93
841,22	10,77
841,40	6,06
841,58	26,95
841,76	18,76
841,94	7,29
842,12	3,40
842,30	7,29
842,48	25,31
842,66	0,12
842,84	18,96
843,02	9,34
843,20	-1,31
843,38	5,04
843,55	4,83
843,73	23,67
843,91	8,52
844,09	9,75
844,27	14,25
844,45	18,14
844,63	21,21
844,81	16,09
844,99	10,36
845,17	28,38
845,35	3,81
845,53	6,26
845,71	9,75
845,89	32,68
846,07	9,95
846,25	12,00
846,43	4,83
846,61	-0,70
846,79	4,63
846,97	10,16
847,15	7,70
847,33	0,94
847,51	7,29
847,69	14,25
847,87	32,07
848,05	16,91
848,23	8,11
848,41	18,55
848,58	6,47
848,76	38,62
848,94	9,95
849,12	36,98
849,30	33,50
849,48	13,02
849,66	-11,14
849,84	22,65
850,02	19,99
850,20	5,85
850,38	-5,61
850,56	10,77
850,74	21,62
850,92	10,97
851,10	2,17
851,27	21,01
851,45	-3,77
851,63	26,95
851,81	13,23
851,99	8,11
852,17	15,48
852,35	32,07
852,53	37,19
852,71	8,93
852,89	24,08
853,07	6,26
853,24	1,14
853,42	19,58
853,60	33,71
853,78	23,06
853,96	15,89
854,14	11,18
854,32	8,93
854,50	43,13
854,68	13,23
854,86	12,20
855,03	-21,18
855,21	-9,30
855,39	22,65
855,57	0,53
855,75	1,76
855,93	24,49
856,11	12,82
856,29	38,01
856,47	-6,43
856,64	4,22
856,82	-8,28
857,00	10,57
857,18	0,33
857,36	5,04
857,54	-0,29
857,72	33,50
857,90	-13,19
858,07	1,55
858,25	12,82
858,43	3,81
858,61	7,90
858,79	16,30
858,97	2,17
859,15	7,70
859,32	-1,52
859,50	4,63
859,68	11,38
859,86	11,38
860,04	5,24
860,22	17,53
860,40	15,28
860,57	14,46
860,75	-3,16
860,93	15,68
861,11	13,43
861,29	23,88
861,47	6,88
861,64	13,84
861,82	19,58
862,00	15,48
862,18	13,23
862,36	-9,51
862,54	-0,49
862,71	-11,35
862,89	27,15
863,07	18,14
863,25	16,71
863,43	14,25
863,61	8,31
863,78	11,38
863,96	21,83
864,14	22,65
864,32	7,29
864,50	23,88
864,67	5,65
864,85	0,12
865,03	21,62
865,21	28,38
865,39	2,99
865,57	19,17
865,74	45,99
865,92	10,16
866,10	36,78
866,28	45,99
866,46	-10,32
866,63	27,15
866,81	6,26
866,99	32,48
867,17	2,78
867,34	10,97
867,52	-1,93
867,70	15,89
867,88	34,32
868,06	18,35
868,23	17,94
868,41	35,76
868,59	10,57
868,77	10,77
868,95	0,73
869,12	24,70
869,30	29,00
869,48	35,55
869,66	23,26
869,83	12,82
870,01	20,80
870,19	10,77
870,37	-0,08
870,55	8,31
870,72	26,95
870,90	3,81
871,08	5,04
871,26	2,58
871,43	12,61
871,61	18,14
871,79	23,88
871,97	23,67
872,14	16,71
872,32	6,88
872,50	14,46
872,68	1,96
872,85	7,08
873,03	6,67
873,21	12,61
873,39	-7,46
873,56	14,25
873,74	28,18
873,92	4,83
874,10	2,17
874,27	10,77
874,45	1,35
874,63	25,52
874,80	11,18
874,98	-0,49
875,16	8,72
875,34	16,50
875,51	7,90
875,69	8,52
875,87	16,91
876,05	4,42
876,22	12,20
876,40	-0,70
876,58	-16,47
876,75	3,81
876,93	-1,31
877,11	6,67
877,29	-10,12
877,46	1,14
877,64	14,05
877,82	14,05
877,99	8,72
878,17	-10,73
878,35	15,48
878,52	-11,14
878,70	19,78
878,88	4,01
879,06	18,55
879,23	3,60
879,41	15,68
879,59	11,18
879,76	19,37
879,94	-14,83
880,12	25,72
880,29	32,89
880,47	2,58
880,65	5,65
880,82	20,60
881,00	10,57
881,18	-8,69
881,36	17,12
881,53	25,92
881,71	23,67
881,89	5,24
882,06	17,53
882,24	3,40
882,42	17,32
882,59	36,78
882,77	5,65
882,95	12,41
883,12	13,02
883,30	15,89
883,48	14,87
883,65	33,30
883,83	3,40
884,01	23,47
884,18	10,36
884,36	-0,70
884,54	-23,64
884,71	20,40
884,89	7,49
885,06	9,95
885,24	20,19
885,42	17,94
885,59	9,75
885,77	2,99
885,95	-6,64
886,12	3,81
886,30	15,07
886,48	23,67
886,65	22,65
886,83	33,30
887,01	22,44
887,18	19,37
887,36	-0,90
887,53	22,44
887,71	22,24
887,89	21,01
888,06	-6,02
888,24	1,35
888,42	26,33
888,59	19,17
888,77	12,41
888,94	-14,42
889,12	6,06
889,30	22,03
889,47	-10,73
889,65	27,36
889,82	11,59
890,00	13,02
890,18	35,76
890,35	9,13
890,53	6,88
890,71	13,84
890,88	2,99
891,06	4,22
891,23	-14,62
891,41	20,80
891,59	29,00
891,76	29,20
891,94	-6,64
892,11	8,11
892,29	5,65
892,46	26,13
892,64	-7,25
892,82	14,66
892,99	4,42
893,17	18,14
893,34	-0,08
893,52	30,43
893,70	9,75
893,87	4,01
894,05	12,82
894,22	-4,18
894,40	22,65
894,57	7,49
894,75	13,43
894,93	8,72
895,10	-5,20
895,28	6,26
895,45	20,19
895,63	16,71
895,80	10,16
895,98	22,24
896,16	7,90
896,33	4,01
896,51	16,30
896,68	42,92
896,86	16,50
897,03	22,03
897,21	-5,41
897,38	-18,11
897,56	-4,18
897,74	18,96
897,91	17,94
898,09	-9,91
898,26	-10,32
898,44	26,54
898,61	1,55
898,79	5,04
898,96	4,01
899,14	29,20
899,31	12,82
899,49	-4,79
899,67	-6,02
899,84	28,59
900,02	7,49
900,19	15,28
900,37	27,56
900,54	8,11
900,72	2,58
900,89	24,90
901,07	13,02
901,24	11,59
901,42	-10,94
901,59	-1,72
901,77	17,32
901,94	38,01
902,12	3,60
902,29	10,36
902,47	-5,61
902,64	-5,00
902,82	6,67
902,99	0,53
903,17	17,12
903,34	37,60
903,52	27,36
903,69	5,85
903,87	-12,99
904,04	12,61
904,22	-2,54
904,39	18,55
904,57	-5,82
904,74	6,47
904,92	7,29
905,09	9,75
905,27	-20,97
905,44	24,70
905,62	-3,36
905,79	16,50
905,97	0,94
906,14	-0,90
906,32	24,70
906,49	-2,34
906,67	-8,07
906,84	3,81
907,02	10,36
907,19	15,68
907,37	13,02
907,54	1,14
907,72	24,70
907,89	23,06
908,06	12,82
908,24	1,35
908,41	15,07
908,59	11,59
908,76	0,12
908,94	27,36
909,11	20,19
909,29	10,57
909,46	7,49
909,64	15,68
909,81	12,41
909,99	19,58
910,16	22,24
910,33	20,40
910,51	-16,47
910,68	7,29
910,86	33,30
911,03	6,47
911,21	-8,07
911,38	20,40
911,56	8,11
911,73	28,79
911,90	14,25
912,08	-8,28
912,25	1,55
912,43	24,49
912,60	5,04
912,78	-10,32
912,95	-0,29
913,12	14,87
913,30	6,06
913,47	36,16
913,65	8,11
913,82	26,13
914,00	34,53
914,17	2,99
914,34	-7,66
914,52	12,20
914,69	8,93
914,87	15,89
915,04	43,74
915,21	-11,76
915,39	24,49
915,56	19,99
915,74	-0,08
915,91	34,32
916,08	11,18
916,26	24,08
916,43	1,96
916,61	16,91
916,78	-2,34
916,95	7,29
917,13	12,61
917,30	22,65
917,48	10,16
917,65	14,05
917,82	-1,11
918,00	-6,43
918,17	-17,90
918,35	23,26
918,52	12,61
918,69	20,40
918,87	12,82
919,04	23,67
919,22	21,42
919,39	11,18
919,56	0,12
919,74	31,04
919,91	20,19
920,08	22,44
920,26	18,14
920,43	24,90
920,61	1,76
920,78	-15,03
920,95	-3,77
921,13	20,40
921,30	10,77
921,47	15,28
921,65	23,88
921,82	9,75
921,99	10,16
922,17	22,44
922,34	7,29
922,51	8,72
922,69	12,20
922,86	10,97
923,04	1,55
923,21	-5,20
923,38	-3,57
923,56	19,58
923,73	8,52
923,90	-7,46
924,08	7,49
924,25	6,67
924,42	-6,84
924,60	9,54
924,77	21,21
924,94	-10,53
925,12	4,42
925,29	32,89
925,46	2,37
925,64	21,62
925,81	36,16
925,98	23,88
926,16	13,64
926,33	4,83
926,50	5,65
926,68	15,89
926,85	-6,64
927,02	25,11
927,19	-15,44
927,37	2,78
927,54	2,17
927,71	29,82
927,89	9,95
928,06	29,20
928,23	4,63
928,41	4,63
928,58	31,86
928,75	22,44
928,93	-6,43
929,10	19,17
929,27	6,67
929,44	20,60
929,62	0,53
929,79	37,60
929,96	7,29
930,14	6,47
930,31	27,15
930,48	28,59
930,66	18,96
930,83	12,41
931,00	1,14
931,17	10,77
931,35	-9,71
931,52	15,48
931,69	-2,13
931,87	14,66
932,04	1,14
932,21	25,31
932,38	15,48
932,56	18,96
932,73	6,88
932,90	17,12
933,07	21,62
933,25	2,78
933,42	35,96
933,59	-5,61
933,77	15,89
933,94	9,34
934,11	32,48
934,28	5,04
934,46	-3,98
934,63	22,03
934,80	7,29
934,97	11,79
935,15	25,31
935,32	20,40
935,49	0,73
935,66	-11,96
935,84	-11,14
936,01	19,17
936,18	17,32
936,35	17,94
936,53	13,23
936,70	8,31
936,87	2,78
937,04	28,59
937,22	-22,00
937,39	36,37
937,56	0,53
937,73	32,68
937,91	2,99
938,08	20,60
938,25	24,08
938,42	7,29
938,59	15,28
938,77	1,35
938,94	16,91
939,11	-0,29
939,28	0,53
939,46	5,65
939,63	-7,46
939,80	12,00
939,97	-0,29
940,14	39,65
940,32	16,30
940,49	1,35
940,66	9,34
940,83	18,55
941,00	-4,59
941,18	25,52
941,35	20,19
941,52	26,54
941,69	5,24
941,87	-5,82
942,04	6,47
942,21	8,11
942,38	27,56
942,55	8,11
942,73	2,17
942,90	0,94
943,07	11,18
943,24	-1,52
943,41	20,19
943,58	18,76
943,76	23,26
943,93	9,75
944,10	34,32
944,27	34,12
944,44	-4,59
944,62	17,32
944,79	18,76
944,96	11,59
945,13	19,37
945,30	20,40
945,47	17,73
945,65	16,50
945,82	2,37
945,99	30,84
946,16	-5,20
946,33	17,94
946,50	4,83
946,68	15,68
946,85	-0,29
947,02	15,28
947,19	14,87
947,36	14,66
947,53	3,60
947,71	38,01
947,88	13,02
948,05	-2,75
948,22	14,87
948,39	13,02
948,56	21,42
948,74	5,65
948,91	19,99
949,08	51,11
949,25	-7,46
949,42	35,35
949,59	27,15
949,76	27,77
949,94	13,43
950,11	17,73
950,28	-2,75
950,45	14,05
950,62	24,29
950,79	28,59
950,96	2,99
951,14	6,26
951,31	-10,73
951,48	-9,71
951,65	9,54
951,82	12,00
951,99	4,01
952,16	35,96
952,33	13,43
952,51	9,13
952,68	20,80
952,85	7,90
953,02	14,87
953,19	10,77
953,36	21,42
953,53	23,67
953,70	12,00
953,87	13,43
954,05	22,44
954,22	17,73
954,39	-9,91
954,56	21,21
954,73	23,26
954,90	7,08
955,07	2,78
955,24	9,54
955,41	22,65
955,58	40,26
955,76	-8,07
955,93	35,35
956,10	-10,73
956,27	19,78
956,44	15,89
956,61	7,29
956,78	8,31
956,95	13,23
957,12	-8,07
957,29	10,97
957,46	5,24
957,64	14,66
957,81	36,16
957,98	42,31
958,15	-9,71
958,32	2,17
958,49	5,85
958,66	5,65
958,83	5,04
959,00	11,18
959,17	5,04
959,34	30,43
959,51	7,90
959,68	42,10
959,85	-17,49
960,03	19,78
960,20	-11,35
960,37	31,04
960,54	34,73
960,71	-3,16
960,88	22,85
961,05	14,05
961,22	16,71
961,39	-3,77
961,56	14,05
961,73	15,48
961,90	6,88
962,07	13,64
962,24	-0,90
962,41	14,25
962,58	-0,08
962,75	14,25
962,92	-0,29
963,09	30,23
963,26	26,54
963,44	26,54
963,61	14,46
963,78	3,40
963,95	31,04
964,12	24,08
964,29	-3,57
964,46	14,46
964,63	25,92
964,80	14,66
964,97	10,36
965,14	2,37
965,31	-4,39
965,48	-0,90
965,65	12,61
965,82	-6,23
965,99	-0,49
966,16	15,07
966,33	18,76
966,50	23,26
966,67	15,07
966,84	10,77
967,01	14,05
967,18	17,73
967,35	4,22
967,52	15,28
967,69	-2,13
967,86	24,08
968,03	21,21
968,20	-0,29
968,37	8,52
968,54	18,96
968,71	10,36
968,88	14,25
969,05	0,53
969,22	19,78
969,39	14,87
969,56	38,62
969,73	21,62
969,90	26,54
970,07	6,26
970,24	20,40
970,41	6,47
970,58	12,20
970,75	17,53
970,92	4,42
971,09	22,65
971,26	25,52
971,43	0,33
971,60	3,40
971,77	-4,79
971,94	2,17
972,11	11,59
972,28	26,54
972,45	26,95
972,62	2,58
972,79	-3,77
972,96	9,54
973,12	13,02
973,29	14,46
973,46	20,19
973,63	8,93
973,80	0,73
973,97	10,57
974,14	7,90
974,31	-23,23
974,48	10,57
974,65	11,59
974,82	5,65
974,99	-17,08
975,16	-7,05
975,33	17,94
975,50	28,38
975,67	29,61
975,84	20,80
976,01	-1,11
976,18	24,08
976,35	12,41
976,51	26,54
976,68	28,59
976,85	1,35
977,02	7,70
977,19	3,40
977,36	-5,20
977,53	16,30
977,70	27,97
977,87	24,70
978,04	23,67
978,21	10,77
978,38	12,82
978,55	6,47
978,72	-5,61
978,88	6,26
979,05	0,33
979,22	14,46
979,39	-0,29
979,56	-15,85
979,73	6,26
979,90	6,88
980,07	23,47
980,24	-9,51
980,41	26,54
980,58	20,80
980,75	-6,64
980,91	-0,29
981,08	21,01
981,25	15,48
981,42	31,04
981,59	-11,35
981,76	9,13
981,93	18,14
982,10	25,52
982,27	-21,38
982,44	10,36
982,60	23,06
982,77	3,60
982,94	17,12
983,11	4,83
983,28	4,83
983,45	16,30
983,62	-0,90
983,79	11,38
983,95	-6,84
984,12	-3,57
984,29	-4,18
984,46	9,95
984,63	-1,52
984,80	25,11
984,97	21,21
985,14	32,07
985,30	12,20
985,47	26,95
985,64	2,37
985,81	19,17
985,98	-16,47
986,15	-3,98
986,32	-5,00
986,49	29,20
986,65	0,33
986,82	5,24
986,99	7,08
987,16	7,29
987,33	14,25
987,50	16,50
987,67	14,87
987,83	0,73
988,00	34,12
988,17	26,13
988,34	3,60
988,51	3,81
988,68	3,19
988,84	0,73
989,01	20,60
989,18	15,48
989,35	-5,20
989,52	24,49
989,69	-25,07
989,86	18,14
990,02	-7,66
990,19	12,00
990,36	1,55
990,53	27,36
990,70	-10,53
990,87	18,96
991,03	18,96
991,20	4,63
991,37	6,88
991,54	1,55
991,71	13,23
991,87	11,59
992,04	10,36
992,21	21,01
992,38	19,37
992,55	-0,90
992,72	1,76
992,88	15,48
993,05	10,97
993,22	12,00
993,39	3,40
993,56	5,24
993,72	-0,49
993,89	10,77
994,06	-5,00
994,23	18,96
994,40	2,17
994,56	13,02
994,73	9,75
994,90	17,12
995,07	32,89
995,24	-16,67
995,40	13,84
995,57	5,45
995,74	27,36
995,91	8,72
996,08	18,76
996,24	18,55
996,41	18,14
996,58	25,11
996,75	12,82
996,92	21,42
997,08	5,85
997,25	4,01
997,42	22,65
997,59	24,29
997,75	26,74
997,92	27,36
998,09	16,30
998,26	14,66
998,43	20,19
998,59	22,44
998,76	15,48
998,93	13,23
999,10	10,57
999,26	-2,13
999,43	5,24
999,60	13,02
999,77	26,33
999,93	3,19
1000,10	22,85
1000,27	31,66
1000,44	22,03
1000,60	6,26
1000,77	38,83
1000,94	3,81
1001,11	11,79
1001,28	6,26
1001,44	-1,52
1001,61	6,06
1001,78	34,32
1001,95	20,19
1002,11	6,88
1002,28	9,95
1002,45	9,95
1002,61	21,42
1002,78	22,03
1002,95	25,11
1003,12	19,58
1003,28	21,42
1003,45	17,73
1003,62	4,42
1003,79	-0,29
1003,95	37,60
1004,12	-2,75
1004,29	7,08
1004,46	21,62
1004,62	4,63
1004,79	-5,41
1004,96	16,91
1005,12	3,81
1005,29	6,26
1005,46	21,42
1005,63	5,24
1005,79	-6,64
1005,96	32,48
1006,13	-8,28
1006,29	11,59
1006,46	8,72
1006,63	6,47
1006,80	14,66
1006,96	15,68
1007,13	10,97
1007,30	-3,36
1007,46	42,72
1007,63	2,37
1007,80	10,97
1007,97	31,25
1008,13	-0,29
1008,30	23,06
1008,47	-1,31
1008,63	21,21
1008,80	17,53
1008,97	2,78
1009,13	13,02
1009,30	-6,64
1009,47	19,78
1009,64	7,08
1009,80	-5,41
1009,97	31,04
1010,14	4,83
1010,30	-9,91
1010,47	-1,52
1010,64	16,09
1010,80	4,83
1010,97	1,76
1011,14	15,68
1011,30	29,00
1011,47	37,80
1011,64	23,88
1011,80	0,53
1011,97	10,97
1012,14	10,57
1012,30	-6,64
1012,47	-1,11
1012,64	15,68
1012,80	-12,78
1012,97	22,03
1013,14	24,90
1013,30	27,97
1013,47	12,61
1013,64	21,42
1013,80	14,66
1013,97	-6,64
1014,14	13,64
1014,30	7,08
1014,47	-7,46
1014,64	6,47
1014,80	-5,00
1014,97	5,65
1015,14	-1,93
1015,30	-1,11
1015,47	26,54
1015,64	27,77
1015,80	-9,71
1015,97	3,81
1016,13	-5,20
1016,30	16,09
1016,47	6,88
1016,63	7,70
1016,80	4,63
1016,97	12,82
1017,13	-0,70
1017,30	0,33
1017,47	1,35
1017,63	28,79
1017,80	16,50
1017,96	12,20
1018,13	7,49
1018,30	19,99
1018,46	12,61
1018,63	-0,29
1018,80	-10,12
1018,96	25,31
1019,13	38,01
1019,29	-3,57
1019,46	14,05
1019,63	15,07
1019,79	-7,87
1019,96	1,76
1020,13	13,23
1020,29	21,21
1020,46	32,48
1020,62	24,08
1020,79	14,05
1020,96	20,60
1021,12	5,45
1021,29	2,58
1021,45	23,67
1021,62	1,96
1021,79	6,67
1021,95	46,40
1022,12	6,26
1022,28	-0,08
1022,45	4,01
1022,62	19,37
1022,78	39,44
1022,95	6,88
1023,11	15,68
1023,28	15,07
1023,45	31,25
1023,61	26,74
1023,78	20,80
1023,94	0,12
1024,11	20,40
1024,27	6,06
1024,44	0,12
1024,61	-5,82
1024,77	8,93
1024,94	0,73
1025,10	9,34
1025,27	11,59
1025,43	7,49
1025,60	-6,64
1025,77	19,99
1025,93	20,40
1026,10	2,99
1026,26	0,12
1026,43	-3,98
1026,59	0,12
1026,76	-1,31
1026,93	9,95
1027,09	-22,82
1027,26	12,41
1027,42	5,85
1027,59	20,19
1027,75	2,78
1027,92	22,03
1028,08	6,06
1028,25	25,11
1028,42	3,60
1028,58	10,16
1028,75	7,70
1028,91	-1,11
1029,08	22,65
1029,24	28,18
1029,41	10,36
1029,57	0,94
1029,74	2,78
1029,91	0,12
1030,07	3,19
1030,24	38,01
1030,40	13,64
1030,57	5,04
1030,73	19,58
1030,90	13,64
1031,06	20,60
1031,23	17,53
1031,39	13,84
1031,56	22,44
1031,72	-24,86
1031,89	13,84
1032,05	27,15
1032,22	20,60
1032,38	24,70
1032,55	36,98
1032,72	-8,89
1032,88	15,68
1033,05	8,93
1033,21	17,32
1033,38	1,76
1033,54	14,25
1033,71	18,55
1033,87	-10,32
1034,04	4,83
1034,20	-5,61
1034,37	-1,31
1034,53	7,29
1034,70	12,41
1034,86	2,99
1035,03	2,58
1035,19	33,09
1035,36	-3,98
1035,52	-7,25
1035,69	27,97
1035,85	5,24
1036,02	-7,05
1036,18	17,12
1036,35	7,90
1036,51	-4,18
1036,68	14,66
1036,84	14,05
1037,01	-0,29
1037,17	16,50
1037,34	2,99
1037,50	33,71
1037,67	16,91
>>>>>Finisci Dati dello Spettro Elaborati<<<<<
