337.57	-301.63
337.79	-301.63
338.02	-301.63
338.24	-296.85
338.47	-305.04
338.69	214.80
338.92	142.78
339.14	286.48
339.36	600.84
339.59	289.55
339.81	159.51
340.04	533.60
340.26	573.20
340.49	233.92
340.71	316.86
340.93	532.58
341.16	432.57
341.38	140.05
341.61	384.10
341.83	872.54
342.05	584.46
342.28	460.22
342.50	439.74
342.73	501.52
342.95	805.30
343.17	355.09
343.40	381.03
343.62	459.87
343.85	614.50
344.07	329.83
344.29	319.93
344.52	410.38
344.74	719.28
344.97	404.92
345.19	382.05
345.41	707.00
345.64	623.37
345.86	685.49
346.08	690.27
346.31	560.57
346.53	565.00
346.76	700.85
346.98	896.09
347.20	1142.19
347.43	974.94
347.65	1071.88
347.87	1277.36
348.10	1605.71
348.32	2102.00
348.54	2154.57
348.77	2545.39
348.99	3304.16
349.21	3758.47
349.44	4069.08
349.66	4939.47
349.88	5761.38
350.11	6670.34
350.33	7240.02
350.55	8664.72
350.78	9775.06
351.00	11347.56
351.22	12507.39
351.45	13554.25
351.67	15063.26
351.89	16789.70
352.12	18280.62
352.34	20310.84
352.56	21577.50
352.79	22980.02
353.01	25446.12
353.23	26315.48
353.45	29815.80
353.68	31060.62
353.90	32222.16
354.12	33779.64
354.35	35342.24
354.57	36852.28
354.79	38841.20
355.01	39187.31
355.24	40590.16
355.46	41285.45
355.68	41774.91
355.91	43432.06
356.13	43972.38
356.35	44953.02
356.57	44889.87
356.80	43700.35
357.02	44557.76
357.24	44381.30
357.46	43632.42
357.69	42667.83
357.91	44117.11
358.13	42923.14
358.35	41629.17
358.58	40814.08
358.80	40449.20
359.02	38014.84
359.24	37148.21
359.47	35058.26
359.69	33617.51
359.91	32083.24
360.13	30268.40
360.36	28103.70
360.58	26711.76
360.80	24594.50
361.02	23079.69
361.25	21792.20
361.47	20331.32
361.69	18693.62
361.91	16573.63
362.13	15291.26
362.36	14248.85
362.58	12528.55
362.80	11340.73
363.02	9870.63
363.25	8978.74
363.47	7870.45
363.69	6985.73
363.91	6374.07
364.13	5293.76
364.36	4425.77
364.58	3607.94
364.80	3076.15
365.02	3028.37
365.24	2337.18
365.47	1686.95
365.69	1433.68
365.91	1322.75
366.13	1372.24
366.35	1111.13
366.57	1089.97
366.80	1224.11
367.02	1348.35
367.24	1164.72
367.46	1198.17
367.68	1393.75
367.90	1346.65
368.13	1311.49
368.35	1192.71
368.57	1634.04
368.79	1472.60
369.01	1282.48
369.23	1105.67
369.46	1299.54
369.68	1279.06
369.90	1008.39
370.12	1301.25
370.34	1137.41
370.56	1430.61
370.78	988.25
371.01	1171.54
371.23	1232.64
371.45	1213.19
371.67	951.39
371.89	1065.05
372.11	1478.74
372.33	993.03
372.56	1193.39
372.78	1293.06
373.00	1480.10
373.22	1428.22
373.44	1338.79
373.66	1246.29
373.88	1264.39
374.10	1203.97
374.32	1138.44
374.55	1252.78
374.77	1230.59
374.99	1483.18
375.21	1115.57
375.43	1275.31
375.65	1422.42
375.87	1458.26
376.09	1325.82
376.31	1218.31
376.53	1305.34
376.75	1412.18
376.98	1295.10
377.20	1358.93
377.42	1472.60
377.64	1324.80
377.86	1293.40
378.08	1369.51
378.30	1531.65
378.52	1493.76
378.74	1467.48
378.96	1423.10
379.18	1619.03
379.40	1833.04
379.62	1600.25
379.84	1480.79
380.07	2119.75
380.29	1708.45
380.51	1486.59
380.73	1782.52
380.95	1669.20
381.17	1791.05
381.39	1605.03
381.61	1611.86
381.83	1899.94
382.05	1903.69
382.27	1660.67
382.49	1835.43
382.71	1673.98
382.93	1979.81
383.15	1877.07
383.37	1680.81
383.59	1951.14
383.81	2197.92
384.03	1773.99
384.25	1859.66
384.47	1857.27
384.69	1984.93
384.91	1760.68
385.13	2016.33
385.35	1926.90
385.57	2211.57
385.79	1775.69
386.01	1579.77
386.23	1781.84
386.45	1954.89
386.67	1653.16
386.89	1638.14
387.11	1956.94
387.33	1831.67
387.55	1670.57
387.77	1652.13
387.99	1650.77
388.21	1429.59
388.43	1499.90
388.65	1502.63
388.87	1497.85
389.09	1481.13
389.31	1498.88
389.53	1277.70
389.75	1557.59
389.97	1324.12
390.19	1393.41
390.41	1143.21
390.63	1340.84
390.85	1246.98
391.07	1204.31
391.29	1275.99
391.51	1074.61
391.72	1271.89
391.94	1058.56
392.16	983.47
392.38	1211.14
392.60	1014.19
392.82	871.86
393.04	814.86
393.26	1068.46
393.48	1078.36
393.70	849.67
393.92	811.78
394.14	1223.77
394.36	940.12
394.58	1137.41
394.80	864.35
395.01	872.54
395.23	1155.50
395.45	755.12
395.67	822.02
395.89	1209.77
396.11	986.89
396.33	873.56
396.55	842.85
396.77	1210.80
396.99	1282.48
397.21	912.48
397.42	929.54
397.64	1023.07
397.86	899.51
398.08	902.92
398.30	801.20
398.52	1124.78
398.74	961.29
398.96	981.08
399.17	862.64
399.39	1123.42
399.61	1199.87
399.83	813.15
400.05	1101.91
400.27	1214.21
400.49	1129.56
400.71	814.51
400.92	919.99
401.14	1052.76
401.36	1210.80
401.58	1090.65
401.80	992.69
402.02	972.21
402.24	1224.79
402.45	752.05
402.67	1090.65
402.89	945.58
403.11	1226.50
403.33	942.17
403.55	790.96
403.76	889.95
403.98	1075.63
404.20	801.89
404.42	815.54
404.64	944.22
404.86	997.81
405.07	611.08
405.29	855.82
405.51	788.92
405.73	1023.75
405.95	761.27
406.17	838.41
406.38	812.47
406.60	825.78
406.82	757.17
407.04	771.85
407.26	1071.88
407.47	828.51
407.69	730.89
407.91	703.92
408.13	1041.16
408.35	1026.82
408.56	896.77
408.78	713.14
409.00	760.93
409.22	803.25
409.44	681.40
409.65	761.27
409.87	1029.55
410.09	1119.32
410.31	734.30
410.52	800.86
410.74	1232.98
410.96	808.71
411.18	704.27
411.40	882.78
411.61	888.24
411.83	954.46
412.05	665.70
412.27	570.47
412.48	769.12
412.70	829.53
412.92	592.31
413.14	701.19
413.35	680.71
413.57	776.63
413.79	652.73
414.01	719.97
414.22	899.16
414.44	958.21
414.66	869.47
414.87	738.40
415.09	923.06
415.31	866.06
415.53	790.28
415.74	892.00
415.96	1093.04
416.18	1223.77
416.40	900.87
416.61	895.41
416.83	981.42
417.05	693.00
417.26	683.44
417.48	708.02
417.70	1246.29
417.92	1064.03
418.13	858.20
418.35	875.61
418.57	1084.16
418.78	1111.81
419.00	918.28
419.22	971.87
419.43	1148.68
419.65	980.06
419.87	743.52
420.09	853.43
420.30	1077.68
420.52	705.63
420.74	700.17
420.95	815.88
421.17	1104.30
421.39	1099.52
421.60	805.64
421.82	943.54
422.04	1072.90
422.25	1200.90
422.47	823.05
422.69	914.18
422.90	840.46
423.12	1276.67
423.34	731.57
423.55	662.97
423.77	749.32
423.99	697.44
424.20	819.29
424.42	565.00
424.64	994.39
424.85	675.59
425.07	745.57
425.28	702.56
425.50	984.50
425.72	1442.56
425.93	897.46
426.15	830.90
426.37	792.67
426.58	1054.47
426.80	803.25
427.01	646.92
427.23	1057.88
427.45	1052.42
427.66	771.17
427.88	705.29
428.10	751.71
428.31	809.39
428.53	627.81
428.74	757.17
428.96	1079.39
429.18	714.85
429.39	633.61
429.61	777.31
429.82	875.95
430.04	1370.20
430.26	886.54
430.47	662.28
430.69	730.21
430.90	886.54
431.12	688.22
431.34	1010.10
431.55	811.44
431.77	1102.94
431.98	682.08
432.20	714.51
432.41	1006.68
432.63	959.58
432.85	811.10
433.06	655.46
433.28	1074.61
433.49	895.07
433.71	650.68
433.92	725.09
434.14	879.37
434.35	681.74
434.57	794.38
434.79	721.33
435.00	1135.36
435.22	1003.61
435.43	745.91
435.65	815.54
435.86	864.69
436.08	787.55
436.29	737.03
436.51	815.88
436.72	1139.12
436.94	1164.72
437.16	825.10
437.37	839.43
437.59	1155.84
437.80	1340.84
438.02	830.56
438.23	970.16
438.45	1486.59
438.66	795.06
438.88	1047.98
439.09	730.21
439.31	943.54
439.52	1193.73
439.74	730.21
439.95	1028.19
440.17	859.91
440.38	886.88
440.60	725.77
440.81	761.95
441.03	1031.94
441.24	748.30
441.46	776.97
441.67	773.56
441.89	1189.98
442.10	982.45
442.32	764.34
442.53	686.86
442.75	1134.68
442.96	928.18
443.18	903.60
443.39	818.61
443.61	936.37
443.82	1166.77
444.04	816.90
444.25	860.59
444.46	1084.85
444.68	1098.50
444.89	675.59
445.11	777.31
445.32	1282.82
445.54	1145.60
445.75	1003.27
445.97	1040.82
446.18	1617.66
446.40	903.26
446.61	753.76
446.82	951.39
447.04	1020.68
447.25	1094.75
447.47	854.45
447.68	879.37
447.90	966.06
448.11	952.41
448.32	865.71
448.54	1028.19
448.75	775.60
448.97	1108.40
449.18	905.31
449.40	783.11
449.61	844.89
449.82	622.69
450.04	840.80
450.25	787.21
450.47	750.00
450.68	1312.51
450.89	972.21
451.11	752.05
451.32	1038.43
451.54	1166.42
451.75	858.20
451.96	867.42
452.18	993.03
452.39	869.13
452.61	801.89
452.82	961.63
453.03	833.97
453.25	881.07
453.46	794.04
453.68	831.92
453.89	1188.61
454.10	1501.27
454.32	867.42
454.53	709.04
454.74	1184.51
454.96	982.79
455.17	822.71
455.39	745.23
455.60	1275.31
455.81	896.43
456.03	1012.83
456.24	887.90
456.45	903.26
456.67	791.30
456.88	724.06
457.09	1085.53
457.31	915.21
457.52	1134.00
457.73	1054.81
457.95	689.59
458.16	988.25
458.37	904.63
458.59	865.03
458.80	784.48
459.01	1130.93
459.23	1230.25
459.44	1018.97
459.65	1086.89
459.87	1249.71
460.08	883.80
460.29	914.18
460.51	825.10
460.72	1296.81
460.93	1066.41
461.15	994.74
461.36	1104.30
461.57	823.73
461.79	978.01
462.00	759.22
462.21	911.79
462.42	1416.28
462.64	1017.26
462.85	1016.58
463.06	955.82
463.28	1151.41
463.49	1303.64
463.70	1218.99
463.92	913.16
464.13	1137.75
464.34	1242.54
464.55	1135.70
464.77	965.72
464.98	1117.96
465.19	1038.77
465.40	1066.76
465.62	968.80
465.83	1451.09
466.04	1095.09
466.26	1086.55
466.47	911.79
466.68	1220.01
466.89	1245.27
467.11	1016.58
467.32	1017.26
467.53	1127.85
467.74	1130.58
467.96	1040.13
468.17	1031.94
468.38	1301.25
468.59	1174.62
468.81	967.43
469.02	1135.70
469.23	1429.93
469.44	1434.71
469.66	1092.01
469.87	1107.72
470.08	942.51
470.29	1287.94
470.50	1136.05
470.72	1097.82
470.93	1335.04
471.14	1035.70
471.35	1152.09
471.57	1228.55
471.78	1650.77
471.99	1060.61
472.20	1041.84
472.41	1254.15
472.63	1227.52
472.84	1174.96
473.05	1036.72
473.26	1154.14
473.47	1439.15
473.69	1255.17
473.90	1158.91
474.11	1299.20
474.32	1518.67
474.53	1394.43
474.75	1119.66
474.96	1121.37
475.17	1659.30
475.38	1188.27
475.59	1438.80
475.80	1042.18
476.02	1402.62
476.23	1387.26
476.44	1179.74
476.65	1114.20
476.86	1858.64
477.08	1614.25
477.29	1201.24
477.50	1296.13
477.71	1397.50
477.92	1539.84
478.13	1292.37
478.34	1367.47
478.56	1661.69
478.77	1422.08
478.98	134.13
479.19	151.54
479.40	127.16
479.61	144.44
479.83	132.42
480.04	126.21
480.25	119.55
480.46	127.92
480.67	122.45
480.88	124.06
481.09	118.73
481.30	124.09
481.52	116.14
481.73	117.71
481.94	125.53
482.15	127.20
482.36	118.90
482.57	128.53
482.78	127.06
482.99	116.89
483.21	113.20
483.42	121.91
483.63	114.84
483.84	121.19
484.05	106.14
484.26	121.40
484.47	118.22
484.68	113.68
484.89	117.95
485.10	104.47
485.32	105.49
485.53	110.34
485.74	109.38
485.95	111.29
486.16	117.23
486.37	117.88
486.58	119.18
486.79	111.60
487.00	107.64
487.21	113.07
487.42	108.22
487.63	112.83
487.85	108.08
488.06	99.14
488.27	103.10
488.48	101.97
488.69	91.56
488.90	96.07
489.11	99.59
489.32	105.80
489.53	106.58
489.74	93.89
489.95	98.60
490.16	85.15
490.37	103.65
490.58	102.15
490.79	99.79
491.00	102.21
491.21	105.83
491.42	109.79
491.63	96.00
491.84	104.06
492.06	93.58
492.27	102.28
492.48	102.90
492.69	105.49
492.90	111.63
493.11	113.85
493.32	103.65
493.53	101.12
493.74	101.29
493.95	103.72
494.16	95.28
494.37	104.88
494.58	109.52
494.79	101.36
495.00	99.62
495.21	96.14
495.42	102.18
495.63	100.68
495.84	94.74
496.05	98.87
496.26	92.18
496.47	106.45
496.68	92.38
496.89	97.57
497.10	96.99
497.31	101.46
497.52	87.81
497.73	84.46
497.94	87.20
498.15	91.29
498.36	93.44
498.57	88.42
498.78	84.53
498.98	81.56
499.19	93.07
499.40	86.85
499.61	75.01
499.82	78.56
500.03	71.94
500.24	77.77
500.45	65.69
500.66	83.71
500.87	81.60
501.08	78.83
501.29	72.24
501.50	79.14
501.71	61.97
501.92	70.57
502.13	67.57
502.34	70.27
502.55	78.93
502.76	69.68
502.97	82.04
503.17	80.51
503.38	68.87
503.59	77.77
503.80	72.28
504.01	78.56
504.22	74.33
504.43	95.66
504.64	64.74
504.85	77.13
505.06	72.38
505.27	73.20
505.48	77.36
505.68	69.10
505.89	67.30
506.10	74.91
506.31	68.59
506.52	76.44
506.73	63.75
506.94	85.32
507.15	71.77
507.36	73.00
507.57	67.94
507.77	71.84
507.98	59.62
508.19	66.10
508.40	67.36
508.61	66.99
508.82	68.22
509.03	75.08
509.24	72.24
509.45	70.16
509.65	78.12
509.86	80.51
510.07	68.80
510.28	86.38
510.49	78.32
510.70	72.76
510.91	71.05
511.11	66.00
511.32	81.32
511.53	73.13
511.74	71.43
511.95	73.78
512.16	67.02
512.37	72.72
512.57	71.97
512.78	69.96
512.99	78.76
513.20	63.88
513.41	62.69
513.62	70.91
513.82	63.03
514.03	66.92
514.24	66.95
514.45	62.93
514.66	60.40
514.87	71.87
515.07	67.30
515.28	65.49
515.49	58.80
515.70	73.64
515.91	60.30
516.11	63.54
516.32	60.84
516.53	78.25
516.74	58.05
516.95	76.44
517.16	72.31
517.36	74.94
517.57	63.40
517.78	78.32
517.99	63.54
518.20	77.91
518.40	79.89
518.61	72.72
518.82	65.35
519.03	81.90
519.23	75.45
519.44	80.06
519.65	77.67
519.86	78.83
520.07	66.75
520.27	74.33
520.48	68.49
520.69	69.62
520.90	71.56
521.10	76.89
521.31	62.55
521.52	75.93
521.73	69.38
521.94	76.96
522.14	76.89
522.35	80.20
522.56	68.15
522.77	77.74
522.97	69.28
523.18	78.05
523.39	68.83
523.60	74.94
523.80	60.40
524.01	61.02
524.22	55.01
524.43	57.06
524.63	63.54
524.84	71.08
525.05	69.96
525.25	63.78
525.46	57.16
525.67	63.68
525.88	65.90
526.08	58.93
526.29	55.93
526.50	58.28
526.71	67.81
526.91	64.77
527.12	52.96
527.33	57.91
527.53	53.47
527.74	64.29
527.95	61.08
528.16	69.82
528.36	56.95
528.57	56.61
528.78	50.02
528.98	65.35
529.19	55.69
529.40	55.42
529.60	54.02
529.81	64.74
530.02	63.10
530.22	53.54
530.43	56.54
530.64	58.35
530.85	48.73
531.05	64.87
531.26	58.39
531.47	59.00
531.67	56.03
531.88	62.89
532.09	60.95
532.29	59.21
532.50	52.24
532.71	52.89
532.91	48.76
533.12	60.78
533.33	50.98
533.53	60.81
533.74	47.98
533.95	46.85
534.15	65.76
534.36	54.84
534.56	47.91
534.77	59.10
534.98	50.37
535.18	66.41
535.39	57.77
535.60	63.17
535.80	55.72
536.01	54.84
536.22	55.66
536.42	59.96
536.63	49.27
536.83	56.10
537.04	55.45
537.25	69.68
537.45	57.64
537.66	71.60
537.87	53.64
538.07	71.02
538.28	67.84
538.48	62.55
538.69	59.85
538.90	64.29
539.10	55.38
539.31	56.71
539.51	66.24
539.72	64.09
539.93	62.24
540.13	63.54
540.34	70.09
540.54	61.53
540.75	58.01
540.96	78.32
541.16	56.48
541.37	63.54
541.57	58.46
541.78	50.67
541.99	64.74
542.19	64.63
542.40	68.87
542.60	69.89
542.81	61.15
543.01	68.15
543.22	71.43
543.43	67.40
543.63	66.54
543.84	74.63
544.04	69.31
544.25	78.35
544.45	62.55
544.66	70.30
544.87	63.27
545.07	81.94
545.28	67.09
545.48	63.47
545.69	67.23
545.89	75.66
546.10	72.83
546.30	69.55
546.51	72.31
546.71	83.41
546.92	69.28
547.13	92.62
547.33	68.39
547.54	97.54
547.74	81.49
547.95	79.48
548.15	72.04
548.36	98.97
548.56	78.15
548.77	83.58
548.97	84.16
549.18	93.03
549.38	87.37
549.59	93.44
549.79	85.42
550.00	87.23
550.20	94.02
550.41	90.10
550.61	101.63
550.82	91.80
551.02	102.69
551.23	93.65
551.43	97.64
551.64	84.02
551.84	103.65
552.05	92.79
552.25	86.75
552.46	104.47
552.66	108.19
552.87	110.03
553.07	87.60
553.28	101.74
553.48	104.77
553.69	108.39
553.89	96.82
554.10	111.70
554.30	109.86
554.51	110.51
554.71	101.67
554.92	102.32
555.12	109.65
555.32	106.79
555.53	105.70
555.73	101.16
555.94	110.23
556.14	110.34
556.35	111.53
556.55	106.41
556.76	109.89
556.96	117.30
557.17	108.87
557.37	118.29
557.57	113.92
557.78	110.41
557.98	111.70
558.19	118.97
558.39	104.47
558.60	114.71
558.80	110.64
559.00	110.20
559.21	110.92
559.41	118.90
559.62	117.71
559.82	126.65
560.03	116.75
560.23	123.51
560.43	119.86
560.64	134.43
560.84	122.11
561.05	121.40
561.25	110.17
561.45	135.46
561.66	127.06
561.86	133.45
562.07	128.26
562.27	138.70
562.47	119.28
562.68	132.90
562.88	133.38
563.09	136.72
563.29	133.72
563.49	135.73
563.70	130.30
563.90	147.78
564.11	138.87
564.31	136.55
564.51	142.83
564.72	136.65
564.92	139.38
565.12	148.70
565.33	138.84
565.53	151.30
565.74	131.60
565.94	142.32
566.14	150.34
566.35	164.16
566.55	140.85
566.75	144.81
566.96	140.51
567.16	148.84
567.36	124.57
567.57	142.25
567.77	134.91
567.98	145.02
568.18	139.90
568.38	139.59
568.59	135.97
568.79	132.11
568.99	137.71
569.20	135.22
569.40	127.95
569.60	126.41
569.81	135.94
570.01	132.80
570.21	136.11
570.42	129.01
570.62	137.68
570.82	133.07
571.03	133.82
571.23	123.92
571.43	124.16
571.63	134.16
571.84	128.91
572.04	133.62
572.24	131.12
572.45	136.45
572.65	134.09
572.85	133.51
573.06	126.72
573.26	139.04
573.46	125.46
573.67	129.79
573.87	123.68
574.07	135.19
574.27	130.30
574.48	136.96
574.68	130.41
574.88	130.58
575.09	122.80
575.29	126.82
575.49	114.71
575.69	126.38
575.90	123.00
576.10	120.00
576.30	110.10
576.51	119.55
576.71	107.27
576.91	115.73
577.11	106.65
577.32	122.22
577.52	100.75
577.72	114.40
577.92	93.68
578.13	94.33
578.33	101.53
578.53	94.67
578.73	84.46
578.94	99.35
579.14	90.85
579.34	93.30
579.54	85.69
579.75	97.20
579.95	88.87
580.15	84.26
580.35	92.35
580.56	74.22
580.76	76.85
580.96	93.17
581.16	75.93
581.37	81.26
581.57	72.35
581.77	93.85
581.97	60.74
582.17	74.19
582.38	64.02
582.58	75.42
582.78	58.80
582.98	70.33
583.19	64.09
583.39	67.53
583.59	57.94
583.79	68.29
583.99	72.83
584.20	66.34
584.40	60.03
584.60	71.39
584.80	56.44
585.00	56.58
585.21	55.76
585.41	67.47
585.61	64.74
585.81	66.68
586.01	52.72
586.22	59.55
586.42	70.78
586.62	59.79
586.82	56.48
587.02	60.64
587.22	61.90
587.43	45.79
587.63	55.32
587.83	65.66
588.03	53.71
588.23	61.53
588.43	44.87
588.64	67.50
588.84	63.27
589.04	40.09
589.24	50.26
589.44	59.34
589.64	52.45
589.85	58.63
590.05	50.23
590.25	47.36
590.45	59.04
590.65	49.61
590.85	48.18
591.05	42.92
591.26	42.86
591.46	48.18
591.66	43.44
591.86	50.60
592.06	53.44
592.26	37.40
592.46	44.56
592.67	45.79
592.87	46.24
593.07	41.32
593.27	36.92
593.47	48.22
593.67	25.55
593.87	33.91
594.07	38.35
594.28	41.22
594.48	40.98
594.68	35.76
594.88	45.38
595.08	43.81
595.28	42.04
595.48	44.26
595.68	42.34
595.88	39.27
596.08	30.98
596.29	44.36
596.49	32.10
596.69	35.59
596.89	30.33
597.09	44.15
597.29	36.41
597.49	24.70
597.69	29.31
597.89	37.60
598.09	36.95
598.29	28.15
598.50	34.97
598.70	39.58
598.90	23.33
599.10	38.86
599.30	41.53
599.50	46.41
599.70	39.99
599.90	47.53
600.10	25.28
600.30	41.35
600.50	34.87
600.70	39.75
600.90	26.81
601.10	33.40
601.30	36.71
601.50	33.40
601.71	22.04
601.91	32.04
602.11	23.95
602.31	38.79
602.51	27.05
602.71	38.11
602.91	29.10
603.11	40.13
603.31	30.36
603.51	31.97
603.71	33.88
603.91	39.89
604.11	42.55
604.31	30.19
604.51	30.88
604.71	34.84
604.91	40.50
605.11	33.88
605.31	27.16
605.51	37.67
605.71	22.85
605.91	34.73
606.11	35.07
606.31	30.40
606.51	28.66
606.71	33.33
606.91	34.46
607.11	32.28
607.31	29.78
607.51	39.85
607.71	27.09
607.91	32.72
608.11	33.06
608.31	36.44
608.51	32.72
608.71	29.95
608.91	19.58
609.11	31.73
609.31	37.29
609.51	30.74
609.71	24.46
609.91	37.98
610.11	39.31
610.31	34.49
610.51	33.13
610.71	33.67
610.91	37.94
611.11	37.74
611.31	21.32
611.51	28.73
611.71	41.05
611.91	47.91
612.11	22.41
612.31	25.62
612.51	34.39
612.71	33.67
612.90	18.90
613.10	43.61
613.30	32.72
613.50	37.74
613.70	37.63
613.90	41.97
614.10	25.59
614.30	26.71
614.50	43.74
614.70	37.43
614.90	21.56
615.10	33.81
615.30	37.12
615.50	34.60
615.70	30.30
615.90	41.39
616.09	27.09
616.29	38.32
616.49	29.37
616.69	34.36
616.89	25.99
617.09	37.70
617.29	24.29
617.49	30.43
617.69	31.25
617.89	39.37
618.09	29.61
618.28	39.82
618.48	28.52
618.68	43.33
618.88	25.04
619.08	47.26
619.28	29.65
619.48	34.87
619.68	31.49
619.88	35.76
620.08	22.89
620.27	40.91
620.47	34.29
620.67	30.74
620.87	41.87
621.07	31.15
621.27	26.54
621.47	43.23
621.67	39.65
621.86	34.05
622.06	32.48
622.26	47.26
622.46	29.89
622.66	35.69
622.86	34.05
623.06	30.16
623.25	33.06
623.45	41.63
623.65	24.53
623.85	33.37
624.05	28.28
624.25	28.90
624.45	36.30
624.64	32.41
624.84	26.27
625.04	33.85
625.24	39.17
625.44	43.64
625.64	35.72
625.83	40.23
626.03	42.38
626.23	39.61
626.43	32.99
626.63	35.21
626.83	34.80
627.02	45.18
627.22	42.07
627.42	42.99
627.62	34.60
627.82	44.97
628.02	39.24
628.21	44.32
628.41	32.28
628.61	47.36
628.81	38.83
629.01	39.72
629.20	28.28
629.40	27.80
629.60	25.69
629.80	41.49
630.00	32.51
630.19	51.01
630.39	34.46
630.59	43.23
630.79	35.52
630.99	40.33
631.18	37.91
631.38	38.32
631.58	35.45
631.78	39.17
631.98	39.10
632.17	43.91
632.37	40.60
632.57	38.79
632.77	39.48
632.96	48.35
633.16	41.08
633.36	39.24
633.56	38.79
633.76	39.24
633.95	32.48
634.15	38.04
634.35	49.34
634.55	45.45
634.74	39.72
634.94	36.00
635.14	35.48
635.34	44.56
635.53	46.00
635.73	35.14
635.93	43.64
636.13	38.79
636.32	33.27
636.52	33.23
636.72	42.31
636.92	43.44
637.11	41.08
637.31	40.60
637.51	32.51
637.70	39.78
637.90	34.97
638.10	45.83
638.30	33.20
638.49	42.82
638.69	43.71
638.89	49.21
639.09	36.51
639.28	42.21
639.48	35.62
639.68	39.48
639.87	32.96
640.07	39.78
640.27	39.07
640.47	42.41
640.66	35.21
640.86	54.12
641.06	35.72
641.25	47.74
641.45	36.51
641.65	46.10
641.84	42.52
642.04	46.37
642.24	38.76
642.44	39.07
642.63	34.29
642.83	40.77
643.03	48.83
643.22	37.50
643.42	46.58
643.62	48.86
643.81	38.76
644.01	35.69
644.21	45.18
644.40	50.81
644.60	34.49
644.80	46.27
644.99	36.00
645.19	36.20
645.39	45.28
645.58	44.26
645.78	43.10
645.98	35.31
646.17	36.51
646.37	34.46
646.57	35.86
646.76	36.95
646.96	35.86
647.16	37.50
647.35	36.51
647.55	40.95
647.75	37.22
647.94	44.15
648.14	49.27
648.33	51.42
648.53	43.03
648.73	30.16
648.92	41.01
649.12	35.42
649.32	33.03
649.51	41.25
649.71	43.61
649.90	39.14
650.10	37.50
650.30	35.52
650.49	36.06
650.69	52.99
650.89	34.22
651.08	39.10
651.28	43.33
651.47	48.15
651.67	44.32
651.87	33.40
652.06	39.96
652.26	51.05
652.45	40.36
652.65	41.29
652.85	44.32
653.04	40.64
653.24	41.53
653.43	51.46
653.63	43.54
653.83	33.88
654.02	41.25
654.22	28.83
654.41	42.48
654.61	48.52
654.81	39.78
655.00	48.11
655.20	41.01
655.39	36.75
655.59	40.77
655.78	43.03
655.98	40.84
656.18	49.79
656.37	48.97
656.57	42.62
656.76	44.02
656.96	56.61
657.15	40.50
657.35	35.01
657.55	33.37
657.74	43.03
657.94	28.66
658.13	38.90
658.33	33.95
658.52	37.94
658.72	32.99
658.91	39.10
659.11	34.49
659.30	56.75
659.50	35.28
659.70	34.90
659.89	28.93
660.09	43.23
660.28	36.71
660.48	39.44
660.67	42.41
660.87	33.64
661.06	49.99
661.26	41.46
661.45	35.38
661.65	39.07
661.84	43.16
662.04	32.48
662.23	36.03
662.43	32.34
662.62	43.85
662.82	38.73
663.01	34.29
663.21	47.12
663.41	30.74
663.60	42.04
663.80	39.92
663.99	40.54
664.19	37.19
664.38	37.29
664.58	40.84
664.77	41.32
664.97	40.84
665.16	34.63
665.35	50.37
665.55	41.15
665.74	40.74
665.94	43.23
666.13	32.75
666.33	44.70
666.52	44.56
666.72	50.81
666.91	27.91
667.11	48.80
667.30	45.76
667.50	37.67
667.69	33.16
667.89	38.52
668.08	37.84
668.28	40.67
668.47	39.00
668.67	40.36
668.86	29.27
669.05	39.00
669.25	36.99
669.44	40.98
669.64	33.50
669.83	39.20
670.03	35.28
670.22	49.34
670.42	39.20
670.61	40.50
670.81	32.51
671.00	39.20
671.19	41.63
671.39	46.71
671.58	33.20
671.78	37.77
671.97	46.20
672.17	47.81
672.36	22.55
672.55	40.13
672.75	33.85
672.94	44.02
673.14	33.78
673.33	48.15
673.53	28.01
673.72	32.48
673.91	39.92
674.11	47.91
674.30	69.21
674.50	42.62
674.69	37.16
674.88	39.65
675.08	31.83
675.27	35.45
675.47	39.82
675.66	38.08
675.85	37.36
676.05	42.75
676.24	27.02
676.44	33.16
676.63	42.69
676.82	47.26
677.02	44.87
677.21	37.29
677.41	37.36
677.60	48.25
677.79	34.97
677.99	47.02
678.18	43.57
678.37	38.28
678.57	40.23
678.76	47.40
678.96	34.66
679.15	36.92
679.34	49.89
679.54	32.79
679.73	44.39
679.92	48.15
680.12	44.29
680.31	41.15
680.51	34.63
680.70	42.41
680.89	47.29
681.09	55.72
681.28	35.79
681.47	56.51
681.67	47.23
681.86	51.63
682.05	42.21
682.25	40.77
682.44	28.11
682.63	47.81
682.83	44.39
683.02	53.27
683.21	47.91
683.41	44.94
683.60	38.79
683.79	47.67
683.99	39.00
684.18	53.54
684.37	40.06
684.57	47.05
684.76	50.37
684.95	48.76
685.15	45.14
685.34	43.68
685.53	44.19
685.73	45.83
685.92	37.19
686.11	46.20
686.31	28.96
686.50	41.83
686.69	30.74
686.88	48.52
687.08	38.90
687.27	39.89
687.46	38.18
687.66	42.04
687.85	28.42
688.04	38.25
688.24	35.31
688.43	42.89
688.62	32.41
688.81	34.39
689.01	33.03
689.20	34.02
689.39	32.62
689.59	25.72
689.78	24.36
689.97	38.39
690.16	23.37
690.36	31.15
690.55	21.90
690.74	27.50
690.93	30.36
691.13	28.55
691.32	27.09
691.51	30.36
691.70	19.78
691.90	30.40
692.09	23.67
692.28	17.70
692.48	8.38
692.67	31.90
692.86	25.07
693.05	22.96
693.25	18.52
693.44	23.13
693.63	17.36
693.82	22.34
694.01	15.38
694.21	25.65
694.40	16.61
694.59	20.91
694.78	14.63
694.98	19.71
695.17	23.91
695.36	9.17
695.55	19.07
695.75	20.12
695.94	12.72
696.13	26.71
696.32	18.49
696.51	27.12
696.71	26.44
696.90	17.67
697.09	29.82
697.28	20.43
697.48	19.10
697.67	26.20
697.86	18.49
698.05	34.46
698.24	22.21
698.44	19.78
698.63	20.91
698.82	21.11
699.01	23.61
699.20	25.07
699.40	8.42
699.59	36.64
699.78	16.44
699.97	27.50
700.16	17.12
700.36	27.46
700.55	19.68
700.74	22.00
700.93	27.63
701.12	19.48
701.31	22.75
701.51	12.24
701.70	14.83
701.89	25.01
702.08	9.30
702.27	21.73
702.46	23.03
702.66	20.70
702.85	21.18
703.04	28.90
703.23	15.58
703.42	20.12
703.61	23.54
703.81	21.97
704.00	13.71
704.19	16.13
704.38	17.36
704.57	23.88
704.76	17.09
704.96	15.41
705.15	21.15
705.34	14.29
705.53	20.09
705.72	23.57
705.91	28.59
706.10	12.79
706.30	15.14
706.49	11.28
706.68	12.41
706.87	17.26
707.06	7.90
707.25	16.81
707.44	12.82
707.63	15.55
707.83	17.77
708.02	22.41
708.21	16.10
708.40	14.80
708.59	11.22
708.78	19.07
708.97	17.26
709.16	12.96
709.35	17.53
709.55	15.99
709.74	19.61
709.93	14.53
710.12	15.35
710.31	18.93
710.50	-0.39
710.69	14.94
710.88	7.49
711.07	16.23
711.26	8.11
711.46	25.82
711.65	16.78
711.84	20.36
712.03	3.57
712.22	19.89
712.41	8.48
712.60	19.95
712.79	6.98
712.98	10.02
713.17	16.44
713.36	20.50
713.55	6.33
713.75	26.54
713.94	4.63
714.13	27.53
714.32	18.45
714.51	22.85
714.70	22.65
714.89	16.34
715.08	16.88
715.27	22.07
715.46	12.14
715.65	24.63
715.84	6.23
716.03	11.66
716.22	10.16
716.41	27.74
716.60	14.87
716.79	23.26
716.99	17.36
717.18	9.58
717.37	23.30
717.56	19.10
717.75	9.24
717.94	24.49
718.13	19.03
718.32	25.62
718.51	13.88
718.70	3.30
718.89	22.10
719.08	22.27
719.27	9.88
719.46	11.04
719.65	26.92
719.84	9.10
720.03	17.05
720.22	16.88
720.41	9.41
720.60	8.28
720.79	15.28
720.98	12.65
721.17	7.60
721.36	10.23
721.55	21.01
721.74	26.58
721.93	12.34
722.12	19.68
722.31	17.36
722.50	17.50
722.69	7.46
722.88	21.80
723.07	11.76
723.26	20.64
723.45	18.62
723.64	14.56
723.83	11.69
724.02	19.95
724.21	7.60
724.40	19.44
724.59	9.20
724.78	21.25
724.97	23.88
725.16	15.28
725.35	8.45
725.54	15.82
725.73	11.83
725.92	16.85
726.11	14.63
726.30	30.36
726.49	16.54
726.68	23.30
726.87	10.53
727.06	9.82
727.25	21.49
727.43	23.06
727.62	15.96
727.81	18.66
728.00	10.81
728.19	23.13
728.38	15.99
728.57	12.79
728.76	18.93
728.95	27.94
729.14	18.90
729.33	14.53
729.52	15.00
729.71	19.82
729.90	10.64
730.09	14.29
730.28	33.54
730.47	22.17
730.65	9.95
730.84	15.35
731.03	27.33
731.22	14.18
731.41	12.07
731.60	13.23
731.79	8.48
731.98	14.05
732.17	16.74
732.36	16.71
732.55	13.64
732.74	12.00
732.92	18.38
733.11	17.84
733.30	10.64
733.49	18.11
733.68	6.40
733.87	5.04
734.06	11.22
734.25	0.02
734.44	21.05
734.63	19.65
734.81	19.20
735.00	19.85
735.19	10.64
735.38	16.71
735.57	18.55
735.76	19.82
735.95	20.09
736.14	23.84
736.33	16.74
736.51	15.69
736.70	13.71
736.89	7.60
737.08	17.29
737.27	11.76
737.46	13.57
737.65	9.65
737.83	7.26
738.02	10.19
738.21	12.31
738.40	17.70
738.59	12.89
738.78	11.86
738.97	14.63
739.16	20.23
739.34	11.56
739.53	12.79
739.72	10.77
739.91	17.26
740.10	4.42
740.29	19.61
740.47	13.20
740.66	19.17
740.85	8.08
741.04	14.05
741.23	3.81
741.42	7.39
741.60	7.90
741.79	21.93
741.98	7.56
742.17	13.37
742.36	9.34
742.55	23.26
742.73	5.00
742.92	15.04
743.11	5.21
743.30	10.53
743.49	24.53
743.68	19.61
743.86	18.25
744.05	10.23
744.24	11.66
744.43	18.18
744.62	18.93
744.80	10.50
744.99	-2.34
745.18	18.18
745.37	10.29
745.56	15.86
745.74	20.98
745.93	8.89
746.12	6.47
746.31	11.97
746.50	12.34
746.68	12.10
746.87	3.33
747.06	17.12
747.25	8.38
747.44	21.66
747.62	8.55
747.81	10.94
748.00	7.70
748.19	14.56
748.37	3.84
748.56	18.01
748.75	4.35
748.94	24.53
749.13	12.61
749.31	6.10
749.50	9.82
749.69	4.53
749.88	7.15
750.06	7.67
750.25	8.08
750.44	15.45
750.63	20.94
750.81	19.89
751.00	9.92
751.19	16.20
751.38	8.21
751.56	8.11
751.75	3.09
751.94	20.16
752.13	8.11
752.31	15.31
752.50	0.50
752.69	22.34
752.88	14.59
753.06	7.94
753.25	2.61
753.44	9.99
753.63	7.36
753.81	15.55
754.00	7.53
754.19	9.00
754.37	20.43
754.56	6.54
754.75	9.61
754.94	17.53
755.12	10.40
755.31	6.13
755.50	13.91
755.69	15.11
755.87	2.89
756.06	13.74
756.25	5.21
756.43	18.04
756.62	-1.82
756.81	13.43
756.99	5.52
757.18	11.66
757.37	13.26
757.56	6.57
757.74	8.52
757.93	11.42
758.12	9.17
758.30	18.62
758.49	-0.18
758.68	18.76
758.86	4.53
759.05	7.60
759.24	1.08
759.42	27.50
759.61	5.82
759.80	10.19
759.99	11.49
760.17	14.56
760.36	15.11
760.55	5.45
760.73	13.20
760.92	14.77
761.11	6.98
761.29	16.51
761.48	7.12
761.67	20.98
761.85	9.24
762.04	9.65
762.23	10.91
762.41	14.01
762.60	1.11
762.79	7.26
762.97	8.72
763.16	7.87
763.34	6.40
763.53	7.80
763.72	11.18
763.90	17.67
764.09	-0.97
764.28	15.04
764.46	13.47
764.65	18.59
764.84	6.61
765.02	12.79
765.21	5.31
765.40	18.04
765.58	16.61
765.77	18.79
765.95	19.75
766.14	14.63
766.33	7.15
766.51	18.21
766.70	6.91
766.89	18.42
767.07	14.59
767.26	21.25
767.44	9.65
767.63	10.02
767.82	9.68
768.00	18.45
768.19	-2.03
768.37	21.32
768.56	-1.55
768.75	13.13
768.93	14.87
769.12	11.11
769.30	10.46
769.49	14.42
769.68	7.26
769.86	5.75
770.05	11.90
770.23	13.30
770.42	4.56
770.61	18.11
770.79	19.68
770.98	16.95
771.16	15.65
771.35	18.18
771.54	5.28
771.72	9.95
771.91	17.12
772.09	14.15
772.28	5.69
772.46	9.71
772.65	13.47
772.84	10.74
773.02	15.58
773.21	13.33
773.39	6.10
773.58	20.06
773.76	7.26
773.95	16.47
774.13	9.24
774.32	21.83
774.51	8.72
774.69	18.83
774.88	13.95
775.06	25.24
775.25	14.01
775.43	17.63
775.62	17.19
775.80	7.53
775.99	3.23
776.18	15.99
776.36	9.71
776.55	3.54
776.73	21.56
776.92	19.92
777.10	12.24
777.29	12.79
777.47	16.54
777.66	14.97
777.84	13.23
778.03	19.65
778.21	6.51
778.40	15.45
778.58	15.35
778.77	13.06
778.95	16.95
779.14	15.96
779.33	15.31
779.51	5.75
779.70	11.15
779.88	11.35
780.07	11.28
780.25	16.64
780.44	10.36
780.62	12.31
780.81	12.61
780.99	15.72
781.18	5.55
781.36	8.79
781.55	5.28
781.73	17.73
781.92	3.40
782.10	10.91
782.29	12.24
782.47	16.71
782.66	14.70
782.84	16.88
783.03	14.94
783.21	18.49
783.39	4.39
783.58	12.17
783.76	7.97
783.95	12.55
784.13	4.66
784.32	12.41
784.50	5.24
784.69	19.13
784.87	14.36
785.06	21.22
785.24	21.28
785.43	14.18
785.61	4.87
785.80	21.35
785.98	6.47
786.17	13.13
786.35	7.56
786.53	9.82
786.72	10.26
786.90	17.09
787.09	12.00
787.27	20.77
787.46	2.51
787.64	17.84
787.83	11.25
788.01	14.05
788.19	10.87
788.38	17.84
788.56	8.28
788.75	12.31
788.93	3.67
789.12	14.49
789.30	14.70
789.49	18.04
789.67	20.70
789.85	14.46
790.04	24.90
790.22	12.65
790.41	7.19
790.59	15.35
790.77	9.99
790.96	12.58
791.14	0.46
791.33	6.47
791.51	7.29
791.70	18.90
791.88	6.40
792.06	18.62
792.25	14.25
792.43	9.17
792.62	23.23
792.80	13.20
792.98	10.87
793.17	11.59
793.35	6.85
793.54	12.68
793.72	8.21
793.90	14.97
794.09	13.43
794.27	8.69
794.46	11.93
794.64	11.35
794.82	0.43
795.01	15.89
795.19	11.83
795.37	12.41
795.56	7.67
795.74	9.30
795.93	13.57
796.11	25.48
796.29	13.20
796.48	10.77
796.66	17.67
796.84	22.31
797.03	12.89
797.21	18.62
797.40	-2.85
797.58	18.59
797.76	7.77
797.95	8.52
798.13	-6.64
798.31	6.61
798.50	12.79
798.68	6.98
798.86	10.67
799.05	12.38
799.23	21.28
799.42	9.34
799.60	14.12
799.78	16.64
799.97	4.46
800.15	7.32
800.33	-0.22
800.52	4.29
800.70	6.47
800.88	12.41
801.07	4.25
801.25	12.21
801.43	1.97
801.62	13.91
801.80	7.02
801.98	16.57
802.17	14.22
802.35	17.22
802.53	13.43
802.72	9.51
802.90	5.21
803.08	4.80
803.26	6.16
803.45	11.42
803.63	22.07
803.81	17.19
804.00	5.52
804.18	2.96
804.36	18.79
804.55	15.82
804.73	0.36
804.91	-1.35
805.10	9.44
805.28	0.63
805.46	7.15
805.64	18.35
805.83	7.26
806.01	10.19
806.19	3.30
806.38	3.95
806.56	11.69
806.74	18.66
806.92	5.24
807.11	10.60
807.29	9.24
807.47	9.20
807.66	8.83
807.84	19.54
808.02	7.94
808.20	13.84
808.39	-5.24
808.57	3.36
808.75	5.45
808.94	30.23
809.12	7.49
809.30	10.87
809.48	-0.39
809.67	16.85
809.85	7.97
810.03	13.50
810.21	8.79
810.40	16.92
810.58	12.72
810.76	14.56
810.94	-6.47
811.13	26.78
811.31	15.55
811.49	14.53
811.67	-0.01
811.86	16.64
812.04	13.54
812.22	14.73
812.40	11.39
812.59	18.55
812.77	9.88
812.95	21.66
813.13	3.77
813.32	17.94
813.50	4.46
813.68	10.33
813.86	4.70
814.04	7.84
814.23	6.95
814.41	2.48
814.59	8.28
814.77	12.44
814.96	6.30
815.14	20.06
815.32	9.68
815.50	18.04
815.68	-2.98
815.87	7.87
816.05	5.38
816.23	13.81
816.41	4.66
816.59	9.17
816.78	10.19
816.96	10.70
817.14	8.38
817.32	13.06
817.50	12.61
817.69	-2.06
817.87	9.92
818.05	14.12
818.23	17.56
818.41	14.49
818.60	10.91
818.78	5.99
818.96	3.95
819.14	6.61
819.32	-1.38
819.51	4.39
819.69	19.78
819.87	16.71
820.05	9.03
820.23	15.82
820.41	7.19
820.60	13.81
820.78	3.23
820.96	8.52
821.14	2.58
821.32	11.86
821.50	-5.30
821.69	13.13
821.87	5.21
822.05	14.08
822.23	3.71
822.41	13.60
822.59	11.18
822.78	8.25
822.96	19.58
823.14	12.31
823.32	13.47
823.50	17.39
823.68	14.08
823.86	16.78
824.05	16.95
824.23	9.13
824.41	12.41
824.59	12.85
824.77	11.18
824.95	14.46
825.13	5.04
825.32	14.66
825.50	-0.56
825.68	11.04
825.86	7.43
826.04	18.52
826.22	-1.45
826.40	12.58
826.58	7.73
826.77	6.64
826.95	15.28
827.13	9.65
827.31	12.07
827.49	15.35
827.67	9.24
827.85	2.00
828.03	2.65
828.22	19.00
828.40	7.84
828.58	13.78
828.76	3.57
828.94	6.71
829.12	9.65
829.30	9.88
829.48	13.13
829.66	9.13
829.84	10.64
830.03	13.37
830.21	17.87
830.39	11.08
830.57	18.76
830.75	12.24
830.93	9.37
831.11	4.42
831.29	11.97
831.47	13.88
831.65	12.82
831.83	19.44
832.02	-1.65
832.20	4.73
832.38	3.16
832.56	3.33
832.74	8.14
832.92	6.81
833.10	13.20
833.28	9.54
833.46	17.70
833.64	13.78
833.82	11.28
834.00	11.69
834.18	-4.55
834.36	10.57
834.54	4.76
834.73	20.88
834.91	0.80
835.09	12.27
835.27	9.44
835.45	16.61
835.63	-5.27
835.81	17.80
835.99	10.46
836.17	22.75
836.35	4.25
836.53	6.23
836.71	15.65
836.89	16.81
837.07	7.67
837.25	6.64
837.43	4.80
837.61	11.28
837.79	9.71
837.97	13.78
838.15	2.00
838.33	10.74
838.51	8.62
838.69	19.54
838.87	0.57
839.05	6.71
839.23	7.26
839.41	13.98
839.59	5.31
839.78	15.28
839.96	7.39
840.14	10.84
840.32	9.71
840.50	10.19
840.68	9.27
840.86	14.59
841.04	3.40
841.22	2.48
841.40	19.13
841.58	16.06
841.76	4.35
841.94	16.95
842.12	3.88
842.30	9.68
842.48	2.31
842.66	7.80
842.84	3.81
843.02	9.75
843.20	-0.25
843.38	14.22
843.55	-3.05
843.73	23.20
843.91	5.07
844.09	22.72
844.27	7.22
844.45	15.55
844.63	3.74
844.81	6.30
844.99	5.96
845.17	18.72
845.35	11.73
845.53	11.39
845.71	6.54
845.89	14.36
846.07	4.29
846.25	12.38
846.43	6.03
846.61	14.36
846.79	9.10
846.97	12.92
847.15	4.70
847.33	3.19
847.51	13.02
847.69	11.86
847.87	10.05
848.05	4.87
848.23	6.30
848.41	3.19
848.58	-5.65
848.76	11.42
848.94	4.05
849.12	9.71
849.30	13.57
849.48	11.22
849.66	3.06
849.84	14.56
850.02	4.53
850.20	14.56
850.38	4.12
850.56	3.88
850.74	11.83
850.92	13.64
851.10	-0.18
851.27	8.42
851.45	-0.87
851.63	17.29
851.81	10.98
851.99	15.93
852.17	14.29
852.35	17.56
852.53	17.73
852.71	17.63
852.89	7.60
853.07	10.53
853.24	1.73
853.42	17.73
853.60	10.70
853.78	18.25
853.96	10.05
854.14	11.80
854.32	4.80
854.50	11.86
854.68	10.12
854.86	16.81
855.03	-7.25
855.21	8.86
855.39	10.91
855.57	14.42
855.75	-0.18
855.93	29.34
856.11	8.52
856.29	18.59
856.47	2.10
856.64	8.55
856.82	5.86
857.00	12.85
857.18	11.66
857.36	19.85
857.54	-1.93
857.72	24.02
857.90	8.38
858.07	16.23
858.25	4.56
858.43	9.51
858.61	16.71
858.79	6.20
858.97	9.44
859.15	20.16
859.32	10.64
859.50	19.65
859.68	15.65
859.86	12.89
860.04	11.42
860.22	13.64
860.40	12.51
860.57	2.24
860.75	10.29
860.93	13.98
861.11	11.32
861.29	11.28
861.47	1.39
861.64	18.45
861.82	11.59
862.00	18.45
862.18	-1.89
862.36	10.57
862.54	8.35
862.71	10.60
862.89	17.70
863.07	23.50
863.25	6.13
863.43	8.96
863.61	4.39
863.78	17.05
863.96	9.13
864.14	14.08
864.32	17.73
864.50	8.96
864.67	7.26
864.85	13.30
865.03	17.84
865.21	5.99
865.39	10.81
865.57	4.32
865.74	23.03
865.92	15.89
866.10	10.09
866.28	12.48
866.46	7.02
866.63	24.94
866.81	9.37
866.99	14.49
867.17	1.49
867.34	9.03
867.52	7.94
867.70	7.46
867.88	4.97
868.06	10.43
868.23	6.78
868.41	28.18
868.59	8.86
868.77	4.49
868.95	3.36
869.12	16.44
869.30	9.44
869.48	8.89
869.66	3.60
869.83	19.10
870.01	13.37
870.19	6.95
870.37	4.87
870.55	14.18
870.72	13.95
870.90	7.32
871.08	5.55
871.26	19.20
871.43	13.33
871.61	8.21
871.79	6.85
871.97	9.17
872.14	24.53
872.32	11.90
872.50	6.16
872.68	13.09
872.85	12.38
873.03	20.43
873.21	3.47
873.39	6.44
873.56	3.81
873.74	16.54
873.92	11.25
874.10	11.01
874.27	1.25
874.45	6.88
874.63	-3.53
874.80	14.42
874.98	10.74
875.16	16.23
875.34	6.71
875.51	20.33
875.69	-5.13
875.87	-1.72
876.05	2.20
876.22	4.70
876.40	7.22
876.58	12.21
876.75	-1.45
876.93	7.73
877.11	1.25
877.29	10.09
877.46	4.83
877.64	13.33
877.82	8.42
877.99	15.55
878.17	1.86
878.35	10.02
878.52	4.87
878.70	23.09
878.88	-0.90
879.06	8.42
879.23	9.10
879.41	13.06
879.59	15.28
879.76	3.57
879.94	-0.22
880.12	13.64
880.29	12.75
880.47	2.75
880.65	-0.18
880.82	9.07
881.00	16.92
881.18	-2.61
881.36	11.73
881.53	10.02
881.71	12.72
881.89	12.61
882.06	9.51
882.24	16.54
882.42	9.07
882.59	13.91
882.77	3.09
882.95	6.71
883.12	4.87
883.30	21.73
883.48	3.74
883.65	10.70
883.83	12.41
884.01	15.52
884.18	3.09
884.36	5.48
884.54	-4.79
884.71	12.82
884.89	-6.60
885.06	9.34
885.24	6.88
885.42	9.68
885.59	0.57
885.77	15.99
885.95	8.89
886.12	13.88
886.30	10.40
886.48	17.91
886.65	3.98
886.83	15.11
887.01	2.61
887.18	1.21
887.36	9.78
887.53	2.75
887.71	5.48
887.89	14.80
888.06	-2.71
888.24	17.63
888.42	2.78
888.59	9.37
888.77	0.74
888.94	7.49
889.12	9.82
889.30	13.16
889.47	5.28
889.65	11.83
889.82	1.79
890.00	13.26
890.18	8.25
890.35	11.73
890.53	2.14
890.71	1.66
890.88	17.63
891.06	7.19
891.23	4.97
891.41	11.52
891.59	8.83
891.76	16.68
891.94	5.45
892.11	2.51
892.29	8.83
892.46	15.24
892.64	7.97
892.82	15.24
892.99	-3.67
893.17	4.39
893.34	6.85
893.52	9.65
893.70	1.35
893.87	7.56
894.05	7.80
894.22	1.11
894.40	12.99
894.57	11.11
894.75	13.23
894.93	2.92
895.10	2.10
895.28	13.84
895.45	10.94
895.63	14.83
895.80	9.24
895.98	20.02
896.16	5.31
896.33	16.10
896.51	3.09
896.68	5.00
896.86	6.23
897.03	11.01
897.21	0.57
897.38	13.13
897.56	0.50
897.74	22.62
897.91	13.13
898.09	-4.32
898.26	11.80
898.44	15.65
898.61	20.74
898.79	7.29
898.96	3.02
899.14	13.33
899.31	4.49
899.49	5.99
899.67	5.72
899.84	17.26
900.02	6.81
900.19	11.66
900.37	6.68
900.54	12.14
900.72	0.26
900.89	15.11
901.07	7.46
901.24	4.80
901.42	0.05
901.59	4.12
901.77	12.17
901.94	21.76
902.12	1.45
902.29	10.70
902.47	6.03
902.64	13.33
902.82	6.16
902.99	10.19
903.17	2.82
903.34	27.19
903.52	9.07
903.69	8.89
903.87	3.30
904.04	5.82
904.22	14.97
904.39	4.15
904.57	6.91
904.74	1.35
904.92	3.47
905.09	6.47
905.27	4.49
905.44	14.42
905.62	1.76
905.79	15.48
905.97	4.12
906.14	8.89
906.32	15.72
906.49	18.28
906.67	6.68
906.84	9.07
907.02	-7.18
907.19	14.80
907.37	13.09
907.54	3.84
907.72	16.30
907.89	13.43
908.06	-0.22
908.24	9.27
908.41	7.09
908.59	14.18
908.76	-3.80
908.94	15.48
909.11	22.82
909.29	8.86
909.46	18.35
909.64	5.62
909.81	-3.05
909.99	12.96
910.16	2.65
910.33	12.75
910.51	9.88
910.68	6.61
910.86	12.72
911.03	4.83
911.21	3.13
911.38	18.38
911.56	-2.61
911.73	-0.01
911.90	8.72
912.08	7.32
912.25	2.41
912.43	7.26
912.60	12.17
912.78	11.22
912.95	5.11
913.12	23.20
913.30	7.56
913.47	12.79
913.65	7.73
913.82	10.87
914.00	9.13
914.17	2.44
914.34	4.59
914.52	2.48
914.69	6.10
914.87	8.11
915.04	4.63
915.21	0.87
915.39	5.62
915.56	22.10
915.74	11.45
915.91	11.93
916.08	8.96
916.26	4.56
916.43	2.10
916.61	3.67
916.78	-0.15
916.95	5.82
917.13	16.30
917.30	13.02
917.48	15.76
917.65	9.03
917.82	13.09
918.00	15.24
918.17	11.69
918.35	11.04
918.52	2.03
918.69	12.21
918.87	8.35
919.04	14.05
919.22	3.81
919.39	14.08
919.56	6.91
919.74	19.54
919.91	7.53
920.08	15.82
920.26	5.31
920.43	15.21
920.61	4.53
920.78	7.43
920.95	11.25
921.13	8.38
921.30	4.90
921.47	1.97
921.65	21.93
921.82	10.98
921.99	9.85
922.17	8.62
922.34	7.02
922.51	5.31
922.69	5.96
922.86	13.20
923.04	4.56
923.21	2.20
923.38	10.19
923.56	20.57
923.73	11.93
923.90	5.96
924.08	8.55
924.25	13.33
924.42	-6.84
924.60	17.02
924.77	-1.93
924.94	9.92
925.12	6.71
925.29	20.47
925.46	4.32
925.64	7.09
925.81	14.05
925.98	11.04
926.16	10.81
926.33	10.84
926.50	4.80
926.68	1.86
926.85	2.07
927.02	5.65
927.19	0.70
927.37	14.63
927.54	8.08
927.71	16.34
927.89	8.35
928.06	13.47
928.23	1.79
928.41	16.47
928.58	9.99
928.75	1.42
928.93	7.60
929.10	7.56
929.27	3.60
929.44	14.53
929.62	3.84
929.79	13.40
929.96	10.70
930.14	5.52
930.31	15.17
930.48	15.76
930.66	21.69
930.83	13.78
931.00	8.38
931.17	14.22
931.35	-5.30
931.52	14.18
931.69	17.87
931.87	7.29
932.04	2.10
932.21	22.62
932.38	13.16
932.56	13.98
932.73	5.21
932.90	17.67
933.07	11.97
933.25	7.60
933.42	8.28
933.59	18.59
933.77	8.28
933.94	7.09
934.11	15.00
934.28	4.29
934.46	4.12
934.63	13.09
934.80	2.89
934.97	3.74
935.15	5.21
935.32	15.17
935.49	10.50
935.66	1.35
935.84	4.46
936.01	18.21
936.18	6.27
936.35	9.24
936.53	19.65
936.70	7.12
936.87	9.88
937.04	6.54
937.22	18.55
937.39	10.09
937.56	6.23
937.73	14.94
937.91	3.50
938.08	8.66
938.25	2.17
938.42	15.76
938.59	7.32
938.77	14.32
938.94	16.47
939.11	-0.22
939.28	8.72
939.46	14.25
939.63	4.83
939.80	16.51
939.97	6.13
940.14	6.23
940.32	8.96
940.49	18.25
940.66	20.70
940.83	12.55
941.00	8.11
941.18	8.11
941.35	-0.97
941.52	7.09
941.69	8.18
941.87	8.45
942.04	8.01
942.21	2.24
942.38	8.69
942.55	9.10
942.73	5.52
942.90	1.56
943.07	3.09
943.24	14.73
943.41	-3.77
943.58	12.99
943.76	9.47
943.93	18.59
944.10	11.97
944.27	15.17
944.44	-1.58
944.62	24.22
944.79	12.48
944.96	6.20
945.13	12.27
945.30	10.64
945.47	0.57
945.65	17.26
945.82	0.29
945.99	20.77
946.16	15.07
946.33	10.02
946.50	1.32
946.68	11.59
946.85	6.27
947.02	15.35
947.19	10.50
947.36	8.66
947.53	15.24
947.71	8.76
947.88	1.49
948.05	11.22
948.22	1.62
948.39	11.73
948.56	12.61
948.74	12.72
948.91	7.60
949.08	20.36
949.25	-2.61
949.42	8.72
949.59	0.74
949.76	24.90
949.94	4.93
950.11	9.27
950.28	5.41
950.45	7.53
950.62	1.21
950.79	16.13
950.96	5.55
951.14	9.27
951.31	2.24
951.48	14.18
951.65	7.22
951.82	9.41
951.99	2.82
952.16	22.00
952.33	8.35
952.51	17.46
952.68	2.72
952.85	16.30
953.02	4.18
953.19	8.96
953.36	6.10
953.53	3.57
953.70	13.40
953.87	11.39
954.05	15.24
954.22	12.03
954.39	15.35
954.56	1.21
954.73	16.13
954.90	16.23
955.07	2.68
955.24	10.23
955.41	4.18
955.58	23.30
955.76	2.78
955.93	6.51
956.10	-1.69
956.27	18.04
956.44	4.32
956.61	9.27
956.78	5.28
956.95	12.92
957.12	7.73
957.29	15.79
957.46	12.34
957.64	11.73
957.81	21.11
957.98	14.97
958.15	5.07
958.32	2.38
958.49	9.44
958.66	21.42
958.83	10.84
959.00	12.14
959.17	-2.74
959.34	9.58
959.51	-1.62
959.68	28.90
959.85	15.52
960.03	3.30
960.20	-1.38
960.37	8.83
960.54	11.08
960.71	12.82
960.88	11.76
961.05	5.17
961.22	5.31
961.39	15.52
961.56	16.34
961.73	15.21
961.90	3.84
962.07	11.45
962.24	3.33
962.41	9.95
962.58	5.55
962.75	21.01
962.92	13.06
963.09	-0.39
963.26	-1.11
963.44	11.56
963.61	-0.87
963.78	9.95
963.95	11.80
964.12	16.85
964.29	0.60
964.46	10.05
964.63	9.41
964.80	12.41
964.97	8.79
965.14	16.20
965.31	-2.37
965.48	18.32
965.65	8.25
965.82	3.47
965.99	5.79
966.16	12.68
966.33	4.46
966.50	2.99
966.67	-0.32
966.84	12.72
967.01	4.90
967.18	5.52
967.35	9.41
967.52	9.95
967.69	-4.14
967.86	15.17
968.03	14.22
968.20	2.31
968.37	10.12
968.54	9.37
968.71	2.72
968.88	9.92
969.05	5.24
969.22	14.73
969.39	4.08
969.56	22.21
969.73	11.11
969.90	12.48
970.07	-1.58
970.24	14.49
970.41	2.44
970.58	26.30
970.75	9.92
970.92	9.75
971.09	14.63
971.26	9.17
971.43	-2.13
971.60	28.73
971.77	7.22
971.94	15.14
972.11	10.98
972.28	8.48
972.45	-3.26
972.62	0.53
972.79	3.09
972.96	15.93
973.12	11.39
973.29	16.30
973.46	10.98
973.63	3.84
973.80	7.46
973.97	-1.28
974.14	15.07
974.31	4.12
974.48	13.16
974.65	3.40
974.82	8.48
974.99	5.82
975.16	11.45
975.33	16.13
975.50	9.78
975.67	12.58
975.84	5.62
976.01	18.83
976.18	2.65
976.35	9.10
976.51	21.15
976.68	10.74
976.85	0.22
977.02	6.61
977.19	8.31
977.36	1.97
977.53	1.93
977.70	18.55
977.87	13.09
978.04	8.14
978.21	1.35
978.38	16.71
978.55	5.34
978.72	3.40
978.88	9.54
979.05	10.87
979.22	4.35
979.39	9.20
979.56	-0.15
979.73	11.63
979.90	18.01
980.07	5.79
980.24	-2.64
980.41	10.70
980.58	9.27
980.75	17.39
980.91	-5.07
981.08	11.08
981.25	10.40
981.42	15.96
981.59	5.86
981.76	14.39
981.93	8.45
982.10	7.15
982.27	1.35
982.44	10.46
982.60	3.81
982.77	10.64
982.94	14.53
983.11	15.72
983.28	3.33
983.45	13.71
983.62	3.74
983.79	10.43
983.95	10.53
984.12	10.70
984.29	1.59
984.46	1.35
984.63	-1.41
984.80	12.51
984.97	11.15
985.14	17.97
985.30	6.85
985.47	11.32
985.64	18.52
985.81	5.45
985.98	2.78
986.15	14.08
986.32	17.26
986.49	16.85
986.65	15.65
986.82	1.39
986.99	4.42
987.16	6.51
987.33	8.31
987.50	24.49
987.67	3.02
987.83	10.33
988.00	14.63
988.17	14.25
988.34	10.74
988.51	6.40
988.68	2.34
988.84	10.91
989.01	12.44
989.18	14.83
989.35	2.68
989.52	14.25
989.69	11.01
989.86	13.23
990.02	8.62
990.19	7.60
990.36	2.61
990.53	28.66
990.70	9.17
990.87	14.49
991.03	6.81
991.20	2.17
991.37	5.58
991.54	6.98
991.71	5.21
991.87	10.19
992.04	2.58
992.21	17.05
992.38	18.18
992.55	14.90
992.72	7.53
992.88	17.19
993.05	1.42
993.22	14.29
993.39	15.07
993.56	13.91
993.72	-1.07
993.89	9.85
994.06	7.02
994.23	12.89
994.40	7.32
994.56	6.95
994.73	12.34
994.90	11.15
995.07	4.35
995.24	5.65
995.40	4.18
995.57	22.99
995.74	15.76
995.91	7.39
996.08	2.82
996.24	13.74
996.41	18.55
996.58	15.35
996.75	3.84
996.92	10.94
997.08	2.10
997.25	7.60
997.42	9.37
997.59	16.16
997.75	11.18
997.92	15.28
998.09	2.68
998.26	3.47
998.43	5.55
998.59	8.59
998.76	3.36
998.93	17.12
999.10	16.37
999.26	14.63
999.43	18.86
999.60	16.92
999.77	15.21
999.93	10.23
1000.10	8.62
1000.27	-1.38
1000.44	7.46
1000.60	9.65
1000.77	10.26
1000.94	12.07
1001.11	7.12
1001.28	15.14
1001.44	7.94
1001.61	-0.36
1001.78	12.48
1001.95	10.91
1002.11	0.36
1002.28	19.13
1002.45	3.71
1002.61	14.87
1002.78	10.60
1002.95	16.23
1003.12	2.75
1003.28	14.73
1003.45	4.59
1003.62	10.05
1003.79	6.47
1003.95	15.96
1004.12	7.84
1004.29	9.88
1004.46	12.75
1004.62	9.20
1004.79	-2.20
1004.96	11.76
1005.12	25.31
1005.29	1.86
1005.46	4.46
1005.63	11.28
1005.79	1.93
1005.96	15.24
1006.13	3.98
1006.29	7.70
1006.46	-2.10
1006.63	22.51
1006.80	7.60
1006.96	10.29
1007.13	4.53
1007.30	2.14
1007.46	15.69
1007.63	3.77
1007.80	14.42
1007.97	14.12
1008.13	5.11
1008.30	6.78
1008.47	10.46
1008.63	15.76
1008.80	19.00
1008.97	10.40
1009.13	0.67
1009.30	9.17
1009.47	4.22
1009.64	9.47
1009.80	9.68
1009.97	15.14
1010.14	11.18
1010.30	19.27
1010.47	9.47
1010.64	4.80
1010.80	11.97
1010.97	8.45
1011.14	6.40
1011.30	29.20
1011.47	9.07
1011.64	17.12
1011.80	4.90
1011.97	16.74
1012.14	6.40
1012.30	13.47
1012.47	0.22
1012.64	13.91
1012.80	5.75
1012.97	14.32
1013.14	9.78
1013.30	28.08
1013.47	17.15
1013.64	10.05
1013.80	10.43
1013.97	2.03
1014.14	1.01
1014.30	11.56
1014.47	11.35
1014.64	12.38
1014.80	2.99
1014.97	7.49
1015.14	12.61
1015.30	11.66
1015.47	5.07
1015.64	19.44
1015.80	9.07
1015.97	7.80
1016.13	14.05
1016.30	11.63
1016.47	6.37
1016.63	10.40
1016.80	-4.59
1016.97	18.21
1017.13	-4.21
1017.30	17.43
1017.47	7.53
1017.63	9.78
1017.80	5.00
1017.96	12.96
1018.13	11.08
1018.30	17.29
1018.46	5.14
1018.63	10.23
1018.80	6.85
1018.96	14.90
1019.13	4.39
1019.29	10.50
1019.46	17.53
1019.63	15.24
1019.79	2.31
1019.96	11.39
1020.13	2.31
1020.29	19.71
1020.46	9.71
1020.62	21.15
1020.79	22.72
1020.96	10.02
1021.12	13.47
1021.29	5.04
1021.45	17.15
1021.62	14.12
1021.79	-1.41
1021.95	10.40
1022.12	11.35
1022.28	0.94
1022.45	6.88
1022.62	14.59
1022.78	11.80
1022.95	14.36
1023.11	15.07
1023.28	2.31
1023.45	8.01
1023.61	7.32
1023.78	17.80
1023.94	12.61
1024.11	1.73
1024.27	16.57
1024.44	-3.39
1024.61	11.69
1024.77	9.65
1024.94	11.83
1025.10	10.23
1025.27	14.29
1025.43	3.67
1025.60	4.01
1025.77	6.64
1025.93	9.68
1026.10	2.41
1026.26	8.18
1026.43	18.42
1026.59	23.26
1026.76	-0.12
1026.93	12.17
1027.09	6.98
1027.26	0.46
1027.42	5.07
1027.59	15.04
1027.75	8.93
1027.92	4.76
1028.08	5.82
1028.25	13.40
1028.42	10.60
1028.58	21.49
1028.75	3.88
1028.91	8.69
1029.08	19.85
1029.24	13.74
1029.41	0.63
1029.57	8.48
1029.74	4.80
1029.91	11.18
1030.07	-0.90
1030.24	13.64
1030.40	8.21
1030.57	12.96
1030.73	6.74
1030.90	6.10
1031.06	11.04
1031.23	15.62
1031.39	10.43
1031.56	8.31
1031.72	3.74
1031.89	13.88
1032.05	7.09
1032.22	16.20
1032.38	13.20
1032.55	11.11
1032.72	8.59
1032.88	5.52
1033.05	7.02
1033.21	14.42
1033.38	-0.94
1033.54	10.12
1033.71	11.73
1033.87	16.98
1034.04	6.06
1034.20	19.78
1034.37	10.74
1034.53	15.93
1034.70	15.11
1034.86	8.08
1035.03	24.19
1035.19	18.93
1035.36	10.40
1035.52	14.73
1035.69	4.90
1035.85	23.98
1036.02	14.87
1036.18	16.40
1036.35	8.11
1036.51	24.32
1036.68	10.74
1036.84	11.76
1037.01	6.06
1037.17	26.23
1037.34	2.99
1037.50	16.92
1037.67	14.08
