337,57	-5,75
337,79	-5,75
338,02	-5,75
338,24	-12,48
338,47	-12,72
338,69	2,37
338,92	1,14
339,14	9,20
339,36	7,01
339,59	-2,68
339,81	-1,76
340,04	-6,40
340,26	5,54
340,49	6,57
340,71	3,53
340,93	3,29
341,16	7,32
341,38	-5,31
341,61	6,23
341,83	1,28
342,05	6,46
342,28	2,03
342,50	12,20
342,73	9,13
342,95	12,61
343,17	5,54
343,40	7,49
343,62	2,85
343,85	6,33
344,07	4,45
344,29	10,49
344,52	8,58
344,74	10,22
344,97	12,61
345,19	9,20
345,41	14,55
345,64	4,66
345,86	5,20
346,08	13,80
346,31	2,03
346,53	3,46
346,76	13,56
346,98	15,34
347,20	9,13
347,43	17,15
347,65	6,94
347,87	18,00
348,10	0,35
348,32	14,76
348,54	11,11
348,77	9,60
348,99	14,90
349,21	8,82
349,44	1,65
349,66	11,79
349,88	-7,09
350,11	17,80
350,33	8,92
350,55	8,96
350,78	8,99
351,00	15,85
351,22	8,55
351,45	14,49
351,67	2,85
351,89	16,06
352,12	4,83
352,34	13,94
352,56	11,28
352,79	11,65
353,01	8,41
353,23	10,49
353,45	10,90
353,68	7,28
353,90	8,72
354,12	12,98
354,35	7,42
354,57	12,27
354,79	5,03
355,01	10,25
355,24	7,11
355,46	6,50
355,68	5,27
355,91	14,45
356,13	13,46
356,35	13,36
356,57	10,29
356,80	-1,28
357,02	4,69
357,24	18,41
357,46	6,84
357,69	4,72
357,91	10,42
358,13	19,84
358,35	7,69
358,58	15,51
358,80	18,00
359,02	7,69
359,24	8,72
359,47	13,63
359,69	5,82
359,91	5,65
360,13	16,88
360,36	1,17
360,58	13,56
360,80	15,51
361,02	6,19
361,25	13,80
361,47	6,70
361,69	13,53
361,91	21,79
362,13	9,37
362,36	15,37
362,58	15,58
362,80	11,14
363,02	14,42
363,25	13,80
363,47	19,84
363,69	-2,00
363,91	20,25
364,13	7,56
364,36	9,47
364,58	5,51
364,80	6,40
365,02	6,33
365,24	16,06
365,47	6,98
365,69	3,53
365,91	9,13
366,13	18,10
366,35	6,91
366,57	13,12
366,80	9,23
367,02	11,69
367,24	12,92
367,46	12,30
367,68	8,14
367,90	20,73
368,13	15,78
368,35	15,61
368,57	14,21
368,79	15,95
369,01	12,78
369,23	7,15
369,46	18,79
369,68	3,56
369,90	4,66
370,12	13,97
370,34	1,75
370,56	14,55
370,78	11,99
371,01	20,46
371,23	16,91
371,45	14,86
371,67	9,88
371,89	26,94
372,11	20,08
372,33	14,76
372,56	1,82
372,78	10,19
373,00	12,47
373,22	16,06
373,44	10,77
373,66	13,29
373,88	12,57
374,10	20,80
374,32	1,89
374,55	16,67
374,77	10,32
374,99	9,84
375,21	16,81
375,43	12,88
375,65	19,78
375,87	23,05
376,09	11,93
376,31	15,61
376,53	9,02
376,75	13,63
376,98	15,92
377,20	20,70
377,42	3,84
377,64	19,06
377,86	10,73
378,08	26,60
378,30	18,14
378,52	18,99
378,74	5,61
378,96	21,93
379,18	11,48
379,40	15,48
379,62	13,36
379,84	17,08
380,07	12,92
380,29	19,81
380,51	6,74
380,73	20,02
380,95	8,72
381,17	14,14
381,39	10,80
381,61	18,68
381,83	9,37
382,05	21,55
382,27	5,85
382,49	7,52
382,71	9,43
382,93	19,95
383,15	21,07
383,37	14,35
383,59	9,60
383,81	22,95
384,03	2,71
384,25	11,21
384,47	14,21
384,69	14,72
384,91	5,44
385,13	22,30
385,35	1,17
385,57	27,22
385,79	13,39
386,01	18,62
386,23	10,15
386,45	15,85
386,67	11,00
386,89	16,91
387,11	11,48
387,33	16,40
387,55	13,43
387,77	16,43
387,99	15,17
388,21	12,06
388,43	15,41
388,65	16,60
388,87	11,31
389,09	8,79
389,31	16,94
389,53	15,65
389,75	20,32
389,97	15,44
390,19	24,86
390,41	5,58
390,63	17,28
390,85	18,65
391,07	24,49
391,29	15,41
391,51	4,14
391,72	19,81
391,94	21,69
392,16	19,47
392,38	20,73
392,60	14,83
392,82	8,24
393,04	21,28
393,26	15,68
393,48	17,46
393,70	19,67
393,92	18,58
394,14	14,86
394,36	24,59
394,58	16,98
394,80	23,63
395,01	4,31
395,23	20,22
395,45	10,80
395,67	25,89
395,89	12,85
396,11	26,77
396,33	9,33
396,55	23,60
396,77	13,09
396,99	21,93
397,21	19,06
397,42	24,35
397,64	16,47
397,86	17,73
398,08	12,64
398,30	20,56
398,52	11,14
398,74	12,61
398,96	3,39
399,17	19,81
399,39	14,83
399,61	26,50
399,83	12,06
400,05	27,49
400,27	15,92
400,49	21,45
400,71	8,75
400,92	27,32
401,14	17,25
401,36	19,88
401,58	17,25
401,80	18,38
402,02	16,77
402,24	24,08
402,45	16,23
402,67	27,32
402,89	22,81
403,11	24,01
403,33	19,98
403,55	14,62
403,76	16,23
403,98	22,17
404,20	21,35
404,42	16,74
404,64	16,23
404,86	24,83
405,07	21,35
405,29	25,37
405,51	14,04
405,73	26,40
405,95	22,30
406,17	30,08
406,38	20,12
406,60	26,50
406,82	19,84
407,04	25,65
407,26	23,57
407,47	23,53
407,69	26,13
407,91	25,72
408,13	23,53
408,35	20,42
408,56	18,75
408,78	30,77
409,00	24,73
409,22	26,88
409,44	25,00
409,65	14,35
409,87	25,51
410,09	24,79
410,31	25,31
410,52	31,69
410,74	20,39
410,96	25,58
411,18	27,73
411,40	25,82
411,61	17,66
411,83	20,02
412,05	23,87
412,27	28,79
412,48	31,52
412,70	31,72
412,92	18,38
413,14	34,18
413,35	22,27
413,57	31,38
413,79	22,06
414,01	25,85
414,22	17,66
414,44	33,19
414,66	30,77
414,87	30,80
415,09	25,44
415,31	33,05
415,53	37,63
415,74	33,70
415,96	26,33
416,18	32,78
416,40	29,33
416,61	32,78
416,83	27,90
417,05	34,25
417,26	26,23
417,48	36,91
417,70	25,10
417,92	33,50
418,13	24,96
418,35	34,79
418,57	36,26
418,78	30,66
419,00	29,57
419,22	37,32
419,43	32,51
419,65	30,29
419,87	22,20
420,09	25,65
420,30	29,20
420,52	37,70
420,74	26,30
420,95	42,68
421,17	29,37
421,39	31,18
421,60	35,10
421,82	36,09
422,04	37,53
422,25	33,70
422,47	38,62
422,69	37,42
422,90	28,31
423,12	39,91
423,34	41,69
423,55	39,95
423,77	37,15
423,99	44,83
424,20	42,00
424,42	40,43
424,64	37,29
424,85	56,57
425,07	52,71
425,28	47,46
425,50	43,43
425,72	61,28
425,93	43,33
426,15	59,64
426,37	45,96
426,58	59,27
426,80	54,01
427,01	54,39
427,23	57,97
427,45	61,32
427,66	56,91
427,88	66,20
428,10	57,36
428,31	61,55
428,53	59,88
428,74	74,83
428,96	69,95
429,18	72,89
429,39	65,72
429,61	75,96
429,82	65,58
430,04	86,61
430,26	80,60
430,47	84,42
430,69	72,10
430,90	97,22
431,12	85,35
431,34	95,28
431,55	84,80
431,77	109,20
431,98	93,71
432,20	97,16
432,41	102,51
432,63	97,84
432,85	104,70
433,06	98,28
433,28	104,60
433,49	108,93
433,71	118,18
433,92	111,90
434,14	121,66
434,35	114,29
434,57	113,68
434,79	131,49
435,00	127,16
435,22	130,74
435,43	125,01
435,65	128,46
435,86	133,71
436,08	134,22
436,29	128,93
436,51	134,97
436,72	138,66
436,94	139,17
437,16	144,46
437,37	146,03
437,59	140,95
437,80	155,76
438,02	154,12
438,23	155,69
438,45	151,90
438,66	144,26
438,88	150,78
439,09	155,25
439,31	145,08
439,52	167,54
439,74	150,91
439,95	159,11
440,17	160,30
440,38	154,29
440,60	159,65
440,81	161,84
441,03	160,85
441,24	164,81
441,46	169,93
441,67	167,33
441,89	165,59
442,10	164,29
442,32	159,79
442,53	170,51
442,75	158,46
442,96	183,61
443,18	174,60
443,39	181,91
443,61	174,64
443,82	197,81
444,04	190,00
444,25	181,98
444,46	198,19
444,68	197,34
444,89	204,33
445,11	207,64
445,32	233,52
445,54	247,48
445,75	246,35
445,97	254,51
446,18	273,69
446,40	266,56
446,61	270,35
446,82	292,16
447,04	309,73
447,25	336,22
447,47	340,32
447,68	369,06
447,90	395,03
448,11	438,42
448,32	475,28
448,54	584,64
448,75	709,46
448,97	897,40
449,18	1149,44
449,40	1483,49
449,61	1825,33
449,82	2334,46
450,04	2700,06
450,25	3403,29
450,47	3886,96
450,68	4824,11
450,89	5457,51
451,11	6237,55
451,32	7947,53
451,54	9543,96
451,75	11047,68
451,96	11565,34
452,18	13489,37
452,39	14861,54
452,61	17108,74
452,82	19674,41
453,03	21984,28
453,25	25227,40
453,46	24611,10
453,68	27401,53
453,89	28833,26
454,10	29738,91
454,32	32824,07
454,53	37458,80
454,74	38758,78
454,96	40658,37
455,17	41789,67
455,39	44079,64
455,60	47662,42
455,81	50060,73
456,03	50701,68
456,24	49873,21
456,45	50385,51
456,67	51242,99
456,88	55856,55
457,09	54781,68
457,31	55241,65
457,52	60221,83
457,73	55460,82
457,95	55770,33
458,16	54462,67
458,37	59330,42
458,59	56674,03
458,80	53235,80
459,01	55615,81
459,23	53226,69
459,44	52017,33
459,65	54066,22
459,87	51048,57
460,08	45166,26
460,29	42157,45
460,51	42656,27
460,72	43112,25
460,93	40135,25
461,15	37685,81
461,36	33790,78
461,57	32305,56
461,79	30071,33
462,00	26995,45
462,21	25103,43
462,42	23747,47
462,64	20398,36
462,85	18451,56
463,06	16832,41
463,28	15873,58
463,49	14780,75
463,70	13248,05
463,92	10849,44
464,13	8687,02
464,34	8406,28
464,55	6699,87
464,77	5353,88
464,98	4899,30
465,19	3994,71
465,40	3347,83
465,62	2621,48
465,83	2071,12
466,04	1636,51
466,26	1205,14
466,47	898,42
466,68	731,82
466,89	575,66
467,11	486,30
467,32	461,22
467,53	435,79
467,74	385,24
467,96	397,83
468,17	380,76
468,38	382,61
468,59	393,56
468,81	362,47
469,02	378,48
469,23	344,62
469,44	343,46
469,66	344,21
469,87	344,45
470,08	328,95
470,29	315,20
470,50	322,02
470,72	311,34
470,93	315,54
471,14	320,38
471,35	324,86
471,57	322,67
471,78	309,50
471,99	312,84
472,20	284,65
472,41	295,06
472,63	283,21
472,84	290,52
473,05	298,40
473,26	288,57
473,47	294,61
473,69	302,09
473,90	288,27
474,11	305,13
474,32	298,16
474,53	307,82
474,75	300,59
474,96	309,09
475,17	314,68
475,38	322,09
475,59	318,78
475,80	304,03
476,02	316,25
476,23	321,41
476,44	319,53
476,65	317,72
476,86	330,38
477,08	326,36
477,29	312,91
477,50	343,18
477,71	330,32
477,92	342,71
478,13	351,04
478,34	357,21
478,56	343,94
478,77	364,14
478,98	365,34
479,19	373,46
479,40	371,89
479,61	391,79
479,83	381,31
480,04	400,46
480,25	380,05
480,46	402,64
480,67	406,36
480,88	393,94
481,09	411,48
481,30	419,51
481,52	426,84
481,73	434,32
481,94	432,17
482,15	447,46
482,36	441,93
482,57	459,85
482,78	454,15
482,99	459,27
483,21	468,35
483,42	473,26
483,63	475,89
483,84	462,68
484,05	477,60
484,26	476,17
484,47	473,54
484,68	486,61
484,89	465,00
485,10	470,40
485,32	469,72
485,53	460,70
485,74	449,06
485,95	457,22
486,16	453,40
486,37	454,42
486,58	454,80
486,79	433,53
487,00	424,11
487,21	407,35
487,42	410,29
487,63	415,27
487,85	400,22
488,06	388,31
488,27	377,80
488,48	383,87
488,69	367,08
488,90	370,53
489,11	362,30
489,32	358,27
489,53	338,92
489,74	340,93
489,95	328,06
490,16	319,22
490,37	309,67
490,58	302,91
490,79	282,29
491,00	283,15
491,21	261,74
491,42	268,37
491,63	253,79
491,84	261,88
492,06	236,25
492,27	242,32
492,48	225,90
492,69	222,12
492,90	225,12
493,11	221,81
493,32	203,62
493,53	199,79
493,74	186,04
493,95	194,40
494,16	184,98
494,37	179,93
494,58	178,12
494,79	171,26
495,00	170,75
495,21	157,47
495,42	157,20
495,63	166,65
495,84	155,18
496,05	165,66
496,26	159,48
496,47	159,89
496,68	155,15
496,89	157,33
497,10	160,10
497,31	156,41
497,52	152,76
497,73	159,93
497,94	163,99
498,15	162,93
498,36	146,89
498,57	160,92
498,78	147,40
498,98	161,12
499,19	162,04
499,40	159,41
499,61	146,65
499,82	154,60
500,03	152,18
500,24	145,11
500,45	139,55
500,66	151,26
500,87	144,43
501,08	149,75
501,29	143,27
501,50	150,10
501,71	144,63
501,92	130,50
502,13	123,40
502,34	137,88
502,55	128,46
502,76	127,47
502,97	120,02
503,17	133,13
503,38	116,95
503,59	128,69
503,80	119,44
504,01	114,12
504,22	108,69
504,43	112,48
504,64	93,54
504,85	98,96
505,06	103,09
505,27	102,28
505,48	97,74
505,68	96,23
505,89	89,00
506,10	91,66
506,31	79,75
506,52	91,80
506,73	89,89
506,94	91,52
507,15	84,83
507,36	82,82
507,57	79,44
507,77	81,63
507,98	68,14
508,19	81,18
508,40	75,11
508,61	80,98
508,82	83,88
509,03	76,71
509,24	69,17
509,45	75,55
509,65	86,34
509,86	78,35
510,07	74,93
510,28	70,36
510,49	78,86
510,70	66,16
510,91	69,64
511,11	73,02
511,32	77,63
511,53	83,40
511,74	66,33
511,95	67,97
512,16	75,45
512,37	66,20
512,57	68,83
512,78	70,12
512,99	65,14
513,20	76,03
513,41	62,27
513,62	63,74
513,82	72,03
514,03	58,89
514,24	66,81
514,45	65,79
514,66	61,21
514,87	66,37
515,07	57,05
515,28	65,51
515,49	56,30
515,70	60,50
515,91	60,74
516,11	65,51
516,32	64,25
516,53	58,59
516,74	59,23
516,95	72,07
517,16	64,87
517,36	73,74
517,57	67,94
517,78	60,05
517,99	55,34
518,20	75,04
518,40	67,84
518,61	69,47
518,82	58,35
519,03	79,44
519,23	74,63
519,44	74,39
519,65	57,56
519,86	65,62
520,07	66,50
520,27	61,96
520,48	62,07
520,69	63,09
520,90	54,01
521,10	62,03
521,31	68,24
521,52	66,88
521,73	49,37
521,94	59,34
522,14	55,00
522,35	56,81
522,56	60,84
522,77	54,18
522,97	41,79
523,18	67,73
523,39	50,39
523,60	55,34
523,80	49,44
524,01	49,57
524,22	45,79
524,43	45,14
524,63	44,25
524,84	48,41
525,05	43,77
525,25	49,88
525,46	46,43
525,67	48,76
525,88	40,15
526,08	42,95
526,29	42,34
526,50	44,39
526,71	42,65
526,91	42,82
527,12	40,26
527,33	53,16
527,53	45,75
527,74	51,35
527,95	42,99
528,16	44,32
528,36	44,39
528,57	55,00
528,78	40,80
528,98	48,62
529,19	40,90
529,40	36,71
529,60	38,07
529,81	49,71
530,02	42,47
530,22	45,24
530,43	41,45
530,64	48,41
530,85	45,68
531,05	55,99
531,26	44,73
531,47	49,57
531,67	44,32
531,88	46,02
532,09	43,67
532,29	46,71
532,50	41,76
532,71	41,52
532,91	42,71
533,12	55,79
533,33	43,60
533,53	47,29
533,74	44,08
533,95	49,78
534,15	42,24
534,36	43,98
534,56	40,02
534,77	52,82
534,98	39,40
535,18	47,18
535,39	32,58
535,60	54,49
535,80	44,49
536,01	43,60
536,22	36,13
536,42	47,87
536,63	48,35
536,83	43,23
537,04	32,78
537,25	36,88
537,45	36,43
537,66	47,53
537,87	36,91
538,07	40,56
538,28	45,92
538,48	45,14
538,69	33,26
538,90	32,41
539,10	38,58
539,31	40,97
539,51	33,22
539,72	48,35
539,93	38,28
540,13	37,25
540,34	32,71
540,54	45,31
540,75	43,16
540,96	39,37
541,16	39,64
541,37	44,18
541,57	40,60
541,78	37,63
541,99	28,62
542,19	37,90
542,40	35,85
542,60	36,36
542,81	37,32
543,01	40,73
543,22	40,05
543,43	30,46
543,63	33,22
543,84	37,01
544,04	37,70
544,25	37,70
544,45	31,72
544,66	37,76
544,87	33,60
545,07	55,31
545,28	39,13
545,48	47,80
545,69	40,53
545,89	42,10
546,10	35,44
546,30	42,44
546,51	39,10
546,71	43,64
546,92	35,00
547,13	48,79
547,33	33,94
547,54	44,52
547,74	37,15
547,95	36,81
548,15	35,58
548,36	48,58
548,56	32,06
548,77	37,66
548,97	37,66
549,18	43,81
549,38	34,42
549,59	34,86
549,79	33,12
550,00	46,20
550,20	33,29
550,41	36,09
550,61	34,25
550,82	36,50
551,02	32,10
551,23	26,43
551,43	26,50
551,64	30,32
551,84	33,33
552,05	42,27
552,25	34,62
552,46	45,00
552,66	41,25
552,87	45,24
553,07	33,98
553,28	28,65
553,48	29,95
553,69	36,02
553,89	30,84
554,10	49,47
554,30	27,90
554,51	33,33
554,71	22,40
554,92	37,90
555,12	24,90
555,32	40,53
555,53	35,00
555,73	30,70
555,94	29,71
556,14	35,61
556,35	30,94
556,55	30,97
556,76	32,82
556,96	32,44
557,17	33,29
557,37	29,33
557,57	36,33
557,78	29,88
557,98	23,80
558,19	23,43
558,39	29,06
558,60	29,50
558,80	36,40
559,00	36,77
559,21	32,61
559,41	33,29
559,62	33,43
559,82	36,77
560,03	37,59
560,23	37,59
560,43	28,24
560,64	35,89
560,84	38,34
561,05	44,35
561,25	26,64
561,45	47,22
561,66	35,96
561,86	38,92
562,07	35,34
562,27	39,47
562,47	35,55
562,68	40,77
562,88	29,06
563,09	38,86
563,29	33,40
563,49	43,19
563,70	35,65
563,90	39,74
564,11	31,79
564,31	45,82
564,51	42,92
564,72	46,81
564,92	43,43
565,12	48,21
565,33	49,37
565,53	53,50
565,74	53,02
565,94	52,44
566,14	49,54
566,35	54,90
566,55	44,49
566,75	58,99
566,96	52,65
567,16	63,91
567,36	58,24
567,57	68,07
567,77	58,35
567,98	67,19
568,18	61,32
568,38	66,40
568,59	72,75
568,79	65,10
568,99	70,43
569,20	82,61
569,40	80,05
569,60	75,55
569,81	71,11
570,01	86,30
570,21	75,21
570,42	93,67
570,62	86,16
570,82	93,91
571,03	86,64
571,23	79,99
571,43	85,55
571,63	83,81
571,84	93,43
572,04	95,45
572,24	88,08
572,45	98,04
572,65	90,29
572,85	94,73
573,06	92,55
573,26	93,54
573,46	86,20
573,67	90,12
573,87	90,74
574,07	84,25
574,27	84,08
574,48	93,13
574,68	85,04
574,88	76,30
575,09	81,18
575,29	84,25
575,49	80,81
575,69	76,95
575,90	86,16
576,10	84,87
576,30	79,34
576,51	89,61
576,71	74,18
576,91	75,89
577,11	76,51
577,32	82,48
577,52	73,02
577,72	81,42
577,92	77,70
578,13	78,96
578,33	80,94
578,53	71,69
578,73	74,73
578,94	76,16
579,14	78,45
579,34	79,44
579,54	64,29
579,75	64,29
579,95	68,72
580,15	66,54
580,35	73,19
580,56	73,60
580,76	58,69
580,96	73,71
581,16	67,66
581,37	70,60
581,57	56,81
581,77	62,44
581,97	66,23
582,17	82,31
582,38	60,80
582,58	66,20
582,78	63,94
582,98	64,15
583,19	61,96
583,39	63,40
583,59	57,08
583,79	65,55
583,99	59,51
584,20	62,41
584,40	60,57
584,60	62,14
584,80	55,99
585,00	51,62
585,21	56,16
585,41	61,73
585,61	57,19
585,81	50,12
586,01	43,67
586,22	63,33
586,42	53,33
586,62	55,75
586,82	43,57
587,02	53,47
587,22	42,10
587,43	46,84
587,63	41,66
587,83	52,61
588,03	42,51
588,23	39,71
588,43	40,32
588,64	47,08
588,84	25,44
589,04	27,15
589,24	30,60
589,44	39,40
589,64	29,54
589,85	42,17
590,05	24,35
590,25	33,36
590,45	20,05
590,65	20,60
590,85	22,27
591,05	36,74
591,26	12,98
591,46	30,56
591,66	21,99
591,86	24,83
592,06	24,11
592,26	18,89
592,46	20,49
592,67	28,58
592,87	28,28
593,07	34,42
593,27	25,41
593,47	28,82
593,67	19,37
593,87	23,63
594,07	21,31
594,28	26,53
594,48	21,35
594,68	21,48
594,88	25,58
595,08	31,14
595,28	16,12
595,48	25,78
595,68	28,65
595,88	30,53
596,08	23,77
596,29	28,00
596,49	26,60
596,69	27,18
596,89	21,01
597,09	26,40
597,29	37,70
597,49	25,03
597,69	26,30
597,89	28,38
598,09	19,91
598,29	26,09
598,50	31,18
598,70	28,34
598,90	21,82
599,10	29,85
599,30	27,70
599,50	29,61
599,70	27,22
599,90	36,54
600,10	29,67
600,30	30,97
600,50	15,65
600,70	35,17
600,90	13,87
601,10	29,44
601,30	20,12
601,50	35,96
601,71	17,52
601,91	29,16
602,11	21,59
602,31	31,55
602,51	29,13
602,71	26,30
602,91	22,78
603,11	29,33
603,31	32,30
603,51	19,84
603,71	26,88
603,91	28,41
604,11	25,44
604,31	32,82
604,51	20,46
604,71	28,79
604,91	19,23
605,11	29,06
605,31	14,66
605,51	30,73
605,71	25,31
605,91	27,01
606,11	22,06
606,31	27,08
606,51	20,56
606,71	28,69
606,91	29,06
607,11	25,20
607,31	31,55
607,51	25,92
607,71	27,59
607,91	28,41
608,11	26,50
608,31	28,24
608,51	32,85
608,71	30,43
608,91	23,09
609,11	29,20
609,31	33,94
609,51	32,88
609,71	22,37
609,91	33,87
610,11	27,46
610,31	31,21
610,51	25,68
610,71	21,55
610,91	26,43
611,11	25,65
611,31	20,94
611,51	24,35
611,71	35,27
611,91	31,65
612,11	20,66
612,31	30,49
612,51	25,92
612,71	42,78
612,90	22,34
613,10	34,62
613,30	20,46
613,50	34,21
613,70	23,05
613,90	26,67
614,10	29,74
614,30	19,91
614,50	29,09
614,70	26,43
614,90	16,23
615,10	19,50
615,30	28,51
615,50	31,11
615,70	21,59
615,90	31,04
616,09	22,61
616,29	25,00
616,49	23,12
616,69	18,62
616,89	16,91
617,09	24,32
617,29	18,14
617,49	21,28
617,69	23,80
617,89	26,33
618,09	19,47
618,28	30,87
618,48	17,69
618,68	16,40
618,88	9,57
619,08	31,07
619,28	10,08
619,48	29,09
619,68	14,38
619,88	18,99
620,08	12,23
620,27	22,20
620,47	10,97
620,67	18,51
620,87	15,34
621,07	23,43
621,27	13,67
621,47	26,36
621,67	13,63
621,86	17,32
622,06	20,77
622,26	21,24
622,46	27,97
622,66	21,72
622,86	13,19
623,06	15,71
623,25	14,66
623,45	20,97
623,65	27,70
623,85	15,71
624,05	10,70
624,25	17,11
624,45	16,40
624,64	18,34
624,84	7,45
625,04	18,21
625,24	12,23
625,44	16,16
625,64	14,59
625,83	13,43
626,03	26,13
626,23	13,19
626,43	12,40
626,63	18,14
626,83	9,23
627,02	22,23
627,22	16,47
627,42	27,59
627,62	14,55
627,82	21,55
628,02	16,26
628,21	25,78
628,41	18,14
628,61	19,61
628,81	21,11
629,01	18,89
629,20	19,47
629,40	17,73
629,60	13,09
629,80	18,92
630,00	20,46
630,19	17,28
630,39	14,83
630,59	25,37
630,79	11,04
630,99	20,19
631,18	7,32
631,38	19,30
631,58	22,47
631,78	14,42
631,98	24,90
632,17	19,61
632,37	13,97
632,57	22,27
632,77	24,08
632,96	29,91
633,16	16,67
633,36	17,80
633,56	13,91
633,76	17,01
633,95	10,36
634,15	17,80
634,35	15,44
634,55	20,46
634,74	21,96
634,94	26,77
635,14	9,64
635,34	16,67
635,53	13,02
635,73	15,44
635,93	12,81
636,13	24,18
636,32	22,20
636,52	16,98
636,72	11,04
636,92	20,46
637,11	23,46
637,31	13,70
637,51	16,29
637,70	18,51
637,90	19,40
638,10	21,18
638,30	9,74
638,49	18,27
638,69	14,59
638,89	24,01
639,09	12,85
639,28	18,04
639,48	17,35
639,68	17,25
639,87	11,38
640,07	15,30
640,27	14,69
640,47	22,58
640,66	9,13
640,86	19,47
641,06	14,18
641,25	15,24
641,45	18,41
641,65	10,94
641,84	10,80
642,04	24,11
642,24	14,38
642,44	10,19
642,63	14,42
642,83	14,18
643,03	13,84
643,22	24,49
643,42	18,99
643,62	14,66
643,81	20,36
644,01	24,52
644,21	5,54
644,40	15,89
644,60	19,54
644,80	17,66
644,99	17,46
645,19	10,25
645,39	8,07
645,58	27,32
645,78	10,25
645,98	10,42
646,17	21,79
646,37	11,21
646,57	13,05
646,76	21,14
646,96	14,72
647,16	15,24
647,35	15,54
647,55	13,09
647,75	20,46
647,94	14,83
648,14	15,13
648,33	15,82
648,53	10,32
648,73	20,83
648,92	13,36
649,12	19,33
649,32	18,31
649,51	22,17
649,71	15,95
649,90	13,70
650,10	19,47
650,30	9,78
650,49	8,14
650,69	24,28
650,89	5,51
651,08	24,49
651,28	14,86
651,47	25,89
651,67	18,68
651,87	19,40
652,06	12,88
652,26	23,33
652,45	11,17
652,65	20,05
652,85	20,15
653,04	18,96
653,24	4,62
653,43	7,63
653,63	15,41
653,83	10,42
654,02	12,13
654,22	18,65
654,41	12,64
654,61	10,87
654,81	20,77
655,00	12,23
655,20	5,00
655,39	8,99
655,59	6,12
655,78	13,97
655,98	11,21
656,18	8,41
656,37	12,85
656,57	17,90
656,76	4,31
656,96	18,45
657,15	7,01
657,35	19,23
657,55	6,84
657,74	22,20
657,94	8,82
658,13	19,26
658,33	6,40
658,52	14,59
658,72	4,76
658,91	17,22
659,11	14,14
659,30	23,36
659,50	11,99
659,70	17,83
659,89	7,73
660,09	18,45
660,28	7,35
660,48	10,66
660,67	9,98
660,87	18,55
661,06	16,53
661,26	14,18
661,45	13,36
661,65	12,44
661,84	19,95
662,04	15,48
662,23	15,07
662,43	14,25
662,62	17,32
662,82	21,24
663,01	12,10
663,21	17,18
663,41	13,94
663,60	18,92
663,80	1,89
663,99	22,61
664,19	15,27
664,38	18,79
664,58	11,14
664,77	11,96
664,97	7,35
665,16	13,33
665,35	24,42
665,55	11,65
665,74	13,12
665,94	11,93
666,13	-1,80
666,33	14,32
666,52	12,34
666,72	19,88
666,91	12,85
667,11	15,61
667,30	22,71
667,50	14,66
667,69	11,11
667,89	11,17
668,08	9,33
668,28	13,73
668,47	7,86
668,67	17,11
668,86	4,96
669,05	17,73
669,25	10,46
669,44	7,32
669,64	9,74
669,83	16,29
670,03	17,93
670,22	16,40
670,42	7,49
670,61	18,99
670,81	14,28
671,00	15,65
671,19	7,93
671,39	14,25
671,58	10,87
671,78	13,26
671,97	13,33
672,17	7,59
672,36	4,66
672,55	12,74
672,75	5,99
672,94	19,74
673,14	11,76
673,33	14,21
673,53	9,95
673,72	11,41
673,91	9,91
674,11	18,31
674,30	32,27
674,50	24,59
674,69	16,16
674,88	12,13
675,08	12,23
675,27	12,40
675,47	21,14
675,66	16,67
675,85	12,54
676,05	10,83
676,24	9,54
676,44	14,08
676,63	12,23
676,82	8,85
677,02	18,96
677,21	10,25
677,41	9,13
677,60	19,61
677,79	8,07
677,99	20,63
678,18	10,25
678,37	22,47
678,57	13,43
678,76	16,40
678,96	9,02
679,15	12,81
679,34	10,36
679,54	16,23
679,73	12,95
679,92	15,75
680,12	14,49
680,31	17,86
680,51	17,01
680,70	19,23
680,89	12,10
681,09	18,72
681,28	3,94
681,47	12,37
681,67	8,10
681,86	9,30
682,05	7,97
682,25	10,46
682,44	-0,36
682,63	23,43
682,83	6,12
683,02	10,83
683,21	5,07
683,41	18,92
683,60	11,48
683,79	16,53
683,99	15,44
684,18	21,99
684,37	-4,42
684,57	12,23
684,76	7,28
684,95	17,90
685,15	13,73
685,34	14,45
685,53	8,65
685,73	12,03
685,92	1,72
686,11	5,17
686,31	5,88
686,50	14,79
686,69	16,06
686,88	12,57
687,08	8,48
687,27	16,26
687,46	9,50
687,66	19,44
687,85	10,73
688,04	7,86
688,24	2,23
688,43	17,86
688,62	15,99
688,81	16,50
689,01	15,58
689,20	12,85
689,39	9,43
689,59	5,82
689,78	11,86
689,97	24,86
690,16	7,97
690,36	13,09
690,55	11,52
690,74	14,32
690,93	18,89
691,13	17,39
691,32	5,65
691,51	19,78
691,70	4,72
691,90	7,63
692,09	20,63
692,28	12,06
692,48	17,15
692,67	26,09
692,86	13,36
693,05	11,65
693,25	15,27
693,44	12,88
693,63	20,97
693,82	15,82
694,01	18,96
694,21	10,49
694,40	11,07
694,59	15,10
694,78	2,10
694,98	6,64
695,17	14,86
695,36	15,58
695,55	11,21
695,75	18,34
695,94	11,76
696,13	20,12
696,32	1,69
696,51	17,83
696,71	7,86
696,90	16,98
697,09	10,19
697,28	15,07
697,48	18,55
697,67	11,17
697,86	5,99
698,05	18,34
698,24	14,21
698,44	12,13
698,63	11,11
698,82	9,47
699,01	18,41
699,20	12,37
699,40	12,95
699,59	16,06
699,78	11,00
699,97	12,92
700,16	7,69
700,36	14,08
700,55	11,62
700,74	14,76
700,93	11,79
701,12	16,33
701,31	20,22
701,51	13,12
701,70	16,91
701,89	14,93
702,08	15,10
702,27	26,94
702,46	8,41
702,66	15,34
702,85	14,11
703,04	20,56
703,23	7,93
703,42	17,05
703,61	13,73
703,81	23,33
704,00	6,16
704,19	16,40
704,38	21,62
704,57	14,18
704,76	21,52
704,96	22,88
705,15	11,07
705,34	26,47
705,53	16,94
705,72	16,77
705,91	16,67
706,10	8,79
706,30	9,54
706,49	16,70
706,68	9,71
706,87	16,16
707,06	9,71
707,25	25,14
707,44	17,35
707,63	15,17
707,83	15,44
708,02	14,55
708,21	14,93
708,40	17,69
708,59	13,15
708,78	16,19
708,97	14,35
709,16	14,38
709,35	10,59
709,55	16,70
709,74	11,35
709,93	15,89
710,12	25,82
710,31	23,29
710,50	11,62
710,69	15,68
710,88	17,49
711,07	16,36
711,26	12,57
711,46	23,16
711,65	7,52
711,84	19,88
712,03	6,81
712,22	23,70
712,41	7,59
712,60	16,64
712,79	14,08
712,98	14,72
713,17	11,45
713,36	22,03
713,55	14,28
713,75	16,74
713,94	11,07
714,13	24,76
714,32	14,45
714,51	19,67
714,70	11,07
714,89	16,36
715,08	21,24
715,27	19,67
715,46	25,41
715,65	28,21
715,84	9,57
716,03	14,08
716,22	8,82
716,41	11,72
716,60	6,36
716,79	15,27
716,99	15,99
717,18	15,71
717,37	14,79
717,56	15,82
717,75	14,69
717,94	15,07
718,13	16,40
718,32	13,46
718,51	12,44
718,70	12,88
718,89	10,97
719,08	14,83
719,27	8,58
719,46	17,69
719,65	22,34
719,84	11,65
720,03	6,67
720,22	15,85
720,41	6,40
720,60	9,64
720,79	6,43
720,98	4,69
721,17	15,41
721,36	21,18
721,55	14,14
721,74	20,63
721,93	12,13
722,12	18,92
722,31	8,55
722,50	24,86
722,69	10,80
722,88	15,82
723,07	15,51
723,26	11,28
723,45	17,11
723,64	15,71
723,83	20,19
724,02	25,68
724,21	11,35
724,40	18,31
724,59	10,12
724,78	9,71
724,97	11,17
725,16	15,82
725,35	6,19
725,54	12,03
725,73	6,98
725,92	6,74
726,11	4,45
726,30	14,86
726,49	13,05
726,68	18,58
726,87	10,39
727,06	9,57
727,25	14,08
727,43	22,40
727,62	13,84
727,81	16,06
728,00	17,01
728,19	19,40
728,38	7,35
728,57	18,07
728,76	13,91
728,95	18,62
729,14	9,30
729,33	16,60
729,52	7,73
729,71	12,64
729,90	14,79
730,09	14,96
730,28	16,84
730,47	22,51
730,65	11,21
730,84	15,99
731,03	21,18
731,22	12,64
731,41	9,20
731,60	7,45
731,79	5,58
731,98	18,51
732,17	7,86
732,36	15,37
732,55	15,92
732,74	14,79
732,92	11,82
733,11	8,61
733,30	5,30
733,49	19,78
733,68	13,33
733,87	12,23
734,06	1,41
734,25	8,48
734,44	15,07
734,63	15,89
734,81	13,70
735,00	16,74
735,19	11,62
735,38	18,07
735,57	-1,59
735,76	18,65
735,95	12,88
736,14	17,49
736,33	11,72
736,51	17,86
736,70	11,69
736,89	14,08
737,08	16,50
737,27	15,95
737,46	3,73
737,65	12,88
737,83	8,96
738,02	6,98
738,21	9,78
738,40	12,20
738,59	8,41
738,78	9,13
738,97	7,90
739,16	8,34
739,34	7,93
739,53	15,27
739,72	-0,87
739,91	15,37
740,10	12,61
740,29	14,08
740,47	11,21
740,66	16,67
740,85	7,22
741,04	13,09
741,23	1,38
741,42	7,56
741,60	7,35
741,79	10,73
741,98	4,31
742,17	11,35
742,36	13,97
742,55	9,98
742,73	4,96
742,92	8,41
743,11	10,49
743,30	8,72
743,49	13,50
743,68	18,51
743,86	10,46
744,05	19,74
744,24	9,30
744,43	12,47
744,62	8,58
744,80	8,82
744,99	1,21
745,18	14,14
745,37	12,51
745,56	4,42
745,74	7,56
745,93	3,32
746,12	10,80
746,31	4,14
746,50	7,35
746,68	13,15
746,87	12,23
747,06	22,75
747,25	7,15
747,44	20,73
747,62	-0,33
747,81	7,39
748,00	6,53
748,19	11,35
748,37	8,17
748,56	16,16
748,75	3,80
748,94	8,48
749,13	2,81
749,31	12,47
749,50	4,96
749,69	12,27
749,88	5,75
750,06	2,57
750,25	5,24
750,44	19,54
750,63	16,19
750,81	14,93
751,00	7,28
751,19	11,41
751,38	7,69
751,56	15,54
751,75	3,46
751,94	13,26
752,13	0,63
752,31	10,42
752,50	8,00
752,69	13,39
752,88	8,34
753,06	8,38
753,25	7,73
753,44	6,70
753,63	4,86
753,81	8,79
754,00	10,73
754,19	7,83
754,37	8,10
754,56	11,69
754,75	-5,21
754,94	13,67
755,12	0,53
755,31	10,97
755,50	0,29
755,69	6,74
755,87	5,27
756,06	3,56
756,25	0,22
756,43	18,65
756,62	7,76
756,81	16,12
756,99	10,32
757,18	15,99
757,37	5,24
757,56	16,02
757,74	11,82
757,93	8,89
758,12	11,96
758,30	4,93
758,49	1,17
758,68	15,78
758,86	6,19
759,05	9,06
759,24	2,95
759,42	26,60
759,61	11,69
759,80	10,22
759,99	10,19
760,17	10,01
760,36	3,02
760,55	13,22
760,73	8,41
760,92	6,16
761,11	8,03
761,29	10,32
761,48	11,38
761,67	7,15
761,85	-0,87
762,04	17,08
762,23	9,74
762,41	8,17
762,60	8,44
762,79	10,46
762,97	10,15
763,16	11,62
763,34	3,29
763,53	3,32
763,72	9,16
763,90	9,78
764,09	-7,39
764,28	10,25
764,46	10,73
764,65	11,17
764,84	11,62
765,02	11,17
765,21	11,52
765,40	15,51
765,58	11,79
765,77	13,33
765,95	13,05
766,14	11,38
766,33	1,45
766,51	17,35
766,70	5,47
766,89	6,70
767,07	11,00
767,26	11,28
767,44	3,94
767,63	10,63
767,82	2,57
768,00	17,52
768,19	3,90
768,37	21,35
768,56	7,35
768,75	15,41
768,93	7,63
769,12	6,64
769,30	9,40
769,49	14,90
769,68	0,18
769,86	6,98
770,05	8,92
770,23	8,85
770,42	4,83
770,61	10,59
770,79	11,38
770,98	18,24
771,16	7,83
771,35	11,35
771,54	9,09
771,72	17,22
771,91	11,38
772,09	8,58
772,28	11,24
772,46	12,61
772,65	5,71
772,84	9,09
773,02	5,37
773,21	19,44
773,39	10,49
773,58	8,00
773,76	13,36
773,95	8,51
774,13	8,65
774,32	12,98
774,51	6,16
774,69	12,23
774,88	8,79
775,06	17,69
775,25	2,78
775,43	8,65
775,62	7,01
775,80	14,76
775,99	6,16
776,18	14,96
776,36	11,76
776,55	9,91
776,73	2,06
776,92	18,38
777,10	3,84
777,29	8,75
777,47	9,78
777,66	19,23
777,84	5,88
778,03	17,22
778,21	9,98
778,40	13,36
778,58	7,04
778,77	16,70
778,95	4,66
779,14	15,41
779,33	1,92
779,51	13,15
779,70	6,67
779,88	3,77
780,07	5,88
780,25	16,98
780,44	4,55
780,62	15,13
780,81	-2,31
780,99	9,02
781,18	1,62
781,36	11,11
781,55	1,52
781,73	1,86
781,92	4,62
782,10	13,80
782,29	8,96
782,47	14,79
782,66	1,31
782,84	8,31
783,03	7,90
783,21	9,60
783,39	6,19
783,58	5,34
783,76	11,24
783,95	12,37
784,13	19,23
784,32	8,31
784,50	6,36
784,69	17,11
784,87	8,99
785,06	20,22
785,24	12,13
785,43	5,00
785,61	6,53
785,80	9,64
785,98	7,49
786,17	17,76
786,35	0,56
786,53	6,29
786,72	-2,21
786,90	5,61
787,09	6,23
787,27	13,63
787,46	14,76
787,64	10,46
787,83	12,34
788,01	3,77
788,19	4,93
788,38	13,22
788,56	7,18
788,75	3,53
788,93	1,82
789,12	6,70
789,30	10,39
789,49	7,86
789,67	9,91
789,85	13,19
790,04	-1,35
790,22	7,45
790,41	11,99
790,59	8,85
790,77	2,85
790,96	10,63
791,14	-0,33
791,33	5,54
791,51	6,60
791,70	6,23
791,88	3,84
792,06	9,16
792,25	8,65
792,43	15,92
792,62	10,94
792,80	16,19
792,98	12,61
793,17	0,46
793,35	9,33
793,54	7,52
793,72	12,23
793,90	8,03
794,09	10,94
794,27	17,25
794,46	3,84
794,64	13,43
794,82	5,58
795,01	9,64
795,19	18,41
795,37	7,49
795,56	6,50
795,74	14,14
795,93	1,31
796,11	9,88
796,29	7,97
796,48	13,63
796,66	-0,12
796,84	16,94
797,03	11,62
797,21	13,94
797,40	6,29
797,58	7,39
797,76	7,86
797,95	16,26
798,13	9,30
798,31	14,86
798,50	11,35
798,68	11,79
798,86	0,46
799,05	18,51
799,23	8,17
799,42	12,88
799,60	3,63
799,78	18,21
799,97	10,29
800,15	4,83
800,33	3,46
800,52	-3,09
800,70	5,58
800,88	14,32
801,07	-1,25
801,25	11,69
801,43	4,93
801,62	4,08
801,80	5,13
801,98	7,49
802,17	7,83
802,35	8,85
802,53	0,94
802,72	10,32
802,90	5,92
803,08	4,55
803,26	-1,25
803,45	10,39
803,63	12,13
803,81	9,26
804,00	4,69
804,18	9,54
804,36	12,34
804,55	14,35
804,73	9,09
804,91	10,32
805,10	4,89
805,28	7,63
805,46	4,42
805,64	14,55
805,83	14,90
806,01	1,11
806,19	8,07
806,38	11,96
806,56	3,53
806,74	10,05
806,92	9,67
807,11	15,03
807,29	-1,45
807,47	3,80
807,66	0,73
807,84	5,17
808,02	4,31
808,20	15,68
808,39	0,42
808,57	9,13
808,75	5,88
808,94	8,34
809,12	2,44
809,30	11,72
809,48	10,19
809,67	9,57
809,85	5,92
810,03	18,04
810,21	7,52
810,40	4,66
810,58	1,75
810,76	15,78
810,94	9,78
811,13	15,65
811,31	6,05
811,49	12,23
811,67	6,77
811,86	7,59
812,04	11,72
812,22	14,69
812,40	-3,88
812,59	11,99
812,77	3,77
812,95	10,12
813,13	5,51
813,32	12,37
813,50	6,09
813,68	10,29
813,86	6,53
814,04	5,58
814,23	14,35
814,41	13,29
814,59	17,39
814,77	8,00
814,96	1,58
815,14	15,30
815,32	17,73
815,50	10,87
815,68	5,34
815,87	8,65
816,05	5,20
816,23	11,89
816,41	12,68
816,59	12,71
816,78	7,86
816,96	9,33
817,14	17,49
817,32	11,89
817,50	6,23
817,69	5,47
817,87	9,06
818,05	8,72
818,23	12,61
818,41	15,78
818,60	8,41
818,78	11,58
818,96	5,85
819,14	9,06
819,32	5,37
819,51	6,50
819,69	2,16
819,87	13,19
820,05	2,06
820,23	10,53
820,41	-0,26
820,60	12,20
820,78	4,01
820,96	10,97
821,14	-1,28
821,32	4,18
821,50	1,79
821,69	5,27
821,87	5,47
822,05	9,67
822,23	7,28
822,41	1,96
822,59	5,37
822,78	11,89
822,96	7,32
823,14	3,46
823,32	-1,39
823,50	8,10
823,68	1,96
823,86	5,82
824,05	4,42
824,23	5,27
824,41	6,91
824,59	0,46
824,77	6,46
824,95	17,80
825,13	2,98
825,32	14,32
825,50	0,05
825,68	19,64
825,86	0,80
826,04	4,11
826,22	2,74
826,40	15,07
826,58	2,57
826,77	5,68
826,95	12,68
827,13	7,93
827,31	2,61
827,49	2,78
827,67	10,08
827,85	15,99
828,03	6,02
828,22	8,72
828,40	4,25
828,58	11,99
828,76	-0,26
828,94	17,63
829,12	6,53
829,30	10,22
829,48	8,07
829,66	12,92
829,84	7,39
830,03	8,34
830,21	8,10
830,39	14,72
830,57	-2,61
830,75	9,54
830,93	-6,37
831,11	9,88
831,29	4,31
831,47	9,23
831,65	5,07
831,83	12,40
832,02	-0,50
832,20	-3,23
832,38	3,09
832,56	6,36
832,74	10,56
832,92	16,12
833,10	7,22
833,28	2,37
833,46	3,36
833,64	11,45
833,82	11,72
834,00	12,06
834,18	6,43
834,36	13,05
834,54	8,99
834,73	12,27
834,91	-1,49
835,09	6,46
835,27	15,95
835,45	7,69
835,63	2,91
835,81	17,73
835,99	-1,69
836,17	10,12
836,35	-0,50
836,53	9,13
836,71	10,39
836,89	9,33
837,07	4,31
837,25	-0,50
837,43	8,27
837,61	12,16
837,79	13,26
837,97	11,35
838,15	2,78
838,33	14,21
838,51	9,33
838,69	3,87
838,87	2,61
839,05	8,44
839,23	6,74
839,41	1,11
839,59	0,18
839,78	3,77
839,96	6,81
840,14	7,76
840,32	6,91
840,50	3,05
840,68	6,98
840,86	3,29
841,04	0,53
841,22	13,60
841,40	-0,67
841,58	9,13
841,76	2,47
841,94	4,14
842,12	-6,74
842,30	10,32
842,48	4,42
842,66	2,64
842,84	7,66
843,02	14,45
843,20	-0,33
843,38	15,17
843,55	12,44
843,73	1,89
843,91	0,56
844,09	9,02
844,27	4,45
844,45	11,35
844,63	7,32
844,81	4,11
844,99	10,94
845,17	10,05
845,35	11,28
845,53	2,54
845,71	3,94
845,89	5,47
846,07	6,43
846,25	1,45
846,43	-6,27
846,61	14,14
846,79	-2,21
846,97	0,90
847,15	7,28
847,33	-1,80
847,51	5,03
847,69	4,14
847,87	1,55
848,05	9,43
848,23	0,76
848,41	16,47
848,58	-1,69
848,76	9,16
848,94	3,77
849,12	8,48
849,30	3,94
849,48	10,80
849,66	2,51
849,84	9,13
850,02	6,94
850,20	3,32
850,38	-2,34
850,56	4,31
850,74	3,36
850,92	13,73
851,10	8,00
851,27	13,73
851,45	-0,19
851,63	13,05
851,81	8,75
851,99	9,71
852,17	2,40
852,35	4,25
852,53	7,66
852,71	19,03
852,89	7,15
853,07	10,08
853,24	-1,18
853,42	2,40
853,60	12,61
853,78	8,68
853,96	-1,01
854,14	13,05
854,32	6,64
854,50	13,09
854,68	1,72
854,86	15,00
855,03	-1,93
855,21	5,17
855,39	10,49
855,57	3,15
855,75	-2,17
855,93	11,00
856,11	10,97
856,29	12,13
856,47	8,55
856,64	13,94
856,82	-1,90
857,00	4,11
857,18	5,95
857,36	12,61
857,54	9,09
857,72	16,06
857,90	4,14
858,07	8,96
858,25	12,54
858,43	16,47
858,61	13,33
858,79	15,34
858,97	-0,60
859,15	3,26
859,32	11,79
859,50	20,56
859,68	12,30
859,86	9,09
860,04	-1,15
860,22	3,73
860,40	-2,75
860,57	5,58
860,75	3,80
860,93	13,33
861,11	5,20
861,29	8,14
861,47	0,53
861,64	15,95
861,82	-3,02
862,00	8,72
862,18	7,59
862,36	8,07
862,54	5,82
862,71	11,07
862,89	-0,23
863,07	3,67
863,25	-3,26
863,43	5,88
863,61	5,95
863,78	11,86
863,96	0,29
864,14	12,61
864,32	4,76
864,50	5,37
864,67	-2,10
864,85	1,31
865,03	8,55
865,21	17,56
865,39	4,93
865,57	8,65
865,74	14,59
865,92	8,10
866,10	7,56
866,28	16,19
866,46	-2,96
866,63	7,32
866,81	4,55
866,99	12,92
867,17	5,20
867,34	3,29
867,52	6,53
867,70	17,90
867,88	5,61
868,06	1,28
868,23	-3,54
868,41	15,30
868,59	5,92
868,77	1,14
868,95	6,09
869,12	10,73
869,30	16,06
869,48	7,45
869,66	9,06
869,83	16,06
870,01	13,43
870,19	13,15
870,37	10,77
870,55	6,36
870,72	2,33
870,90	12,16
871,08	8,07
871,26	2,23
871,43	5,78
871,61	10,12
871,79	2,06
871,97	9,81
872,14	17,93
872,32	4,31
872,50	4,69
872,68	-0,40
872,85	6,16
873,03	13,77
873,21	4,52
873,39	7,15
873,56	3,53
873,74	18,24
873,92	2,20
874,10	9,54
874,27	3,39
874,45	1,21
874,63	4,79
874,80	9,16
874,98	-2,10
875,16	13,63
875,34	11,89
875,51	9,67
875,69	6,67
875,87	9,74
876,05	3,73
876,22	1,31
876,40	7,04
876,58	6,02
876,75	0,12
876,93	14,38
877,11	2,81
877,29	4,83
877,46	4,18
877,64	11,58
877,82	1,92
877,99	4,42
878,17	-2,10
878,35	3,90
878,52	5,47
878,70	12,27
878,88	5,85
879,06	11,48
879,23	-0,77
879,41	8,48
879,59	7,25
879,76	13,39
879,94	-4,56
880,12	2,13
880,29	8,00
880,47	5,54
880,65	-1,73
880,82	9,26
881,00	9,06
881,18	8,55
881,36	-0,02
881,53	2,54
881,71	1,41
881,89	13,29
882,06	0,05
882,24	14,08
882,42	-3,60
882,59	5,00
882,77	0,15
882,95	2,06
883,12	1,04
883,30	13,09
883,48	2,51
883,65	9,95
883,83	7,39
884,01	4,62
884,18	8,65
884,36	2,06
884,54	6,16
884,71	10,08
884,89	-1,90
885,06	4,93
885,24	8,48
885,42	14,35
885,59	7,45
885,77	7,90
885,95	-3,20
886,12	8,34
886,30	8,61
886,48	10,70
886,65	1,92
886,83	9,47
887,01	3,49
887,18	12,20
887,36	4,08
887,53	2,54
887,71	7,15
887,89	10,90
888,06	-3,33
888,24	11,28
888,42	2,98
888,59	7,15
888,77	3,53
888,94	12,40
889,12	2,51
889,30	12,51
889,47	1,48
889,65	14,21
889,82	8,27
890,00	11,11
890,18	3,19
890,35	16,47
890,53	2,13
890,71	13,26
890,88	8,24
891,06	9,74
891,23	1,04
891,41	10,87
891,59	1,24
891,76	10,56
891,94	3,73
892,11	13,39
892,29	3,29
892,46	19,16
892,64	-0,23
892,82	18,92
892,99	-7,33
893,17	5,95
893,34	0,22
893,52	17,05
893,70	-2,51
893,87	9,60
894,05	1,79
894,22	13,43
894,40	13,73
894,57	6,40
894,75	-3,02
894,93	10,63
895,10	9,50
895,28	5,61
895,45	5,78
895,63	15,34
895,80	3,94
895,98	2,33
896,16	7,63
896,33	18,04
896,51	9,47
896,68	15,00
896,86	1,86
897,03	4,38
897,21	-9,17
897,38	3,29
897,56	4,72
897,74	12,78
897,91	8,72
898,09	7,25
898,26	8,41
898,44	15,68
898,61	-1,42
898,79	4,66
898,96	8,38
899,14	18,24
899,31	0,29
899,49	16,91
899,67	5,00
899,84	14,21
900,02	-5,45
900,19	16,67
900,37	2,10
900,54	6,36
900,72	-0,77
900,89	3,53
901,07	-0,36
901,24	5,95
901,42	0,94
901,59	13,22
901,77	5,27
901,94	17,01
902,12	0,15
902,29	4,55
902,47	5,10
902,64	11,07
902,82	4,93
902,99	3,80
903,17	3,32
903,34	5,92
903,52	2,51
903,69	6,53
903,87	0,29
904,04	7,25
904,22	7,45
904,39	-0,29
904,57	4,42
904,74	-3,78
904,92	0,76
905,09	9,37
905,27	-4,05
905,44	13,53
905,62	4,01
905,79	0,90
905,97	-7,15
906,14	5,75
906,32	0,80
906,49	12,51
906,67	3,22
906,84	4,55
907,02	8,55
907,19	11,31
907,37	4,76
907,54	10,87
907,72	16,43
907,89	4,69
908,06	-7,33
908,24	5,99
908,41	5,07
908,59	5,34
908,76	-1,73
908,94	12,92
909,11	6,02
909,29	10,19
909,46	2,10
909,64	12,74
909,81	5,68
909,99	17,93
910,16	-7,91
910,33	9,54
910,51	6,81
910,68	5,95
910,86	2,64
911,03	-2,65
911,21	4,11
911,38	5,54
911,56	-1,08
911,73	4,48
911,90	11,11
912,08	6,70
912,25	7,59
912,43	9,54
912,60	-0,40
912,78	10,12
912,95	3,29
913,12	6,70
913,30	8,89
913,47	10,39
913,65	10,56
913,82	7,04
914,00	13,22
914,17	7,11
914,34	9,95
914,52	7,35
914,69	2,47
914,87	20,80
915,04	5,47
915,21	8,17
915,39	8,75
915,56	15,00
915,74	1,75
915,91	5,10
916,08	6,74
916,26	5,78
916,43	-0,26
916,61	12,98
916,78	5,44
916,95	9,78
917,13	11,62
917,30	-2,41
917,48	6,33
917,65	5,95
917,82	6,70
918,00	10,59
918,17	5,27
918,35	15,99
918,52	-2,51
918,69	8,44
918,87	5,24
919,04	0,32
919,22	1,31
919,39	10,90
919,56	7,73
919,74	12,68
919,91	-5,11
920,08	3,84
920,26	2,85
920,43	14,14
920,61	1,21
920,78	11,65
920,95	8,31
921,13	5,07
921,30	2,23
921,47	11,82
921,65	2,30
921,82	2,68
921,99	-3,23
922,17	9,06
922,34	4,18
922,51	6,19
922,69	-1,15
922,86	5,78
923,04	1,55
923,21	3,09
923,38	8,85
923,56	5,30
923,73	8,27
923,90	7,22
924,08	1,92
924,25	11,55
924,42	0,12
924,60	4,72
924,77	5,51
924,94	2,81
925,12	-4,22
925,29	17,32
925,46	-2,10
925,64	9,74
925,81	9,64
925,98	2,40
926,16	7,63
926,33	-0,12
926,50	0,53
926,68	8,07
926,85	1,28
927,02	6,29
927,19	5,95
927,37	1,82
927,54	5,78
927,71	10,63
927,89	5,82
928,06	8,24
928,23	8,92
928,41	10,12
928,58	5,34
928,75	5,88
928,93	-3,43
929,10	5,82
929,27	-5,55
929,44	6,74
929,62	-5,55
929,79	10,19
929,96	1,99
930,14	5,30
930,31	3,49
930,48	3,43
930,66	13,12
930,83	10,22
931,00	3,46
931,17	7,22
931,35	6,60
931,52	7,76
931,69	9,06
931,87	9,43
932,04	1,96
932,21	15,99
932,38	9,06
932,56	12,81
932,73	1,41
932,90	12,98
933,07	8,17
933,25	6,12
933,42	1,69
933,59	6,23
933,77	3,39
933,94	-0,26
934,11	7,45
934,28	9,16
934,46	1,58
934,63	20,80
934,80	3,09
934,97	12,16
935,15	-1,90
935,32	5,61
935,49	7,22
935,66	5,65
935,84	8,34
936,01	12,16
936,18	3,87
936,35	-1,69
936,53	10,12
936,70	8,07
936,87	-0,36
937,04	4,66
937,22	-1,93
937,39	9,91
937,56	1,92
937,73	-1,66
937,91	10,32
938,08	1,69
938,25	7,76
938,42	13,29
938,59	0,87
938,77	5,03
938,94	1,04
939,11	-2,38
939,28	10,90
939,46	8,96
939,63	-3,81
939,80	3,60
939,97	-0,02
940,14	6,91
940,32	11,82
940,49	11,48
940,66	7,11
940,83	12,27
941,00	5,71
941,18	8,58
941,35	7,86
941,52	9,16
941,69	4,31
941,87	6,19
942,04	10,59
942,21	7,90
942,38	16,94
942,55	6,74
942,73	2,51
942,90	5,30
943,07	-1,86
943,24	5,44
943,41	-3,23
943,58	1,17
943,76	7,63
943,93	8,34
944,10	-3,91
944,27	10,59
944,44	3,12
944,62	12,30
944,79	7,97
944,96	8,34
945,13	4,42
945,30	5,37
945,47	-3,98
945,65	6,57
945,82	8,75
945,99	4,48
946,16	6,05
946,33	11,76
946,50	-0,29
946,68	9,47
946,85	6,16
947,02	7,63
947,19	11,69
947,36	15,20
947,53	-0,05
947,71	13,91
947,88	1,96
948,05	2,68
948,22	2,71
948,39	6,50
948,56	14,62
948,74	6,60
948,91	8,51
949,08	10,94
949,25	1,86
949,42	5,61
949,59	1,24
949,76	11,17
949,94	5,41
950,11	7,42
950,28	2,40
950,45	3,60
950,62	-5,11
950,79	15,65
950,96	1,58
951,14	2,33
951,31	12,68
951,48	9,23
951,65	4,66
951,82	5,58
951,99	9,16
952,16	8,85
952,33	5,47
952,51	9,43
952,68	-0,94
952,85	3,56
953,02	2,06
953,19	10,94
953,36	7,32
953,53	8,96
953,70	6,33
953,87	12,37
954,05	1,00
954,22	12,88
954,39	2,06
954,56	1,58
954,73	9,37
954,90	7,04
955,07	3,94
955,24	4,28
955,41	6,64
955,58	5,78
955,76	2,98
955,93	14,76
956,10	5,44
956,27	6,77
956,44	4,52
956,61	6,87
956,78	5,85
956,95	18,65
957,12	-4,56
957,29	13,63
957,46	2,74
957,64	0,76
957,81	6,12
957,98	6,46
958,15	-1,04
958,32	9,78
958,49	-5,04
958,66	2,61
958,83	6,16
959,00	16,02
959,17	0,42
959,34	18,65
959,51	4,55
959,68	8,72
959,85	4,21
960,03	10,63
960,20	-15,65
960,37	6,19
960,54	11,79
960,71	9,71
960,88	-3,91
961,05	5,88
961,22	3,32
961,39	4,55
961,56	10,46
961,73	8,68
961,90	0,49
962,07	5,13
962,24	-0,84
962,41	11,45
962,58	9,81
962,75	18,72
962,92	-1,80
963,09	3,84
963,26	1,75
963,44	10,42
963,61	0,01
963,78	9,57
963,95	8,96
964,12	5,00
964,29	-2,96
964,46	8,14
964,63	-3,60
964,80	2,10
964,97	2,40
965,14	6,77
965,31	-3,84
965,48	8,82
965,65	6,84
965,82	1,62
965,99	9,98
966,16	13,50
966,33	7,52
966,50	12,61
966,67	-7,63
966,84	13,29
967,01	5,30
967,18	8,00
967,35	4,45
967,52	10,49
967,69	-2,27
967,86	2,68
968,03	9,23
968,20	13,94
968,37	0,63
968,54	-0,64
968,71	6,33
968,88	9,54
969,05	3,22
969,22	14,86
969,39	-6,64
969,56	10,56
969,73	-0,77
969,90	3,80
970,07	2,81
970,24	16,64
970,41	1,17
970,58	5,54
970,75	-5,65
970,92	10,70
971,09	2,68
971,26	6,53
971,43	-4,53
971,60	7,90
971,77	7,52
971,94	7,22
972,11	2,20
972,28	8,48
972,45	6,70
972,62	-0,81
972,79	0,29
972,96	15,78
973,12	1,41
973,29	0,73
973,46	3,49
973,63	5,85
973,80	4,89
973,97	2,78
974,14	5,44
974,31	5,71
974,48	7,59
974,65	7,25
974,82	0,73
974,99	7,73
975,16	2,88
975,33	12,54
975,50	13,15
975,67	12,13
975,84	11,72
976,01	13,22
976,18	2,81
976,35	0,15
976,51	7,32
976,68	4,59
976,85	-5,00
977,02	9,33
977,19	4,14
977,36	-0,12
977,53	-2,82
977,70	10,15
977,87	-0,98
978,04	16,81
978,21	2,85
978,38	8,07
978,55	3,84
978,72	3,67
978,88	0,53
979,05	10,73
979,22	0,49
979,39	9,98
979,56	5,37
979,73	11,28
979,90	4,42
980,07	11,48
980,24	0,76
980,41	5,75
980,58	12,44
980,75	12,40
980,91	1,38
981,08	6,09
981,25	6,33
981,42	12,51
981,59	3,49
981,76	1,62
981,93	14,49
982,10	4,79
982,27	14,93
982,44	13,53
982,60	7,08
982,77	6,23
982,94	3,36
983,11	2,10
983,28	1,58
983,45	11,55
983,62	7,93
983,79	13,70
983,95	7,22
984,12	9,98
984,29	5,78
984,46	6,70
984,63	5,41
984,80	1,86
984,97	4,69
985,14	5,99
985,30	1,69
985,47	18,00
985,64	-0,67
985,81	7,08
985,98	-0,67
986,15	12,23
986,32	6,23
986,49	10,90
986,65	3,22
986,82	5,75
986,99	-5,62
987,16	5,00
987,33	-2,48
987,50	14,35
987,67	7,22
987,83	4,69
988,00	18,24
988,17	16,74
988,34	12,71
988,51	10,36
988,68	0,83
988,84	7,73
989,01	1,55
989,18	5,75
989,35	4,31
989,52	6,16
989,69	-5,21
989,86	10,05
990,02	10,90
990,19	12,16
990,36	1,99
990,53	17,80
990,70	5,82
990,87	1,31
991,03	6,46
991,20	6,94
991,37	2,40
991,54	6,26
991,71	2,33
991,87	7,69
992,04	0,29
992,21	16,02
992,38	4,59
992,55	12,98
992,72	11,21
992,88	11,55
993,05	3,09
993,22	-3,54
993,39	1,58
993,56	15,54
993,72	5,37
993,89	8,17
994,06	8,82
994,23	9,81
994,40	8,21
994,56	4,69
994,73	-0,36
994,90	6,12
995,07	0,90
995,24	7,52
995,40	-2,72
995,57	10,77
995,74	5,27
995,91	6,81
996,08	8,55
996,24	12,81
996,41	9,57
996,58	-3,91
996,75	-7,05
996,92	3,77
997,08	9,50
997,25	4,79
997,42	6,02
997,59	10,12
997,75	1,04
997,92	4,76
998,09	0,15
998,26	6,33
998,43	-2,03
998,59	9,06
998,76	2,85
998,93	11,69
999,10	9,20
999,26	8,79
999,43	3,67
999,60	7,80
999,77	17,80
999,93	14,55
1000,10	3,49
1000,27	4,79
1000,44	3,22
1000,60	4,72
1000,77	2,88
1000,94	10,36
1001,11	14,90
1001,28	0,18
1001,44	7,69
1001,61	5,24
1001,78	-6,78
1001,95	11,58
1002,11	-0,16
1002,28	6,91
1002,45	2,33
1002,61	7,49
1002,78	-3,88
1002,95	12,81
1003,12	-1,01
1003,28	11,45
1003,45	2,74
1003,62	0,97
1003,79	-3,98
1003,95	1,89
1004,12	4,79
1004,29	4,11
1004,46	6,29
1004,62	8,58
1004,79	4,14
1004,96	15,68
1005,12	12,23
1005,29	-2,27
1005,46	4,55
1005,63	-1,73
1005,79	-0,19
1005,96	10,25
1006,13	3,43
1006,29	4,79
1006,46	0,73
1006,63	12,30
1006,80	6,12
1006,96	1,28
1007,13	10,39
1007,30	9,71
1007,46	7,04
1007,63	1,69
1007,80	3,73
1007,97	8,17
1008,13	-0,16
1008,30	2,33
1008,47	4,04
1008,63	7,39
1008,80	6,87
1008,97	14,55
1009,13	3,80
1009,30	-0,29
1009,47	0,83
1009,64	5,10
1009,80	-0,81
1009,97	13,67
1010,14	19,44
1010,30	15,92
1010,47	5,44
1010,64	-2,34
1010,80	7,59
1010,97	10,83
1011,14	0,22
1011,30	14,35
1011,47	1,45
1011,64	15,24
1011,80	-1,35
1011,97	10,39
1012,14	9,81
1012,30	-0,98
1012,47	5,44
1012,64	16,33
1012,80	4,96
1012,97	18,72
1013,14	3,53
1013,30	15,13
1013,47	2,71
1013,64	10,36
1013,80	7,63
1013,97	15,17
1014,14	-4,94
1014,30	10,80
1014,47	6,84
1014,64	4,42
1014,80	4,11
1014,97	6,19
1015,14	6,02
1015,30	11,28
1015,47	-0,87
1015,64	13,02
1015,80	2,98
1015,97	8,82
1016,13	6,12
1016,30	7,69
1016,47	4,69
1016,63	6,91
1016,80	-0,84
1016,97	8,07
1017,13	-0,36
1017,30	2,64
1017,47	7,49
1017,63	9,91
1017,80	2,61
1017,96	13,77
1018,13	1,65
1018,30	9,95
1018,46	1,11
1018,63	5,68
1018,80	4,69
1018,96	14,42
1019,13	9,64
1019,29	5,68
1019,46	4,14
1019,63	4,55
1019,79	-3,43
1019,96	3,73
1020,13	4,89
1020,29	2,16
1020,46	8,65
1020,62	-1,80
1020,79	7,32
1020,96	23,22
1021,12	2,27
1021,29	7,25
1021,45	1,14
1021,62	8,51
1021,79	0,12
1021,95	18,68
1022,12	-2,55
1022,28	3,84
1022,45	5,41
1022,62	16,50
1022,78	0,59
1022,95	-3,09
1023,11	9,16
1023,28	-0,98
1023,45	2,16
1023,61	13,02
1023,78	-2,79
1023,94	15,03
1024,11	2,81
1024,27	1,24
1024,44	-0,05
1024,61	9,30
1024,77	12,44
1024,94	5,17
1025,10	4,55
1025,27	12,57
1025,43	1,14
1025,60	0,73
1025,77	6,43
1025,93	9,16
1026,10	9,37
1026,26	7,59
1026,43	0,66
1026,59	12,57
1026,76	3,80
1026,93	17,73
1027,09	2,20
1027,26	5,27
1027,42	3,26
1027,59	8,68
1027,75	-1,73
1027,92	10,73
1028,08	6,19
1028,25	4,93
1028,42	9,26
1028,58	9,26
1028,75	6,36
1028,91	6,40
1029,08	15,44
1029,24	6,33
1029,41	14,79
1029,57	5,61
1029,74	5,20
1029,91	9,23
1030,07	-1,08
1030,24	10,15
1030,40	0,05
1030,57	3,09
1030,73	4,86
1030,90	15,54
1031,06	9,06
1031,23	14,35
1031,39	3,19
1031,56	8,00
1031,72	-2,48
1031,89	14,18
1032,05	14,18
1032,22	7,22
1032,38	3,90
1032,55	9,02
1032,72	9,40
1032,88	7,83
1033,05	1,65
1033,21	8,44
1033,38	-0,36
1033,54	10,19
1033,71	3,97
1033,87	8,14
1034,04	2,68
1034,20	15,89
1034,37	2,85
1034,53	9,02
1034,70	2,03
1034,86	7,35
1035,03	10,22
1035,19	4,89
1035,36	1,75
1035,52	3,63
1035,69	-0,43
1035,85	14,14
1036,02	5,37
1036,18	8,10
1036,35	7,83
1036,51	14,62
1036,68	9,37
1036,84	7,08
1037,01	6,26
1037,17	13,94
1037,34	8,96
1037,50	4,66
1037,67	8,48
