File Dati SpectraSuite
++++++++++++++++++++++++++++++++++++
Data: Mon Feb 25 16:28:33 CET 2019
Utente: Studente
Spettro Scuro Presente: Si
Spettro di Riferimento Presente: No
Numero di Componenti Spettri Campionati: 1
Spettrometri: USB4F01341
Tempo di integrazione (usec): 45000 (USB4F01341)
Media Spettri: 10 (USB4F01341)
Appiattimento Boxcar: 0 (USB4F01341)
Correggi Oscurità Elettronica: Si (USB4F01341)
Strobo/Lampada Abilitato: No (USB4F01341)
Correct for Detector Non-linearity: No (USB4F01341)
Correggi Stray Light: No (USB4F01341)
Numero di Pixel nello Spettro Elaborato: 3648
>>>>>Comincia Dati dello Spettro Elaborati<<<<<
337,57	-22,66
337,79	-22,66
338,02	-22,66
338,24	-52,35
338,47	-53,99
338,69	-16,31
338,92	-3,41
339,14	7,04
339,36	32,23
339,59	25,06
339,81	13,18
340,04	15,64
340,26	24,65
340,49	-3,61
340,71	33,46
340,93	22,81
341,16	-8,12
341,38	-1,77
341,61	-3,82
341,83	52,71
342,05	29,98
342,28	12,57
342,50	28,54
342,73	8,68
342,95	26,08
343,17	-1,36
343,40	7,04
343,62	-5,66
343,85	13,59
344,07	14,41
344,29	17,07
344,52	-4,84
344,74	14,41
344,97	-4,43
345,19	27,52
345,41	2,53
345,64	25,06
345,86	30,39
346,08	9,09
346,31	4,99
346,53	14,41
346,76	4,99
346,98	43,29
347,20	29,77
347,43	10,52
347,65	16,05
347,87	41,24
348,10	2,53
348,32	21,17
348,54	1,30
348,77	25,47
348,99	29,98
349,21	35,92
349,44	31,82
349,66	30,18
349,88	19,12
350,11	17,07
350,33	-0,33
350,55	42,47
350,78	-8,94
351,00	30,80
351,22	34,69
351,45	10,93
351,67	1,71
351,89	27,52
352,12	0,69
352,34	31,82
352,56	6,63
352,79	9,50
353,01	26,70
353,23	39,19
353,45	24,24
353,68	27,72
353,90	47,38
354,12	16,87
354,35	14,41
354,57	8,88
354,79	33,66
355,01	48,41
355,24	-6,68
355,46	31,82
355,68	-7,09
355,91	34,07
356,13	10,73
356,35	6,83
356,57	34,89
356,80	1,51
357,02	24,04
357,24	11,34
357,46	2,53
357,69	2,94
357,91	42,47
358,13	9,50
358,35	20,35
358,58	27,93
358,80	-9,55
359,02	43,90
359,24	20,15
359,47	49,02
359,69	-4,23
359,91	-3,00
360,13	7,04
360,36	9,09
360,58	23,63
360,80	-13,24
361,02	0,49
361,25	16,87
361,47	26,29
361,69	43,49
361,91	35,10
362,13	23,01
362,36	35,30
362,58	28,13
362,80	22,81
363,02	5,61
363,25	26,49
363,47	17,28
363,69	9,70
363,91	60,49
364,13	42,88
364,36	27,72
364,58	5,40
364,80	13,39
365,02	31,00
365,24	2,74
365,47	15,03
365,69	-1,36
365,91	21,37
366,13	12,36
366,35	0,49
366,57	16,46
366,80	9,09
367,02	20,35
367,24	11,54
367,46	37,96
367,68	28,95
367,90	44,52
368,13	42,26
368,35	26,29
368,57	48,00
368,79	31,41
369,01	36,53
369,23	23,42
369,46	32,23
369,68	21,37
369,90	20,96
370,12	31,61
370,34	-9,75
370,56	42,26
370,78	32,64
371,01	25,47
371,23	15,64
371,45	30,18
371,67	-0,13
371,89	38,17
372,11	34,28
372,33	5,40
372,56	26,08
372,78	49,02
373,00	17,89
373,22	35,51
373,44	10,52
373,66	34,69
373,88	14,21
374,10	-3,41
374,32	-24,91
374,55	33,46
374,77	9,09
374,99	17,48
375,21	6,42
375,43	32,84
375,65	8,68
375,87	52,30
376,09	32,23
376,31	18,92
376,53	9,29
376,75	15,64
376,98	55,58
377,20	46,97
377,42	23,22
377,64	8,88
377,86	22,81
378,08	34,89
378,30	29,77
378,52	31,61
378,74	18,51
378,96	27,52
379,18	17,48
379,40	44,72
379,62	28,95
379,84	2,94
380,07	41,44
380,29	4,58
380,51	10,11
380,73	19,12
380,95	-2,38
381,17	27,93
381,39	26,29
381,61	-7,30
381,83	22,81
382,05	20,76
382,27	15,85
382,49	24,04
382,71	3,97
382,93	36,32
383,15	41,04
383,37	28,13
383,59	7,45
383,81	57,83
384,03	-2,79
384,25	2,94
384,47	11,13
384,69	32,84
384,91	3,35
385,13	35,71
385,35	9,50
385,57	43,70
385,79	26,49
386,01	-2,79
386,23	26,70
386,45	21,17
386,67	7,04
386,89	11,75
387,11	25,68
387,33	27,72
387,55	39,81
387,77	31,82
387,99	-0,95
388,21	-9,55
388,43	18,71
388,65	14,41
388,87	0,69
389,09	28,54
389,31	36,12
389,53	13,80
389,75	25,68
389,97	15,03
390,19	57,21
390,41	31,41
390,63	22,60
390,85	6,22
391,07	20,76
391,29	52,09
391,51	0,28
391,72	30,80
391,94	20,76
392,16	21,99
392,38	28,34
392,60	16,46
392,82	-8,32
393,04	8,27
393,26	16,46
393,48	29,98
393,70	18,71
393,92	8,88
394,14	19,33
394,36	26,29
394,58	45,54
394,80	31,41
395,01	14,21
395,23	35,10
395,45	8,47
395,67	31,41
395,89	57,62
396,11	16,05
396,33	7,65
396,55	34,48
396,77	24,86
396,99	37,35
397,21	18,10
397,42	21,78
397,64	25,88
397,86	10,73
398,08	-1,15
398,30	20,96
398,52	24,65
398,74	19,33
398,96	26,90
399,17	9,09
399,39	48,00
399,61	25,68
399,83	17,07
400,05	42,67
400,27	23,22
400,49	32,23
400,71	1,10
400,92	23,63
401,14	25,27
401,36	33,05
401,58	3,15
401,80	55,58
402,02	20,15
402,24	52,50
402,45	11,34
402,67	40,42
402,89	20,96
403,11	65,61
403,33	20,15
403,55	16,05
403,76	11,75
403,98	33,87
404,20	29,57
404,42	47,38
404,64	14,62
404,86	32,43
405,07	-2,79
405,29	15,64
405,51	29,36
405,73	34,48
405,95	32,23
406,17	30,59
406,38	20,15
406,60	20,35
406,82	12,77
407,04	15,23
407,26	34,89
407,47	33,87
407,69	32,84
407,91	33,05
408,13	18,92
408,35	36,73
408,56	24,86
408,78	29,77
409,00	20,56
409,22	18,10
409,44	10,52
409,65	22,60
409,87	29,16
410,09	55,78
410,31	9,70
410,52	19,33
410,74	45,95
410,96	33,87
411,18	22,60
411,40	33,66
411,61	31,82
411,83	36,94
412,05	28,34
412,27	12,98
412,48	15,85
412,70	20,35
412,92	17,28
413,14	27,31
413,35	3,15
413,57	32,64
413,79	13,39
414,01	28,75
414,22	23,63
414,44	26,29
414,66	25,47
414,87	34,89
415,09	40,83
415,31	18,30
415,53	42,26
415,74	25,06
415,96	44,72
416,18	35,71
416,40	28,54
416,61	25,47
416,83	8,68
417,05	31,82
417,26	-9,55
417,48	26,29
417,70	45,34
417,92	56,39
418,13	26,70
418,35	24,24
418,57	23,01
418,78	26,29
419,00	44,52
419,22	31,41
419,43	34,89
419,65	27,93
419,87	23,63
420,09	9,50
420,30	33,46
420,52	15,03
420,74	14,82
420,95	28,34
421,17	2,53
421,39	28,54
421,60	43,90
421,82	47,18
422,04	33,66
422,25	20,35
422,47	21,17
422,69	41,24
422,90	-0,74
423,12	38,78
423,34	11,75
423,55	29,36
423,77	37,55
423,99	-1,15
424,20	63,15
424,42	0,28
424,64	24,24
424,85	27,11
425,07	23,42
425,28	28,13
425,50	27,93
425,72	75,03
425,93	19,53
426,15	55,78
426,37	21,37
426,58	33,05
426,80	65,20
427,01	20,56
427,23	57,83
427,45	42,26
427,66	29,57
427,88	23,83
428,10	22,40
428,31	33,05
428,53	-3,82
428,74	46,36
428,96	31,82
429,18	28,54
429,39	-7,09
429,61	39,60
429,82	20,15
430,04	58,44
430,26	34,48
430,47	23,22
430,69	3,76
430,90	20,56
431,12	14,82
431,34	66,84
431,55	-2,18
431,77	31,82
431,98	4,58
432,20	44,31
432,41	34,07
432,63	45,95
432,85	17,69
433,06	28,13
433,28	33,66
433,49	28,13
433,71	17,28
433,92	23,01
434,14	33,25
434,35	11,95
434,57	35,30
434,79	26,29
435,00	29,57
435,22	36,73
435,43	3,56
435,65	42,67
435,86	32,02
436,08	25,68
436,29	30,80
436,51	38,17
436,72	42,67
436,94	38,17
437,16	27,52
437,37	17,69
437,59	26,70
437,80	71,75
438,02	4,38
438,23	56,39
438,45	59,26
438,66	18,10
438,88	32,23
439,09	21,58
439,31	35,30
439,52	63,97
439,74	27,93
439,95	52,71
440,17	35,51
440,38	31,41
440,60	31,00
440,81	28,34
441,03	29,57
441,24	28,13
441,46	40,01
441,67	42,06
441,89	62,13
442,10	40,63
442,32	27,52
442,53	12,16
442,75	46,56
442,96	37,55
443,18	34,69
443,39	33,66
443,61	47,59
443,82	66,23
444,04	22,81
444,25	38,99
444,46	45,13
444,68	43,49
444,89	22,60
445,11	44,31
445,32	79,74
445,54	40,22
445,75	37,76
445,97	60,70
446,18	102,88
446,40	51,27
446,61	26,49
446,82	48,82
447,04	35,51
447,25	67,45
447,47	51,48
447,68	53,53
447,90	34,69
448,11	53,73
448,32	33,87
448,54	77,90
448,75	33,05
448,97	64,38
449,18	75,24
449,40	43,08
449,61	30,39
449,82	40,01
450,04	51,48
450,25	33,87
450,47	29,16
450,68	84,04
450,89	65,41
451,11	59,06
451,32	57,42
451,54	73,60
451,75	43,49
451,96	59,67
452,18	65,82
452,39	57,62
452,61	44,52
452,82	55,58
453,03	30,39
453,25	59,88
453,46	61,51
453,68	47,38
453,89	61,92
454,10	112,30
454,32	39,19
454,53	56,39
454,74	57,42
454,96	58,03
455,17	54,76
455,39	48,61
455,60	72,37
455,81	54,96
456,03	79,74
456,24	71,35
456,45	69,71
456,67	64,18
456,88	46,77
457,09	90,80
457,31	67,45
457,52	72,16
457,73	112,10
457,95	72,16
458,16	78,51
458,37	93,87
458,59	101,04
458,80	87,73
459,01	101,65
459,23	128,89
459,44	110,67
459,65	136,88
459,87	147,94
460,08	121,93
460,29	152,03
460,51	159,61
460,72	200,37
460,93	211,63
461,15	258,32
461,36	343,52
461,57	471,52
461,79	667,71
462,00	912,04
462,21	1236,84
462,42	1731,02
462,64	2066,89
462,85	2711,59
463,06	3150,26
463,28	3987,88
463,49	4996,91
463,70	5926,08
463,92	6526,75
464,13	6439,91
464,34	8191,34
464,55	8673,02
464,77	8608,71
464,98	10407,24
465,19	10882,78
465,40	11831,60
465,62	12136,75
465,83	12415,27
466,04	13077,79
466,26	12695,23
466,47	12503,54
466,68	13071,24
466,89	12801,93
467,11	12997,92
467,32	13404,03
467,53	13708,97
467,74	12292,39
467,96	12756,05
468,17	12203,72
468,38	12100,29
468,59	12355,88
468,81	11245,47
469,02	11262,88
469,23	9618,98
469,44	8892,36
469,66	8757,80
469,87	7671,36
470,08	6814,49
470,29	5729,06
470,50	5304,52
470,72	4469,77
470,93	3862,14
471,14	3358,13
471,35	2837,74
471,57	2246,29
471,78	1710,74
471,99	1220,46
472,20	875,58
472,41	642,52
472,63	464,35
472,84	338,81
473,05	254,23
473,26	244,40
473,47	210,20
473,69	181,32
473,90	142,41
474,11	184,19
474,32	165,55
474,53	170,88
474,75	143,64
474,96	157,36
475,17	187,46
475,38	138,31
475,59	162,27
475,80	139,13
476,02	146,51
476,23	147,73
476,44	156,34
476,65	143,02
476,86	183,57
477,08	174,36
477,29	138,72
477,50	177,43
477,71	153,26
477,92	164,12
478,13	170,47
478,34	164,94
478,56	184,39
478,77	179,27
478,98	169,03
479,19	159,82
479,40	154,49
479,61	176,82
479,83	146,92
480,04	159,61
480,25	153,88
480,46	180,91
480,67	183,78
480,88	149,17
481,09	147,32
481,30	146,10
481,52	153,47
481,73	132,17
481,94	151,63
482,15	147,53
482,36	141,80
482,57	158,18
482,78	146,71
482,99	148,96
483,21	133,40
483,42	131,15
483,63	129,51
483,84	109,85
484,05	107,59
484,26	125,41
484,47	143,02
484,68	152,65
484,89	148,96
485,10	116,20
485,32	110,46
485,53	121,93
485,74	104,93
485,95	118,24
486,16	135,04
486,37	119,47
486,58	111,89
486,79	92,23
487,00	98,58
487,21	120,50
487,42	126,23
487,63	97,76
487,85	111,28
488,06	86,91
488,27	93,46
488,48	86,91
488,69	94,28
488,90	94,90
489,11	104,73
489,32	86,91
489,53	91,42
489,74	89,37
489,95	113,94
490,16	110,46
490,37	68,89
490,58	97,15
490,79	114,35
491,00	83,63
491,21	74,01
491,42	85,68
491,63	57,83
491,84	78,72
492,06	68,07
492,27	73,19
492,48	84,45
492,69	66,43
492,90	84,45
493,11	112,10
493,32	67,86
493,53	47,18
493,74	65,20
493,95	54,35
494,16	67,25
494,37	97,35
494,58	89,16
494,79	78,10
495,00	62,33
495,21	48,41
495,42	81,99
495,63	52,91
495,84	66,23
496,05	57,42
496,26	64,38
496,47	62,33
496,68	39,60
496,89	67,66
497,10	69,91
497,31	63,15
497,52	59,67
497,73	56,19
497,94	29,16
498,15	75,85
498,36	67,86
498,57	69,09
498,78	56,39
498,98	44,31
499,19	72,57
499,40	63,97
499,61	62,74
499,82	36,53
500,03	43,49
500,24	55,17
500,45	41,85
500,66	46,77
500,87	82,20
501,08	34,28
501,29	59,06
501,50	65,82
501,71	43,49
501,92	65,00
502,13	51,68
502,34	70,12
502,55	66,43
502,76	39,60
502,97	76,46
503,17	81,58
503,38	36,53
503,59	66,02
503,80	41,44
504,01	30,39
504,22	42,88
504,43	86,50
504,64	39,40
504,85	37,76
505,06	57,42
505,27	37,35
505,48	45,13
505,68	44,31
505,89	33,87
506,10	63,15
506,31	52,30
506,52	64,18
506,73	60,29
506,94	69,50
507,15	59,06
507,36	36,94
507,57	56,80
507,77	63,97
507,98	44,93
508,19	48,61
508,40	55,99
508,61	57,01
508,82	61,31
509,03	48,00
509,24	41,85
509,45	46,77
509,65	58,65
509,86	78,31
510,07	56,39
510,28	71,55
510,49	43,08
510,70	30,80
510,91	57,42
511,11	46,36
511,32	105,14
511,53	59,88
511,74	70,32
511,95	53,12
512,16	67,04
512,37	62,33
512,57	72,37
512,78	62,54
512,99	90,19
513,20	43,90
513,41	47,79
513,62	51,07
513,82	53,73
514,03	26,70
514,24	65,41
514,45	69,09
514,66	52,09
514,87	42,06
515,07	35,92
515,28	58,65
515,49	50,05
515,70	59,88
515,91	57,01
516,11	39,81
516,32	40,83
516,53	61,92
516,74	50,66
516,95	78,92
517,16	88,96
517,36	98,17
517,57	68,89
517,78	52,50
517,99	31,41
518,20	80,15
518,40	59,06
518,61	78,51
518,82	60,90
519,03	63,56
519,23	58,03
519,44	64,18
519,65	82,61
519,86	67,45
520,07	63,77
520,27	57,42
520,48	73,19
520,69	48,00
520,90	61,11
521,10	83,84
521,31	57,21
521,52	93,26
521,73	51,07
521,94	62,33
522,14	80,56
522,35	83,43
522,56	87,93
522,77	78,10
522,97	37,76
523,18	71,96
523,39	58,44
523,60	80,97
523,80	32,02
524,01	45,75
524,22	16,66
524,43	41,65
524,63	70,12
524,84	39,60
525,05	51,07
525,25	70,32
525,46	65,00
525,67	62,74
525,88	68,27
526,08	32,64
526,29	36,12
526,50	63,97
526,71	56,80
526,91	70,32
527,12	68,07
527,33	49,84
527,53	51,27
527,74	57,01
527,95	44,31
528,16	68,89
528,36	17,69
528,57	43,70
528,78	54,96
528,98	69,91
529,19	47,79
529,40	45,13
529,60	50,05
529,81	97,56
530,02	72,78
530,22	43,90
530,43	64,79
530,64	38,37
530,85	26,29
531,05	58,03
531,26	69,50
531,47	70,94
531,67	50,25
531,88	50,46
532,09	64,59
532,29	59,06
532,50	34,28
532,71	45,13
532,91	55,17
533,12	51,48
533,33	42,67
533,53	39,19
533,74	33,25
533,95	27,31
534,15	66,23
534,36	54,14
534,56	59,88
534,77	69,30
534,98	57,21
535,18	69,50
535,39	72,98
535,60	82,81
535,80	56,39
536,01	56,80
536,22	68,07
536,42	58,65
536,63	69,30
536,83	37,96
537,04	70,53
537,25	66,02
537,45	34,89
537,66	92,03
537,87	53,94
538,07	87,11
538,28	66,23
538,48	47,79
538,69	28,54
538,90	66,02
539,10	38,58
539,31	54,55
539,51	54,55
539,72	68,68
539,93	60,29
540,13	51,48
540,34	54,14
540,54	44,31
540,75	50,05
540,96	58,03
541,16	53,32
541,37	48,20
541,57	35,30
541,78	40,42
541,99	42,06
542,19	61,92
542,40	72,37
542,60	48,20
542,81	53,32
543,01	56,80
543,22	75,24
543,43	78,31
543,63	44,11
543,84	45,54
544,04	76,06
544,25	88,75
544,45	43,49
544,66	30,39
544,87	48,61
545,07	73,80
545,28	56,60
545,48	53,94
545,69	49,43
545,89	60,29
546,10	39,81
546,30	83,22
546,51	47,59
546,71	62,33
546,92	49,23
547,13	49,64
547,33	68,27
547,54	96,74
547,74	56,80
547,95	23,01
548,15	36,53
548,36	70,73
548,56	48,20
548,77	61,92
548,97	50,87
549,18	87,73
549,38	62,33
549,59	46,56
549,79	54,76
550,00	65,20
550,20	45,75
550,41	51,68
550,61	46,56
550,82	62,33
551,02	70,53
551,23	49,23
551,43	25,88
551,64	39,40
551,84	44,31
552,05	37,14
552,25	39,60
552,46	41,65
552,66	78,51
552,87	49,23
553,07	28,54
553,28	54,55
553,48	32,23
553,69	38,37
553,89	44,93
554,10	77,08
554,30	63,77
554,51	63,36
554,71	70,32
554,92	49,84
555,12	59,67
555,32	56,80
555,53	35,10
555,73	39,19
555,94	72,37
556,14	77,90
556,35	60,70
556,55	30,80
556,76	66,02
556,96	57,83
557,17	69,30
557,37	64,79
557,57	59,06
557,78	58,85
557,98	27,52
558,19	66,02
558,39	25,47
558,60	62,74
558,80	44,93
559,00	42,26
559,21	28,54
559,41	43,70
559,62	65,20
559,82	70,53
560,03	44,11
560,23	22,81
560,43	38,37
560,64	53,94
560,84	83,84
561,05	44,11
561,25	29,98
561,45	65,00
561,66	40,42
561,86	66,84
562,07	47,18
562,27	60,29
562,47	49,43
562,68	12,57
562,88	47,79
563,09	57,01
563,29	59,26
563,49	54,14
563,70	33,05
563,90	87,93
564,11	67,04
564,31	54,55
564,51	48,41
564,72	7,65
564,92	49,64
565,12	78,51
565,33	59,06
565,53	87,52
565,74	41,85
565,94	46,16
566,14	74,21
566,35	60,08
566,55	50,66
566,75	30,59
566,96	62,54
567,16	54,14
567,36	20,96
567,57	46,97
567,77	22,81
567,98	55,37
568,18	33,25
568,38	30,39
568,59	33,46
568,79	47,38
568,99	58,24
569,20	50,66
569,40	55,78
569,60	19,53
569,81	47,59
570,01	53,12
570,21	26,70
570,42	41,85
570,62	49,23
570,82	58,24
571,03	49,64
571,23	35,71
571,43	28,13
571,63	44,31
571,84	21,78
572,04	47,79
572,24	49,02
572,45	72,98
572,65	51,27
572,85	59,47
573,06	50,25
573,26	67,86
573,46	16,87
573,67	35,51
573,87	52,50
574,07	47,18
574,27	56,19
574,48	81,58
574,68	35,71
574,88	39,19
575,09	32,84
575,29	45,13
575,49	62,33
575,69	55,17
575,90	56,80
576,10	36,94
576,30	40,42
576,51	51,48
576,71	49,43
576,91	58,65
577,11	29,57
577,32	84,25
577,52	37,96
577,72	39,81
577,92	34,89
578,13	11,95
578,33	62,13
578,53	39,40
578,73	31,00
578,94	52,30
579,14	47,79
579,34	47,38
579,54	50,05
579,75	55,37
579,95	36,32
580,15	36,12
580,35	86,50
580,56	46,16
580,76	65,61
580,96	40,22
581,16	45,34
581,37	76,06
581,57	44,52
581,77	44,93
581,97	40,83
582,17	46,16
582,38	25,06
582,58	68,48
582,78	21,37
582,98	78,31
583,19	33,66
583,39	33,87
583,59	35,51
583,79	57,42
583,99	62,13
584,20	51,68
584,40	45,34
584,60	54,96
584,80	39,40
585,00	36,73
585,21	45,34
585,41	47,79
585,61	68,27
585,81	32,23
586,01	32,23
586,22	52,71
586,42	50,05
586,62	63,36
586,82	65,20
587,02	58,44
587,22	52,09
587,43	10,93
587,63	29,36
587,83	70,32
588,03	26,29
588,23	68,07
588,43	35,71
588,64	81,58
588,84	60,08
589,04	21,78
589,24	40,63
589,44	46,77
589,64	48,41
589,85	33,46
590,05	56,39
590,25	25,68
590,45	26,70
590,65	47,38
590,85	40,83
591,05	34,28
591,26	39,60
591,46	37,76
591,66	40,63
591,86	38,78
592,06	68,89
592,26	21,58
592,46	40,01
592,67	19,53
592,87	48,61
593,07	48,61
593,27	63,77
593,47	55,37
593,67	37,96
593,87	35,10
594,07	60,49
594,28	62,33
594,48	41,65
594,68	36,12
594,88	64,59
595,08	53,73
595,28	46,36
595,48	59,06
595,68	69,91
595,88	45,34
596,08	27,72
596,29	76,06
596,49	32,64
596,69	35,51
596,89	20,15
597,09	74,42
597,29	47,79
597,49	33,25
597,69	6,42
597,89	73,19
598,09	44,72
598,29	45,34
598,50	55,99
598,70	26,08
598,90	20,35
599,10	70,12
599,30	64,38
599,50	55,99
599,70	93,46
599,90	57,42
600,10	57,21
600,30	34,69
600,50	55,58
600,70	24,04
600,90	41,44
601,10	50,46
601,30	45,34
601,50	13,18
601,71	18,71
601,91	24,24
602,11	21,78
602,31	46,77
602,51	48,00
602,71	39,19
602,91	34,07
603,11	67,04
603,31	42,47
603,51	40,42
603,71	39,19
603,91	48,20
604,11	53,12
604,31	75,24
604,51	37,35
604,71	42,47
604,91	38,37
605,11	53,32
605,31	52,09
605,51	54,14
605,71	25,88
605,91	26,49
606,11	45,13
606,31	74,01
606,51	62,33
606,71	65,00
606,91	61,72
607,11	89,37
607,31	37,96
607,51	81,99
607,71	64,79
607,91	58,85
608,11	46,16
608,31	42,88
608,51	58,85
608,71	37,55
608,91	26,70
609,11	47,59
609,31	58,44
609,51	44,52
609,71	29,98
609,91	46,97
610,11	50,05
610,31	70,53
610,51	50,66
610,71	49,43
610,91	59,06
611,11	73,80
611,31	57,62
611,51	28,54
611,71	66,63
611,91	45,34
612,11	45,75
612,31	45,75
612,51	52,50
612,71	80,77
612,90	27,52
613,10	65,00
613,30	62,33
613,50	65,20
613,70	70,12
613,90	71,75
614,10	74,21
614,30	63,15
614,50	105,34
614,70	68,89
614,90	61,51
615,10	38,17
615,30	77,90
615,50	50,25
615,70	50,87
615,90	87,73
616,09	58,44
616,29	86,30
616,49	59,47
616,69	68,89
616,89	61,11
617,09	81,38
617,29	65,00
617,49	62,54
617,69	75,03
617,89	69,71
618,09	66,43
618,28	86,91
618,48	74,01
618,68	100,84
618,88	48,82
619,08	57,83
619,28	52,30
619,48	36,94
619,68	68,27
619,88	54,96
620,08	45,54
620,27	80,97
620,47	47,18
620,67	62,54
620,87	71,75
621,07	65,61
621,27	46,36
621,47	93,26
621,67	67,04
621,86	90,60
622,06	62,13
622,26	79,33
622,46	90,80
622,66	66,02
622,86	79,13
623,06	59,67
623,25	50,87
623,45	90,60
623,65	88,34
623,85	69,50
624,05	59,47
624,25	41,85
624,45	65,00
624,64	68,07
624,84	42,26
625,04	70,73
625,24	103,70
625,44	103,29
625,64	53,32
625,83	73,60
626,03	81,18
626,23	57,01
626,43	76,87
626,63	67,45
626,83	58,03
627,02	69,71
627,22	86,30
627,42	88,14
627,62	70,94
627,82	84,04
628,02	68,89
628,21	89,98
628,41	64,59
628,61	45,54
628,81	93,67
629,01	65,20
629,20	83,43
629,40	69,50
629,60	74,42
629,80	58,03
630,00	76,06
630,19	77,49
630,39	63,77
630,59	117,63
630,79	65,00
630,99	61,92
631,18	74,01
631,38	39,19
631,58	56,60
631,78	70,73
631,98	77,28
632,17	72,98
632,37	38,58
632,57	83,43
632,77	77,28
632,96	108,62
633,16	86,70
633,36	80,56
633,56	64,18
633,76	71,35
633,95	64,18
634,15	80,36
634,35	112,92
634,55	47,18
634,74	71,35
634,94	70,53
635,14	73,39
635,34	68,27
635,53	56,19
635,73	87,73
635,93	63,56
636,13	76,26
636,32	93,26
636,52	65,41
636,72	82,61
636,92	64,38
637,11	101,04
637,31	86,70
637,51	50,25
637,70	104,11
637,90	52,50
638,10	84,45
638,30	36,53
638,49	60,29
638,69	81,58
638,89	77,69
639,09	58,65
639,28	69,91
639,48	71,35
639,68	70,32
639,87	66,84
640,07	47,38
640,27	65,20
640,47	73,60
640,66	53,73
640,86	61,31
641,06	76,46
641,25	84,66
641,45	80,36
641,65	63,56
641,84	59,67
642,04	76,26
642,24	51,48
642,44	31,00
642,63	71,55
642,83	68,07
643,03	61,11
643,22	55,17
643,42	53,94
643,62	62,74
643,81	63,36
644,01	42,67
644,21	72,78
644,40	71,14
644,60	84,45
644,80	69,09
644,99	66,02
645,19	31,41
645,39	58,24
645,58	54,14
645,78	48,82
645,98	21,58
646,17	48,41
646,37	45,75
646,57	53,12
646,76	46,97
646,96	15,85
647,16	42,06
647,35	26,08
647,55	53,94
647,75	67,86
647,94	58,03
648,14	65,00
648,33	34,89
648,53	40,63
648,73	39,81
648,92	38,58
649,12	49,84
649,32	38,17
649,51	34,28
649,71	60,49
649,90	57,62
650,10	65,82
650,30	41,65
650,49	9,09
650,69	50,05
650,89	57,01
651,08	24,65
651,28	48,41
651,47	54,96
651,67	43,49
651,87	58,03
652,06	55,37
652,26	74,83
652,45	33,05
652,65	51,89
652,85	41,24
653,04	29,98
653,24	14,82
653,43	45,34
653,63	31,00
653,83	20,76
654,02	34,48
654,22	44,52
654,41	65,00
654,61	43,29
654,81	42,06
655,00	60,90
655,20	32,23
655,39	31,82
655,59	45,75
655,78	36,73
655,98	31,20
656,18	38,58
656,37	59,47
656,57	26,08
656,76	44,72
656,96	75,03
657,15	45,95
657,35	57,42
657,55	37,55
657,74	68,89
657,94	28,75
658,13	39,40
658,33	55,99
658,52	34,48
658,72	17,89
658,91	51,89
659,11	31,82
659,30	51,48
659,50	34,69
659,70	38,17
659,89	12,77
660,09	15,03
660,28	1,92
660,48	37,35
660,67	42,26
660,87	43,29
661,06	44,52
661,26	56,60
661,45	19,74
661,65	8,27
661,84	67,86
662,04	31,20
662,23	31,41
662,43	16,05
662,62	45,95
662,82	36,94
663,01	18,71
663,21	42,88
663,41	18,30
663,60	26,70
663,80	40,63
663,99	47,38
664,19	37,35
664,38	35,71
664,58	1,92
664,77	42,47
664,97	26,08
665,16	33,25
665,35	49,02
665,55	29,98
665,74	14,82
665,94	51,07
666,13	27,72
666,33	38,37
666,52	50,05
666,72	61,72
666,91	9,50
667,11	39,40
667,30	40,42
667,50	16,05
667,69	6,22
667,89	32,02
668,08	60,90
668,28	8,47
668,47	19,12
668,67	47,38
668,86	51,68
669,05	26,08
669,25	24,86
669,44	27,72
669,64	24,04
669,83	20,35
670,03	22,40
670,22	53,94
670,42	16,66
670,61	29,57
670,81	23,83
671,00	34,07
671,19	0,89
671,39	50,66
671,58	54,55
671,78	34,28
671,97	45,13
672,17	48,20
672,36	6,63
672,55	28,75
672,75	16,66
672,94	51,89
673,14	52,09
673,33	39,19
673,53	25,88
673,72	28,13
673,91	35,30
674,11	73,39
674,30	170,26
674,50	70,12
674,69	40,42
674,88	37,14
675,08	37,35
675,27	22,81
675,47	23,63
675,66	33,25
675,85	12,98
676,05	52,30
676,24	-5,25
676,44	14,41
676,63	32,64
676,82	40,83
677,02	78,92
677,21	38,17
677,41	7,45
677,60	56,19
677,79	41,44
677,99	51,48
678,18	37,35
678,37	59,88
678,57	28,13
678,76	28,34
678,96	25,88
679,15	49,02
679,34	35,10
679,54	36,32
679,73	27,72
679,92	55,99
680,12	38,37
680,31	18,92
680,51	22,19
680,70	30,39
680,89	39,40
681,09	36,53
681,28	32,02
681,47	50,66
681,67	33,87
681,86	57,42
682,05	28,54
682,25	33,25
682,44	11,75
682,63	27,72
682,83	17,89
683,02	36,73
683,21	40,83
683,41	37,35
683,60	36,73
683,79	18,51
683,99	16,87
684,18	40,01
684,37	20,35
684,57	10,52
684,76	46,36
684,95	35,71
685,15	39,40
685,34	22,19
685,53	28,54
685,73	34,28
685,92	40,83
686,11	28,34
686,31	29,57
686,50	45,13
686,69	5,20
686,88	24,45
687,08	35,51
687,27	45,75
687,46	55,78
687,66	49,02
687,85	51,48
688,04	22,19
688,24	26,70
688,43	60,70
688,62	50,46
688,81	21,58
689,01	43,49
689,20	49,43
689,39	28,54
689,59	11,95
689,78	58,03
689,97	53,12
690,16	13,39
690,36	35,51
690,55	36,53
690,74	24,04
690,93	38,58
691,13	35,30
691,32	28,13
691,51	37,96
691,70	39,81
691,90	35,51
692,09	25,68
692,28	27,93
692,48	7,65
692,67	76,67
692,86	34,48
693,05	17,89
693,25	24,86
693,44	38,78
693,63	37,76
693,82	3,56
694,01	31,41
694,21	60,90
694,40	9,50
694,59	35,71
694,78	4,38
694,98	32,02
695,17	33,05
695,36	7,86
695,55	32,23
695,75	27,93
695,94	15,03
696,13	41,44
696,32	16,87
696,51	27,31
696,71	40,42
696,90	19,12
697,09	49,64
697,28	29,57
697,48	59,67
697,67	56,39
697,86	19,33
698,05	37,55
698,24	32,23
698,44	18,51
698,63	32,84
698,82	34,69
699,01	53,53
699,20	17,89
699,40	31,20
699,59	73,60
699,78	14,41
699,97	51,48
700,16	41,85
700,36	42,06
700,55	44,72
700,74	31,20
700,93	41,65
701,12	15,23
701,31	37,55
701,51	0,49
701,70	48,20
701,89	23,42
702,08	-6,68
702,27	17,48
702,46	37,14
702,66	26,08
702,85	33,46
703,04	48,20
703,23	-6,68
703,42	21,58
703,61	49,84
703,81	22,19
704,00	30,80
704,19	30,39
704,38	50,46
704,57	45,54
704,76	13,18
704,96	16,05
705,15	51,27
705,34	36,94
705,53	44,93
705,72	27,52
705,91	65,61
706,10	37,14
706,30	41,85
706,49	8,88
706,68	16,05
706,87	20,76
707,06	3,56
707,25	25,06
707,44	21,58
707,63	7,86
707,83	35,51
708,02	37,76
708,21	14,62
708,40	37,76
708,59	17,07
708,78	46,56
708,97	21,78
709,16	25,68
709,35	15,44
709,55	30,18
709,74	35,30
709,93	12,57
710,12	27,52
710,31	49,84
710,50	1,92
710,69	24,04
710,88	3,97
711,07	24,45
711,26	2,53
711,46	49,64
711,65	36,73
711,84	15,03
712,03	11,75
712,22	59,26
712,41	40,42
712,60	29,16
712,79	21,78
712,98	-1,97
713,17	22,19
713,36	37,14
713,55	15,44
713,75	40,01
713,94	13,80
714,13	55,37
714,32	38,99
714,51	76,67
714,70	49,43
714,89	12,98
715,08	13,59
715,27	41,44
715,46	28,95
715,65	49,02
715,84	16,46
716,03	-0,54
716,22	15,64
716,41	49,43
716,60	-5,86
716,79	19,74
716,99	43,90
717,18	25,06
717,37	35,51
717,56	27,93
717,75	5,61
717,94	37,14
718,13	26,49
718,32	56,19
718,51	15,23
718,70	21,58
718,89	0,49
719,08	12,36
719,27	19,74
719,46	39,40
719,65	42,67
719,84	40,42
720,03	15,23
720,22	22,81
720,41	20,96
720,60	12,36
720,79	7,86
720,98	-9,34
721,17	3,35
721,36	-6,27
721,55	35,10
721,74	23,22
721,93	1,30
722,12	37,14
722,31	34,69
722,50	10,93
722,69	7,24
722,88	7,45
723,07	24,65
723,26	46,36
723,45	34,07
723,64	26,08
723,83	7,86
724,02	31,82
724,21	13,80
724,40	36,53
724,59	4,38
724,78	37,76
724,97	47,79
725,16	14,41
725,35	-0,95
725,54	13,18
725,73	45,54
725,92	40,01
726,11	25,88
726,30	44,31
726,49	19,12
726,68	38,37
726,87	9,29
727,06	16,25
727,25	25,47
727,43	27,11
727,62	38,78
727,81	7,86
728,00	24,04
728,19	37,35
728,38	33,25
728,57	9,91
728,76	28,13
728,95	47,79
729,14	46,56
729,33	1,10
729,52	12,77
729,71	28,13
729,90	16,46
730,09	6,01
730,28	40,22
730,47	47,18
730,65	2,33
730,84	37,96
731,03	45,54
731,22	40,42
731,41	19,74
731,60	19,53
731,79	15,44
731,98	18,92
732,17	20,96
732,36	37,76
732,55	28,54
732,74	30,80
732,92	5,20
733,11	24,04
733,30	15,64
733,49	13,18
733,68	11,54
733,87	14,21
734,06	0,89
734,25	-3,00
734,44	33,05
734,63	38,78
734,81	27,93
735,00	25,88
735,19	12,36
735,38	34,28
735,57	17,48
735,76	36,32
735,95	21,37
736,14	33,66
736,33	25,47
736,51	9,50
736,70	18,51
736,89	13,59
737,08	25,68
737,27	9,50
737,46	27,93
737,65	-8,53
737,83	1,30
738,02	29,98
738,21	28,95
738,40	25,06
738,59	31,20
738,78	-7,09
738,97	23,83
739,16	11,75
739,34	43,08
739,53	14,62
739,72	0,89
739,91	13,39
740,10	22,60
740,29	32,64
740,47	46,56
740,66	25,27
740,85	7,86
741,04	3,97
741,23	8,68
741,42	15,64
741,60	38,58
741,79	40,42
741,98	6,22
742,17	-1,36
742,36	28,54
742,55	33,25
742,73	6,42
742,92	29,36
743,11	11,54
743,30	12,77
743,49	39,81
743,68	10,32
743,86	42,88
744,05	27,52
744,24	34,07
744,43	25,88
744,62	33,25
744,80	-15,49
744,99	33,66
745,18	34,48
745,37	7,04
745,56	12,77
745,74	42,26
745,93	49,23
746,12	27,52
746,31	16,46
746,50	19,53
746,68	39,19
746,87	37,96
747,06	38,78
747,25	52,09
747,44	75,24
747,62	3,76
747,81	-4,23
748,00	40,22
748,19	28,13
748,37	13,80
748,56	37,35
748,75	1,92
748,94	14,62
749,13	30,59
749,31	-1,56
749,50	38,78
749,69	29,16
749,88	8,68
750,06	22,81
750,25	13,59
750,44	36,12
750,63	14,62
750,81	76,67
751,00	45,95
751,19	9,91
751,38	6,22
751,56	23,42
751,75	41,44
751,94	17,28
752,13	27,72
752,31	51,07
752,50	21,58
752,69	47,18
752,88	38,99
753,06	56,60
753,25	31,00
753,44	31,41
753,63	38,78
753,81	55,37
754,00	17,89
754,19	70,12
754,37	41,65
754,56	59,67
754,75	53,53
754,94	37,14
755,12	44,93
755,31	52,50
755,50	64,18
755,69	77,90
755,87	54,14
756,06	55,99
756,25	51,48
756,43	53,12
756,62	44,52
756,81	94,08
756,99	55,58
757,18	71,14
757,37	49,64
757,56	57,83
757,74	30,59
757,93	62,33
758,12	74,42
758,30	83,02
758,49	91,42
758,68	117,42
758,86	69,09
759,05	72,78
759,24	55,58
759,42	67,86
759,61	80,15
759,80	75,03
759,99	94,28
760,17	79,95
760,36	63,97
760,55	61,92
760,73	89,57
760,92	88,75
761,11	78,51
761,29	82,81
761,48	105,96
761,67	76,87
761,85	100,02
762,04	82,20
762,23	73,19
762,41	87,32
762,60	67,86
762,79	87,93
762,97	74,83
763,16	57,21
763,34	64,59
763,53	61,92
763,72	76,46
763,90	104,11
764,09	97,15
764,28	96,74
764,46	97,56
764,65	127,87
764,84	67,66
765,02	74,62
765,21	60,70
765,40	103,50
765,58	97,56
765,77	69,71
765,95	91,42
766,14	74,01
766,33	92,64
766,51	117,63
766,70	84,86
766,89	76,67
767,07	77,90
767,26	114,35
767,44	70,73
767,63	78,92
767,82	58,44
768,00	97,35
768,19	66,23
768,37	82,81
768,56	69,71
768,75	58,44
768,93	70,94
769,12	56,39
769,30	65,61
769,49	63,97
769,68	65,82
769,86	64,79
770,05	44,31
770,23	86,70
770,42	68,27
770,61	55,78
770,79	61,92
770,98	65,61
771,16	63,56
771,35	71,96
771,54	62,33
771,72	79,54
771,91	66,84
772,09	68,27
772,28	67,66
772,46	29,98
772,65	68,07
772,84	57,01
773,02	61,31
773,21	56,80
773,39	45,75
773,58	33,05
773,76	44,11
773,95	82,81
774,13	41,85
774,32	60,70
774,51	49,64
774,69	75,65
774,88	32,84
775,06	66,43
775,25	30,18
775,43	54,55
775,62	68,68
775,80	45,13
775,99	47,38
776,18	23,22
776,36	56,19
776,55	46,56
776,73	33,46
776,92	57,21
777,10	46,56
777,29	40,42
777,47	20,15
777,66	64,79
777,84	47,18
778,03	50,05
778,21	50,25
778,40	46,77
778,58	58,03
778,77	27,93
778,95	49,84
779,14	57,21
779,33	31,61
779,51	54,76
779,70	21,58
779,88	61,72
780,07	60,70
780,25	45,75
780,44	38,17
780,62	26,49
780,81	11,95
780,99	46,56
781,18	24,86
781,36	3,15
781,55	28,34
781,73	37,96
781,92	61,31
782,10	45,75
782,29	43,29
782,47	28,54
782,66	13,39
782,84	34,89
783,03	50,87
783,21	46,77
783,39	13,80
783,58	30,59
783,76	39,60
783,95	67,86
784,13	29,57
784,32	32,64
784,50	25,06
784,69	50,05
784,87	59,67
785,06	41,44
785,24	45,54
785,43	28,34
785,61	31,82
785,80	53,12
785,98	19,53
786,17	34,89
786,35	9,29
786,53	40,01
786,72	10,32
786,90	2,74
787,09	42,67
787,27	36,94
787,46	37,76
787,64	43,70
787,83	38,99
788,01	26,08
788,19	14,62
788,38	30,59
788,56	30,59
788,75	23,01
788,93	17,89
789,12	33,46
789,30	42,47
789,49	45,54
789,67	59,26
789,85	23,42
790,04	36,12
790,22	27,72
790,41	16,46
790,59	34,48
790,77	18,92
790,96	6,42
791,14	12,36
791,33	27,31
791,51	43,70
791,70	12,77
791,88	11,34
792,06	37,35
792,25	36,73
792,43	31,61
792,62	51,27
792,80	57,62
792,98	43,49
793,17	52,30
793,35	36,53
793,54	10,93
793,72	46,77
793,90	63,56
794,09	38,17
794,27	35,71
794,46	43,08
794,64	20,15
794,82	-2,59
795,01	42,88
795,19	42,67
795,37	31,00
795,56	37,76
795,74	10,52
795,93	21,78
796,11	41,85
796,29	25,27
796,48	30,39
796,66	51,27
796,84	32,02
797,03	41,04
797,21	45,34
797,40	39,40
797,58	19,53
797,76	36,53
797,95	15,85
798,13	36,32
798,31	17,07
798,50	31,41
798,68	18,71
798,86	15,23
799,05	27,31
799,23	31,82
799,42	3,97
799,60	58,85
799,78	32,23
799,97	35,30
800,15	16,66
800,33	14,82
800,52	16,05
800,70	23,01
800,88	29,57
801,07	34,28
801,25	23,22
801,43	13,80
801,62	20,35
801,80	37,14
801,98	-8,12
802,17	60,90
802,35	22,81
802,53	39,19
802,72	7,45
802,90	3,35
803,08	9,91
803,26	41,24
803,45	38,17
803,63	31,82
803,81	31,82
804,00	10,32
804,18	1,92
804,36	40,42
804,55	27,11
804,73	50,05
804,91	-15,28
805,10	34,07
805,28	7,24
805,46	-9,14
805,64	24,24
805,83	25,68
806,01	31,61
806,19	19,53
806,38	8,06
806,56	67,66
806,74	32,02
806,92	27,11
807,11	19,74
807,29	11,13
807,47	34,48
807,66	12,98
807,84	58,65
808,02	53,94
808,20	31,20
808,39	10,11
808,57	16,66
808,75	14,21
808,94	30,39
809,12	27,72
809,30	33,87
809,48	4,99
809,67	46,36
809,85	2,94
810,03	3,15
810,21	14,21
810,40	44,93
810,58	29,98
810,76	34,28
810,94	-8,32
811,13	28,34
811,31	46,97
811,49	28,13
811,67	28,75
811,86	45,54
812,04	37,55
812,22	23,63
812,40	31,61
812,59	40,22
812,77	31,41
812,95	27,72
813,13	21,78
813,32	31,41
813,50	36,53
813,68	23,42
813,86	4,38
814,04	30,18
814,23	3,35
814,41	33,05
814,59	36,73
814,77	30,80
814,96	19,94
815,14	25,27
815,32	16,66
815,50	25,47
815,68	29,36
815,87	37,14
816,05	-2,18
816,23	36,73
816,41	16,87
816,59	4,38
816,78	30,80
816,96	12,77
817,14	61,72
817,32	20,76
817,50	32,43
817,69	0,89
817,87	34,07
818,05	33,25
818,23	41,24
818,41	33,66
818,60	48,41
818,78	12,77
818,96	31,82
819,14	19,74
819,32	17,69
819,51	28,13
819,69	44,52
819,87	29,77
820,05	20,56
820,23	38,78
820,41	33,25
820,60	45,75
820,78	16,66
820,96	12,57
821,14	1,92
821,32	18,30
821,50	-1,15
821,69	26,49
821,87	20,35
822,05	46,77
822,23	31,00
822,41	20,96
822,59	22,19
822,78	7,45
822,96	37,76
823,14	-8,53
823,32	17,07
823,50	44,31
823,68	36,73
823,86	7,65
824,05	37,14
824,23	11,75
824,41	47,79
824,59	40,83
824,77	40,83
824,95	18,30
825,13	7,65
825,32	32,02
825,50	-3,61
825,68	13,39
825,86	31,41
826,04	37,35
826,22	-1,56
826,40	19,53
826,58	7,65
826,77	27,31
826,95	43,70
827,13	17,89
827,31	23,22
827,49	20,15
827,67	39,40
827,85	32,64
828,03	-1,56
828,22	35,71
828,40	28,95
828,58	10,32
828,76	20,96
828,94	20,76
829,12	55,37
829,30	20,56
829,48	-9,14
829,66	50,25
829,84	36,32
830,03	25,06
830,21	13,59
830,39	39,19
830,57	49,64
830,75	36,32
830,93	22,60
831,11	29,98
831,29	42,47
831,47	6,83
831,65	32,43
831,83	23,01
832,02	17,69
832,20	27,11
832,38	3,76
832,56	5,20
832,74	5,81
832,92	-12,01
833,10	29,36
833,28	23,01
833,46	26,49
833,64	38,37
833,82	26,08
834,00	16,87
834,18	14,00
834,36	18,30
834,54	21,17
834,73	52,30
834,91	20,76
835,09	23,22
835,27	27,52
835,45	10,93
835,63	-4,84
835,81	12,16
835,99	26,29
836,17	41,24
836,35	18,51
836,53	11,54
836,71	42,88
836,89	25,27
837,07	20,76
837,25	3,97
837,43	4,38
837,61	38,99
837,79	38,17
837,97	25,68
838,15	11,54
838,33	27,52
838,51	26,90
838,69	46,16
838,87	16,66
839,05	6,22
839,23	32,23
839,41	3,56
839,59	20,96
839,78	17,48
839,96	38,58
840,14	33,05
840,32	-3,82
840,50	14,62
840,68	40,01
840,86	8,68
841,04	16,46
841,22	13,18
841,40	41,65
841,58	60,49
841,76	25,88
841,94	-3,41
842,12	16,05
842,30	12,57
842,48	22,60
842,66	-12,62
842,84	24,45
843,02	36,12
843,20	4,58
843,38	27,72
843,55	27,11
843,73	25,47
843,91	34,48
844,09	43,90
844,27	28,54
844,45	20,35
844,63	23,42
844,81	34,69
844,99	38,17
845,17	18,92
845,35	28,95
845,53	33,05
845,71	20,15
845,89	35,71
846,07	57,83
846,25	18,71
846,43	18,30
846,61	26,08
846,79	21,99
846,97	22,81
847,15	12,16
847,33	48,00
847,51	11,95
847,69	-1,56
847,87	28,54
848,05	13,80
848,23	2,53
848,41	31,00
848,58	4,38
848,76	56,60
848,94	33,25
849,12	12,16
849,30	41,44
849,48	23,63
849,66	15,64
849,84	32,43
850,02	21,78
850,20	43,08
850,38	32,84
850,56	18,92
850,74	2,53
850,92	10,52
851,10	22,40
851,27	16,66
851,45	24,65
851,63	47,18
851,81	8,27
851,99	55,17
852,17	24,24
852,35	35,10
852,53	39,19
852,71	15,85
852,89	29,77
853,07	14,62
853,24	18,92
853,42	21,78
853,60	33,66
853,78	50,25
853,96	4,99
854,14	7,86
854,32	14,82
854,50	53,94
854,68	20,35
854,86	20,15
855,03	-6,89
855,21	10,73
855,39	62,74
855,57	21,99
855,75	6,22
855,93	48,41
856,11	26,49
856,29	44,11
856,47	-22,45
856,64	33,66
856,82	15,23
857,00	31,82
857,18	44,11
857,36	28,34
857,54	25,88
857,72	26,70
857,90	15,64
858,07	11,95
858,25	24,65
858,43	-3,00
858,61	44,72
858,79	25,27
858,97	24,24
859,15	26,49
859,32	10,52
859,50	43,29
859,68	47,59
859,86	31,20
860,04	19,74
860,22	42,88
860,40	36,94
860,57	2,12
860,75	27,93
860,93	4,99
861,11	10,93
861,29	16,05
861,47	15,85
861,64	52,50
861,82	16,05
862,00	44,31
862,18	33,25
862,36	-0,13
862,54	-8,12
862,71	44,31
862,89	47,38
863,07	36,53
863,25	-9,55
863,43	21,58
863,61	19,12
863,78	13,39
863,96	41,24
864,14	16,66
864,32	48,20
864,50	-0,74
864,67	3,56
864,85	50,87
865,03	59,06
865,21	9,91
865,39	30,80
865,57	12,57
865,74	62,33
865,92	30,80
866,10	23,63
866,28	48,00
866,46	18,51
866,63	30,80
866,81	31,00
866,99	35,51
867,17	15,44
867,34	18,10
867,52	-0,95
867,70	2,33
867,88	36,32
868,06	20,96
868,23	27,11
868,41	57,21
868,59	20,96
868,77	3,15
868,95	21,17
869,12	32,43
869,30	33,66
869,48	14,00
869,66	40,01
869,83	8,88
870,01	46,56
870,19	26,29
870,37	26,70
870,55	14,82
870,72	22,81
870,90	45,34
871,08	-0,95
871,26	39,81
871,43	3,56
871,61	37,96
871,79	42,06
871,97	23,01
872,14	54,96
872,32	1,71
872,50	5,40
872,68	25,06
872,85	21,17
873,03	28,95
873,21	33,66
873,39	-3,82
873,56	5,40
873,74	27,93
873,92	26,29
874,10	7,04
874,27	-5,66
874,45	17,07
874,63	29,98
874,80	29,77
874,98	23,83
875,16	-5,86
875,34	44,52
875,51	24,86
875,69	34,07
875,87	7,65
876,05	15,03
876,22	19,12
876,40	38,78
876,58	25,88
876,75	15,03
876,93	1,92
877,11	-12,21
877,29	21,58
877,46	29,36
877,64	40,01
877,82	15,23
877,99	-5,25
878,17	7,86
878,35	24,04
878,52	21,17
878,70	41,44
878,88	-8,53
879,06	31,61
879,23	17,28
879,41	40,42
879,59	21,99
879,76	19,12
879,94	-0,95
880,12	25,68
880,29	32,43
880,47	21,99
880,65	29,57
880,82	33,46
881,00	23,63
881,18	2,53
881,36	18,30
881,53	35,71
881,71	35,92
881,89	48,82
882,06	42,06
882,24	5,20
882,42	8,68
882,59	26,90
882,77	15,03
882,95	21,78
883,12	38,78
883,30	42,26
883,48	11,95
883,65	50,46
883,83	46,77
884,01	33,05
884,18	7,65
884,36	20,96
884,54	11,75
884,71	28,95
884,89	9,50
885,06	26,90
885,24	23,63
885,42	20,96
885,59	16,66
885,77	15,44
885,95	33,05
886,12	43,08
886,30	21,17
886,48	25,47
886,65	43,90
886,83	44,72
887,01	28,34
887,18	15,64
887,36	40,83
887,53	17,07
887,71	36,94
887,89	60,49
888,06	24,86
888,24	36,94
888,42	19,74
888,59	22,81
888,77	18,51
888,94	26,49
889,12	12,98
889,30	44,52
889,47	17,07
889,65	48,82
889,82	32,43
890,00	46,56
890,18	18,92
890,35	53,94
890,53	10,93
890,71	9,70
890,88	40,42
891,06	38,37
891,23	4,79
891,41	48,00
891,59	32,84
891,76	43,70
891,94	29,16
892,11	33,46
892,29	27,52
892,46	55,17
892,64	16,25
892,82	49,23
892,99	1,92
893,17	35,30
893,34	35,92
893,52	33,05
893,70	34,07
893,87	22,81
894,05	42,47
894,22	8,68
894,40	42,47
894,57	14,21
894,75	72,78
894,93	22,60
895,10	36,32
895,28	48,00
895,45	33,87
895,63	63,15
895,80	26,29
895,98	35,10
896,16	16,05
896,33	53,53
896,51	32,64
896,68	51,89
896,86	42,88
897,03	23,83
897,21	36,32
897,38	31,82
897,56	21,78
897,74	93,26
897,91	44,93
898,09	20,35
898,26	67,25
898,44	33,05
898,61	36,94
898,79	21,17
898,96	35,92
899,14	11,95
899,31	17,69
899,49	27,52
899,67	38,99
899,84	53,32
900,02	-4,23
900,19	41,65
900,37	37,35
900,54	44,72
900,72	23,63
900,89	40,42
901,07	40,01
901,24	21,78
901,42	22,40
901,59	5,81
901,77	67,86
901,94	56,39
902,12	43,70
902,29	49,84
902,47	48,61
902,64	32,64
902,82	18,71
902,99	52,30
903,17	33,87
903,34	87,52
903,52	79,54
903,69	24,65
903,87	17,07
904,04	43,08
904,22	59,06
904,39	39,81
904,57	63,97
904,74	28,75
904,92	38,78
905,09	42,26
905,27	19,12
905,44	53,94
905,62	28,34
905,79	63,15
905,97	33,25
906,14	70,94
906,32	51,48
906,49	61,72
906,67	25,47
906,84	54,76
907,02	32,43
907,19	47,18
907,37	58,03
907,54	64,79
907,72	72,16
907,89	40,63
908,06	57,01
908,24	34,69
908,41	47,18
908,59	24,24
908,76	31,61
908,94	59,26
909,11	92,03
909,29	72,16
909,46	67,86
909,64	73,60
909,81	44,31
909,99	45,75
910,16	48,00
910,33	69,91
910,51	54,76
910,68	42,88
910,86	53,73
911,03	41,44
911,21	44,11
911,38	53,53
911,56	30,18
911,73	43,90
911,90	57,01
912,08	53,12
912,25	61,31
912,43	55,37
912,60	47,79
912,78	32,02
912,95	53,32
913,12	61,92
913,30	72,57
913,47	63,36
913,65	79,54
913,82	45,75
914,00	69,30
914,17	45,13
914,34	47,18
914,52	59,67
914,69	45,75
914,87	60,29
915,04	54,14
915,21	36,94
915,39	42,06
915,56	71,35
915,74	44,93
915,91	79,33
916,08	68,07
916,26	64,38
916,43	41,85
916,61	52,30
916,78	60,08
916,95	62,13
917,13	53,94
917,30	55,78
917,48	93,26
917,65	45,75
917,82	42,06
918,00	68,07
918,17	72,37
918,35	58,85
918,52	69,30
918,69	81,38
918,87	74,62
919,04	71,55
919,22	62,13
919,39	90,60
919,56	66,43
919,74	107,39
919,91	74,62
920,08	85,07
920,26	69,50
920,43	81,38
920,61	76,26
920,78	58,85
920,95	95,72
921,13	103,91
921,30	67,86
921,47	78,72
921,65	119,06
921,82	89,16
921,99	93,67
922,17	136,68
922,34	135,86
922,51	91,42
922,69	113,53
922,86	123,36
923,04	115,17
923,21	107,39
923,38	118,65
923,56	170,26
923,73	110,46
923,90	120,50
924,08	142,41
924,25	125,21
924,42	135,86
924,60	162,27
924,77	170,47
924,94	173,74
925,12	192,58
925,29	268,56
925,46	327,55
925,64	437,32
925,81	612,01
925,98	757,00
926,16	1021,81
926,33	1322,65
926,50	1639,07
926,68	2021,01
926,85	2540,38
927,02	3179,34
927,19	3819,95
927,37	4499,05
927,54	5351,83
927,71	6256,83
927,89	7305,79
928,06	8368,90
928,23	9664,44
928,41	11076,11
928,58	12423,87
928,75	13883,05
928,93	15644,92
929,10	17063,14
929,27	18735,51
929,44	20437,58
929,62	21938,53
929,79	23507,07
929,96	25253,78
930,14	27652,98
930,31	29174,21
930,48	31285,05
930,66	33309,06
930,83	35641,29
931,00	37633,14
931,17	39859,28
931,35	41465,71
931,52	43323,42
931,69	45562,06
931,87	47020,62
932,04	48743,37
932,21	50320,10
932,38	51946,80
932,56	53406,80
932,73	54188,51
932,90	55605,91
933,07	55996,87
933,25	56524,42
933,42	57137,18
933,59	57656,13
933,77	58192,08
933,94	58083,95
934,11	57804,81
934,28	58031,52
934,46	57544,72
934,63	57254,73
934,80	56154,76
934,97	55358,31
935,15	54414,81
935,32	52867,37
935,49	52165,94
935,66	51080,10
935,84	49342,20
936,01	47796,80
936,18	46320,83
936,35	44187,05
936,53	42812,25
936,70	40273,59
936,87	38703,41
937,04	36933,96
937,22	35171,89
937,39	33260,73
937,56	30960,04
937,73	29106,01
937,91	27218,40
938,08	25258,08
938,25	23717,81
938,42	22035,40
938,59	20181,99
938,77	18362,57
938,94	16654,77
939,11	14933,86
939,28	13426,76
939,46	12122,41
939,63	10985,99
939,80	9701,92
939,97	8688,79
940,14	7677,09
940,32	6667,03
940,49	5619,09
940,66	4865,44
940,83	4120,18
941,00	3439,23
941,18	2876,86
941,35	2355,03
941,52	1933,56
941,69	1609,57
941,87	1313,64
942,04	1099,02
942,21	909,78
942,38	747,38
942,55	636,17
942,73	510,02
942,90	410,49
943,07	359,08
943,24	319,97
943,41	281,26
943,58	279,01
943,76	227,40
943,93	232,72
944,10	216,34
944,27	229,04
944,44	171,49
944,62	198,73
944,79	180,30
944,96	164,94
945,13	174,56
945,30	156,13
945,47	146,71
945,65	157,97
945,82	149,17
945,99	147,32
946,16	176,61
946,33	142,61
946,50	146,92
946,68	155,72
946,85	121,93
947,02	143,84
947,19	144,25
947,36	103,09
947,53	142,61
947,71	139,75
947,88	141,18
948,05	162,27
948,22	118,04
948,39	117,01
948,56	147,53
948,74	113,94
948,91	119,27
949,08	146,71
949,25	96,74
949,42	115,99
949,59	102,47
949,76	122,75
949,94	117,22
950,11	83,63
950,28	109,85
950,45	95,10
950,62	83,02
950,79	111,89
950,96	89,57
951,14	76,87
951,31	101,86
951,48	65,41
951,65	118,65
951,82	72,78
951,99	77,08
952,16	110,87
952,33	72,16
952,51	107,18
952,68	112,30
952,85	88,75
953,02	87,32
953,19	97,97
953,36	95,92
953,53	93,87
953,70	106,98
953,87	93,87
954,05	68,68
954,22	104,11
954,39	90,39
954,56	68,07
954,73	88,34
954,90	95,72
955,07	67,86
955,24	61,72
955,41	83,43
955,58	108,41
955,76	72,98
955,93	73,39
956,10	45,95
956,27	96,74
956,44	64,59
956,61	67,04
956,78	52,50
956,95	74,83
957,12	49,02
957,29	60,70
957,46	79,13
957,64	33,87
957,81	75,85
957,98	80,15
958,15	38,37
958,32	61,31
958,49	45,13
958,66	66,02
958,83	82,61
959,00	68,68
959,17	49,23
959,34	59,26
959,51	45,54
959,68	101,86
959,85	62,54
960,03	53,94
960,20	6,42
960,37	60,08
960,54	75,03
960,71	58,44
960,88	73,19
961,05	45,34
961,22	45,54
961,39	57,21
961,56	81,79
961,73	41,85
961,90	47,18
962,07	60,08
962,24	28,34
962,41	49,02
962,58	62,95
962,75	62,13
962,92	46,77
963,09	24,86
963,26	38,58
963,44	80,77
963,61	23,42
963,78	36,12
963,95	48,41
964,12	68,68
964,29	25,06
964,46	69,50
964,63	40,42
964,80	39,81
964,97	22,60
965,14	53,32
965,31	34,69
965,48	21,99
965,65	39,60
965,82	-2,79
965,99	13,59
966,16	22,19
966,33	26,90
966,50	31,20
966,67	51,68
966,84	42,88
967,01	44,72
967,18	43,90
967,35	34,28
967,52	30,59
967,69	2,74
967,86	12,77
968,03	37,35
968,20	8,68
968,37	19,74
968,54	31,82
968,71	46,97
968,88	37,76
969,05	23,83
969,22	59,88
969,39	29,36
969,56	72,98
969,73	38,78
969,90	21,58
970,07	20,76
970,24	36,94
970,41	12,98
970,58	76,67
970,75	31,20
970,92	26,90
971,09	38,37
971,26	11,54
971,43	22,19
971,60	81,38
971,77	21,17
971,94	21,17
972,11	35,10
972,28	1,30
972,45	0,89
972,62	10,73
972,79	16,66
972,96	51,07
973,12	11,75
973,29	54,55
973,46	31,61
973,63	-5,45
973,80	45,54
973,97	11,13
974,14	52,09
974,31	12,77
974,48	33,87
974,65	42,26
974,82	22,19
974,99	10,73
975,16	16,66
975,33	40,83
975,50	65,20
975,67	41,85
975,84	32,43
976,01	10,93
976,18	7,45
976,35	4,17
976,51	34,69
976,68	24,45
976,85	35,10
977,02	28,95
977,19	20,15
977,36	-9,75
977,53	19,94
977,70	18,30
977,87	30,59
978,04	38,78
978,21	8,47
978,38	54,76
978,55	25,88
978,72	-1,56
978,88	19,33
979,05	15,64
979,22	4,38
979,39	-8,32
979,56	18,51
979,73	28,34
979,90	28,95
980,07	46,77
980,24	6,22
980,41	45,95
980,58	28,34
980,75	47,59
980,91	44,11
981,08	14,00
981,25	24,65
981,42	51,48
981,59	13,59
981,76	27,93
981,93	48,00
982,10	-1,56
982,27	24,45
982,44	4,58
982,60	13,39
982,77	8,88
982,94	24,45
983,11	17,69
983,28	-2,79
983,45	34,48
983,62	14,21
983,79	22,60
983,95	12,16
984,12	7,86
984,29	18,10
984,46	31,61
984,63	24,65
984,80	42,88
984,97	50,87
985,14	17,28
985,30	18,71
985,47	35,10
985,64	19,94
985,81	-2,59
985,98	-12,21
986,15	35,92
986,32	24,45
986,49	35,10
986,65	4,79
986,82	14,00
986,99	55,78
987,16	25,27
987,33	22,81
987,50	45,34
987,67	31,41
987,83	6,42
988,00	44,93
988,17	53,94
988,34	52,91
988,51	38,37
988,68	18,51
988,84	43,08
989,01	25,88
989,18	22,60
989,35	29,36
989,52	27,31
989,69	16,87
989,86	21,78
990,02	41,24
990,19	47,79
990,36	-0,54
990,53	87,32
990,70	27,11
990,87	55,99
991,03	21,78
991,20	9,50
991,37	-8,53
991,54	4,99
991,71	-7,09
991,87	33,05
992,04	18,92
992,21	62,74
992,38	34,89
992,55	28,75
992,72	26,08
992,88	5,20
993,05	21,37
993,22	31,82
993,39	20,35
993,56	26,49
993,72	36,53
993,89	31,82
994,06	43,70
994,23	17,28
994,40	15,23
994,56	20,56
994,73	20,76
994,90	4,17
995,07	-3,00
995,24	16,66
995,40	23,01
995,57	28,34
995,74	40,22
995,91	27,11
996,08	31,61
996,24	46,36
996,41	56,80
996,58	0,89
996,75	11,75
996,92	37,35
997,08	31,00
997,25	6,42
997,42	16,05
997,59	34,89
997,75	31,20
997,92	44,52
998,09	-8,12
998,26	24,04
998,43	21,99
998,59	39,81
998,76	27,31
998,93	31,61
999,10	59,06
999,26	28,75
999,43	34,28
999,60	39,40
999,77	44,52
999,93	20,96
1000,10	13,39
1000,27	8,47
1000,44	29,36
1000,60	19,53
1000,77	37,96
1000,94	25,47
1001,11	57,01
1001,28	17,48
1001,44	9,50
1001,61	-9,14
1001,78	19,74
1001,95	62,95
1002,11	12,16
1002,28	45,34
1002,45	15,03
1002,61	16,46
1002,78	20,76
1002,95	64,18
1003,12	34,48
1003,28	33,05
1003,45	1,51
1003,62	12,77
1003,79	19,94
1003,95	27,52
1004,12	23,22
1004,29	-12,62
1004,46	23,63
1004,62	32,23
1004,79	-17,13
1004,96	25,06
1005,12	50,87
1005,29	6,01
1005,46	39,19
1005,63	25,27
1005,79	8,06
1005,96	14,41
1006,13	29,36
1006,29	39,40
1006,46	17,07
1006,63	44,72
1006,80	23,01
1006,96	22,81
1007,13	15,85
1007,30	39,81
1007,46	28,75
1007,63	1,92
1007,80	15,64
1007,97	44,52
1008,13	36,73
1008,30	8,68
1008,47	27,52
1008,63	45,95
1008,80	30,59
1008,97	12,98
1009,13	-1,77
1009,30	14,21
1009,47	19,74
1009,64	28,13
1009,80	-4,02
1009,97	33,87
1010,14	34,89
1010,30	12,98
1010,47	11,75
1010,64	20,15
1010,80	25,68
1010,97	12,77
1011,14	14,62
1011,30	67,04
1011,47	19,33
1011,64	30,59
1011,80	-2,59
1011,97	19,53
1012,14	12,36
1012,30	12,98
1012,47	37,35
1012,64	48,61
1012,80	13,59
1012,97	39,81
1013,14	29,57
1013,30	48,00
1013,47	18,30
1013,64	17,48
1013,80	7,65
1013,97	23,01
1014,14	18,92
1014,30	8,47
1014,47	47,59
1014,64	15,23
1014,80	23,22
1014,97	14,41
1015,14	23,01
1015,30	35,92
1015,47	13,80
1015,64	24,65
1015,80	24,24
1015,97	39,81
1016,13	24,45
1016,30	43,29
1016,47	24,86
1016,63	22,81
1016,80	-20,81
1016,97	-1,36
1017,13	3,35
1017,30	29,16
1017,47	-3,00
1017,63	32,84
1017,80	33,05
1017,96	52,71
1018,13	67,25
1018,30	39,81
1018,46	17,89
1018,63	11,34
1018,80	18,92
1018,96	-4,84
1019,13	25,06
1019,29	23,01
1019,46	21,37
1019,63	20,96
1019,79	-9,34
1019,96	32,84
1020,13	16,05
1020,29	28,54
1020,46	26,29
1020,62	46,77
1020,79	40,22
1020,96	43,49
1021,12	40,01
1021,29	24,04
1021,45	46,56
1021,62	2,74
1021,79	13,39
1021,95	38,58
1022,12	46,56
1022,28	-1,56
1022,45	12,98
1022,62	69,91
1022,78	32,23
1022,95	19,33
1023,11	40,22
1023,28	30,18
1023,45	-0,54
1023,61	16,25
1023,78	32,64
1023,94	30,59
1024,11	18,10
1024,27	60,90
1024,44	30,59
1024,61	23,83
1024,77	16,87
1024,94	27,31
1025,10	38,37
1025,27	21,37
1025,43	20,56
1025,60	33,05
1025,77	44,11
1025,93	-5,04
1026,10	32,23
1026,26	5,40
1026,43	27,93
1026,59	42,47
1026,76	15,23
1026,93	27,93
1027,09	35,51
1027,26	41,65
1027,42	18,10
1027,59	21,37
1027,75	19,53
1027,92	43,70
1028,08	13,59
1028,25	26,49
1028,42	17,07
1028,58	28,54
1028,75	21,17
1028,91	-0,33
1029,08	43,29
1029,24	26,08
1029,41	16,87
1029,57	17,07
1029,74	9,70
1029,91	2,12
1030,07	3,15
1030,24	42,88
1030,40	2,53
1030,57	14,00
1030,73	60,29
1030,90	40,63
1031,06	24,45
1031,23	69,09
1031,39	25,27
1031,56	41,24
1031,72	12,36
1031,89	45,95
1032,05	57,21
1032,22	31,82
1032,38	17,48
1032,55	53,32
1032,72	31,00
1032,88	14,41
1033,05	14,82
1033,21	27,72
1033,38	-5,25
1033,54	22,60
1033,71	36,94
1033,87	40,63
1034,04	27,72
1034,20	25,88
1034,37	18,71
1034,53	14,21
1034,70	49,84
1034,86	22,40
1035,03	26,29
1035,19	14,41
1035,36	33,46
1035,52	8,68
1035,69	11,95
1035,85	52,71
1036,02	35,92
1036,18	9,29
1036,35	15,85
1036,51	70,12
1036,68	9,29
1036,84	12,98
1037,01	17,48
1037,17	22,19
1037,34	18,51
1037,50	25,68
1037,67	37,76
>>>>>Finisci Dati dello Spettro Elaborati<<<<<
