337.57	-15.98
337.79	-15.98
338.02	-15.98
338.24	-30.52
338.47	-0.41
338.69	4.71
338.92	12.49
339.14	3.07
339.36	19.25
339.59	5.32
339.81	10.03
340.04	-8.61
340.26	-12.91
340.49	15.56
340.71	28.05
340.93	-3.49
341.16	20.27
341.38	-15.77
341.61	-2.87
341.83	21.91
342.05	23.96
342.28	3.68
342.50	7.16
342.73	11.67
342.95	2.66
343.17	-7.99
343.40	21.91
343.62	5.73
343.85	9.42
344.07	8.60
344.29	13.31
344.52	8.19
344.74	17.81
344.97	-0.82
345.19	4.30
345.41	8.60
345.64	13.10
345.86	15.56
346.08	10.03
346.31	-7.79
346.53	-17.21
346.76	12.08
346.98	27.44
347.20	7.57
347.43	2.86
347.65	-6.56
347.87	37.27
348.10	-11.68
348.32	10.03
348.54	16.58
348.77	1.22
348.99	20.47
349.21	29.28
349.44	13.92
349.66	18.22
349.88	10.64
350.11	-2.05
350.33	22.32
350.55	1.63
350.78	1.02
351.00	32.56
351.22	28.67
351.45	-4.72
351.67	9.83
351.89	16.38
352.12	-7.58
352.34	18.02
352.56	6.75
352.79	10.44
353.01	6.75
353.23	17.40
353.45	22.73
353.68	16.99
353.90	18.84
354.12	29.28
354.35	12.28
354.57	28.26
354.79	27.03
355.01	31.12
355.24	13.72
355.46	22.93
355.68	-6.76
355.91	20.47
356.13	25.59
356.35	6.14
356.57	23.96
356.80	6.34
357.02	-14.14
357.24	18.63
357.46	10.44
357.69	14.74
357.91	12.69
358.13	15.97
358.35	8.39
358.58	16.17
358.80	3.27
359.02	5.32
359.24	-18.85
359.47	35.63
359.69	2.66
359.91	-0.82
360.13	7.98
360.36	17.61
360.58	3.27
360.80	-9.43
361.02	11.87
361.25	6.14
361.47	47.30
361.69	16.79
361.91	23.14
362.13	-1.03
362.36	20.47
362.58	12.69
362.80	16.58
363.02	10.44
363.25	3.07
363.47	-11.88
363.69	11.46
363.91	36.45
364.13	12.08
364.36	9.62
364.58	13.10
364.80	28.26
365.02	15.15
365.24	5.32
365.47	-9.43
365.69	16.17
365.91	1.43
366.13	21.50
366.35	-4.31
366.57	6.55
366.80	3.48
367.02	10.85
367.24	7.78
367.46	39.11
367.68	38.09
367.90	4.50
368.13	13.51
368.35	30.10
368.57	42.18
368.79	7.37
369.01	5.32
369.23	10.85
369.46	5.32
369.68	28.67
369.90	-15.77
370.12	20.47
370.34	11.46
370.56	25.19
370.78	1.63
371.01	24.78
371.23	14.54
371.45	41.77
371.67	21.70
371.89	38.91
372.11	28.46
372.33	-20.28
372.56	15.56
372.78	28.87
373.00	4.71
373.22	12.28
373.44	16.38
373.66	25.19
373.88	-7.99
374.10	2.86
374.32	22.93
374.55	15.35
374.77	6.55
374.99	31.53
375.21	7.78
375.43	36.45
375.65	16.58
375.87	23.55
376.09	-1.23
376.31	12.90
376.53	-8.20
376.75	7.98
376.98	29.69
377.20	14.13
377.42	-1.03
377.64	11.26
377.86	11.87
378.08	16.99
378.30	21.70
378.52	-2.26
378.74	12.28
378.96	4.30
379.18	2.86
379.40	22.32
379.62	21.29
379.84	-12.91
380.07	10.03
380.29	22.32
380.51	8.60
380.73	28.67
380.95	-5.33
381.17	2.86
381.39	23.55
381.61	-7.38
381.83	21.29
382.05	17.20
382.27	14.95
382.49	27.64
382.71	4.50
382.93	-16.59
383.15	25.39
383.37	6.14
383.59	21.70
383.81	30.10
384.03	-1.44
384.25	15.15
384.47	4.50
384.69	15.97
384.91	-12.50
385.13	38.50
385.35	16.58
385.57	24.37
385.79	11.87
386.01	15.56
386.23	5.52
386.45	18.63
386.67	18.02
386.89	40.54
387.11	21.91
387.33	48.94
387.55	4.30
387.77	9.21
387.99	27.23
388.21	4.09
388.43	23.75
388.65	11.46
388.87	-1.23
389.09	28.46
389.31	7.98
389.53	12.69
389.75	6.96
389.97	17.81
390.19	11.05
390.41	3.48
390.63	8.39
390.85	10.03
391.07	20.68
391.29	33.99
391.51	5.73
391.72	12.90
391.94	16.17
392.16	15.97
392.38	14.13
392.60	16.99
392.82	7.16
393.04	-7.38
393.26	35.02
393.48	8.80
393.70	-5.94
393.92	32.76
394.14	13.51
394.36	-2.46
394.58	43.82
394.80	17.40
395.01	23.14
395.23	22.73
395.45	1.02
395.67	25.19
395.89	10.23
396.11	5.11
396.33	15.97
396.55	60.61
396.77	32.15
396.99	49.97
397.21	17.81
397.42	40.95
397.64	20.07
397.86	26.00
398.08	35.02
398.30	48.94
398.52	63.48
398.74	92.56
398.96	85.19
399.17	132.70
399.39	147.45
399.61	175.10
399.83	206.64
400.05	235.72
400.27	272.37
400.49	303.30
400.71	326.65
400.92	341.80
401.14	387.68
401.36	460.58
401.58	504.20
401.80	499.29
402.02	509.53
402.24	550.08
402.45	526.73
402.67	619.51
402.89	556.63
403.11	584.69
403.33	603.53
403.55	605.37
403.76	569.13
403.98	592.47
404.20	617.66
404.42	617.05
404.64	573.02
404.86	601.69
405.07	537.59
405.29	514.24
405.51	481.27
405.73	465.29
405.95	402.01
406.17	425.77
406.38	359.41
406.60	320.91
406.82	289.37
407.04	235.31
407.26	225.89
407.47	182.88
407.69	188.41
407.91	161.99
408.13	136.39
408.35	81.91
408.56	77.41
408.78	60.61
409.00	48.12
409.22	28.26
409.44	17.40
409.65	29.08
409.87	20.47
410.09	23.55
410.31	7.16
410.52	19.66
410.74	18.63
410.96	20.47
411.18	6.55
411.40	45.26
411.61	-9.84
411.83	54.88
412.05	32.56
412.27	14.13
412.48	5.52
412.70	3.07
412.92	-4.10
413.14	14.95
413.35	1.63
413.57	8.80
413.79	24.57
414.01	26.00
414.22	27.85
414.44	27.23
414.66	8.60
414.87	19.86
415.09	26.21
415.31	4.71
415.53	24.98
415.74	38.91
415.96	12.90
416.18	64.30
416.40	28.26
416.61	16.58
416.83	8.60
417.05	18.84
417.26	19.66
417.48	-2.67
417.70	32.56
417.92	18.43
418.13	13.92
418.35	31.74
418.57	24.57
418.78	22.32
419.00	30.10
419.22	45.87
419.43	14.95
419.65	0.81
419.87	24.98
420.09	29.28
420.30	29.90
420.52	11.26
420.74	27.03
420.95	0.81
421.17	18.84
421.39	20.07
421.60	13.92
421.82	-4.10
422.04	18.43
422.25	27.85
422.47	22.52
422.69	19.66
422.90	-17.62
423.12	19.86
423.34	8.60
423.55	23.14
423.77	7.16
423.99	22.93
424.20	26.21
424.42	10.23
424.64	-1.03
424.85	10.44
425.07	34.61
425.28	5.93
425.50	13.92
425.72	36.24
425.93	21.50
426.15	19.25
426.37	6.14
426.58	28.87
426.80	23.14
427.01	22.93
427.23	29.69
427.45	37.06
427.66	9.21
427.88	7.78
428.10	-2.05
428.31	3.89
428.53	18.84
428.74	12.90
428.96	27.64
429.18	20.88
429.39	8.80
429.61	21.91
429.82	10.23
430.04	30.30
430.26	5.93
430.47	15.35
430.69	10.23
430.90	35.42
431.12	3.07
431.34	18.84
431.55	7.98
431.77	41.36
431.98	24.98
432.20	6.14
432.41	35.02
432.63	10.44
432.85	17.81
433.06	15.35
433.28	18.22
433.49	16.17
433.71	-19.67
433.92	20.88
434.14	14.13
434.35	2.04
434.57	12.28
434.79	26.82
435.00	3.89
435.22	31.74
435.43	4.09
435.65	16.58
435.86	5.32
436.08	11.87
436.29	-13.32
436.51	8.19
436.72	13.72
436.94	45.46
437.16	5.32
437.37	30.92
437.59	26.00
437.80	42.80
438.02	27.44
438.23	23.14
438.45	32.35
438.66	8.39
438.88	25.80
439.09	16.58
439.31	15.56
439.52	41.16
439.74	9.01
439.95	27.23
440.17	6.75
440.38	2.66
440.60	-6.97
440.81	-0.00
441.03	-4.72
441.24	14.74
441.46	27.85
441.67	26.00
441.89	-2.67
442.10	26.82
442.32	20.88
442.53	-2.87
442.75	23.34
442.96	32.35
443.18	13.31
443.39	8.80
443.61	20.07
443.82	33.17
444.04	5.73
444.25	37.06
444.46	14.13
444.68	32.76
444.89	15.35
445.11	8.39
445.32	20.47
445.54	24.16
445.75	35.02
445.97	26.21
446.18	48.94
446.40	31.53
446.61	8.60
446.82	14.95
447.04	10.44
447.25	26.82
447.47	13.31
447.68	7.78
447.90	22.11
448.11	11.87
448.32	20.07
448.54	36.04
448.75	1.43
448.97	25.39
449.18	35.63
449.40	33.79
449.61	24.16
449.82	0.81
450.04	15.97
450.25	-6.15
450.47	31.74
450.68	16.99
450.89	24.57
451.11	-15.57
451.32	4.71
451.54	25.39
451.75	23.55
451.96	4.30
452.18	-15.77
452.39	2.04
452.61	8.39
452.82	4.91
453.03	-7.99
453.25	-7.17
453.46	23.75
453.68	-8.40
453.89	46.28
454.10	43.00
454.32	25.80
454.53	12.28
454.74	11.67
454.96	16.17
455.17	27.23
455.39	14.54
455.60	27.64
455.81	19.04
456.03	25.19
456.24	20.27
456.45	5.11
456.67	11.26
456.88	14.54
457.09	25.80
457.31	-9.02
457.52	14.54
457.73	16.17
457.95	8.19
458.16	24.98
458.37	1.43
458.59	-0.41
458.80	30.51
459.01	45.87
459.23	24.37
459.44	6.75
459.65	31.12
459.87	18.43
460.08	-18.44
460.29	6.75
460.51	16.99
460.72	14.54
460.93	27.64
461.15	15.15
461.36	40.14
461.57	5.73
461.79	20.07
462.00	6.34
462.21	30.92
462.42	29.69
462.64	16.99
462.85	17.40
463.06	29.69
463.28	-5.33
463.49	28.05
463.70	5.52
463.92	16.58
464.13	15.35
464.34	41.98
464.55	-0.21
464.77	16.58
464.98	3.07
465.19	18.22
465.40	14.95
465.62	21.50
465.83	32.76
466.04	25.59
466.26	35.02
466.47	10.64
466.68	-0.00
466.89	3.68
467.11	-7.99
467.32	20.47
467.53	16.58
467.74	18.22
467.96	19.25
468.17	-0.00
468.38	4.71
468.59	25.39
468.81	-1.85
469.02	-5.74
469.23	18.02
469.44	29.49
469.66	12.28
469.87	25.39
470.08	-8.40
470.29	13.72
470.50	31.94
470.72	25.19
470.93	15.97
471.14	5.32
471.35	30.71
471.57	26.62
471.78	17.20
471.99	12.49
472.20	12.49
472.41	13.51
472.63	16.79
472.84	38.29
473.05	6.96
473.26	26.41
473.47	13.51
473.69	26.82
473.90	14.33
474.11	19.66
474.32	19.86
474.53	10.03
474.75	9.83
474.96	9.01
475.17	43.21
475.38	17.40
475.59	5.11
475.80	-5.12
476.02	28.87
476.23	16.79
476.44	19.66
476.65	11.46
476.86	37.27
477.08	33.79
477.29	16.58
477.50	28.26
477.71	31.74
477.92	18.02
478.13	25.80
478.34	10.64
478.56	38.09
478.77	14.54
478.98	10.85
479.19	32.76
479.40	9.42
479.61	40.75
479.83	14.33
480.04	18.22
480.25	4.71
480.46	24.16
480.67	33.79
480.88	28.67
481.09	13.92
481.30	20.68
481.52	13.51
481.73	-6.97
481.94	13.10
482.15	13.51
482.36	25.80
482.57	44.23
482.78	8.60
482.99	18.43
483.21	14.95
483.42	19.66
483.63	18.02
483.84	21.29
484.05	7.37
484.26	39.93
484.47	35.83
484.68	34.61
484.89	15.15
485.10	10.85
485.32	4.50
485.53	28.26
485.74	8.60
485.95	40.54
486.16	43.62
486.37	32.97
486.58	26.00
486.79	23.75
487.00	17.40
487.21	52.83
487.42	-7.79
487.63	18.02
487.85	18.22
488.06	36.65
488.27	46.07
488.48	24.16
488.69	20.47
488.90	2.04
489.11	11.87
489.32	14.74
489.53	14.54
489.74	35.63
489.95	38.70
490.16	5.73
490.37	17.40
490.58	26.41
490.79	0.20
491.00	0.40
491.21	28.46
491.42	26.00
491.63	19.86
491.84	23.96
492.06	13.51
492.27	18.63
492.48	21.91
492.69	15.76
492.90	48.53
493.11	50.17
493.32	35.63
493.53	26.82
493.74	16.99
493.95	15.56
494.16	42.80
494.37	34.40
494.58	36.24
494.79	21.09
495.00	2.66
495.21	-10.65
495.42	6.55
495.63	19.66
495.84	35.22
496.05	9.21
496.26	29.28
496.47	25.80
496.68	16.17
496.89	1.43
497.10	21.29
497.31	20.68
497.52	8.80
497.73	-4.92
497.94	19.66
498.15	17.20
498.36	32.76
498.57	40.54
498.78	19.66
498.98	16.17
499.19	22.32
499.40	49.35
499.61	18.22
499.82	23.34
500.03	14.33
500.24	35.83
500.45	-2.87
500.66	27.44
500.87	32.35
501.08	15.56
501.29	26.41
501.50	24.16
501.71	35.63
501.92	19.86
502.13	35.42
502.34	-0.82
502.55	31.53
502.76	37.47
502.97	21.91
503.17	47.30
503.38	26.82
503.59	23.75
503.80	42.59
504.01	9.42
504.22	21.70
504.43	40.75
504.64	2.04
504.85	37.27
505.06	26.82
505.27	23.34
505.48	32.76
505.68	29.28
505.89	28.67
506.10	22.73
506.31	7.98
506.52	11.26
506.73	13.31
506.94	41.57
507.15	36.04
507.36	6.14
507.57	35.63
507.77	28.26
507.98	26.41
508.19	23.55
508.40	-0.21
508.61	15.56
508.82	15.35
509.03	42.59
509.24	41.36
509.45	33.58
509.65	36.65
509.86	39.52
510.07	33.99
510.28	15.35
510.49	20.07
510.70	52.22
510.91	41.98
511.11	14.13
511.32	45.66
511.53	30.92
511.74	21.91
511.95	30.71
512.16	23.75
512.37	35.22
512.57	29.90
512.78	15.97
512.99	33.38
513.20	6.96
513.41	26.00
513.62	23.75
513.82	30.10
514.03	1.02
514.24	13.31
514.45	30.71
514.66	28.67
514.87	24.16
515.07	0.61
515.28	38.91
515.49	25.19
515.70	32.56
515.91	17.40
516.11	25.19
516.32	29.69
516.53	14.13
516.74	24.37
516.95	41.98
517.16	41.98
517.36	32.56
517.57	31.33
517.78	14.13
517.99	20.88
518.20	40.34
518.40	32.35
518.61	28.05
518.82	17.81
519.03	18.43
519.23	20.88
519.44	32.35
519.65	35.63
519.86	20.68
520.07	31.94
520.27	22.11
520.48	20.88
520.69	3.48
520.90	35.22
521.10	12.49
521.31	17.40
521.52	34.81
521.73	27.03
521.94	22.73
522.14	24.98
522.35	36.86
522.56	31.53
522.77	47.10
522.97	6.14
523.18	20.07
523.39	55.29
523.60	13.51
523.80	18.84
524.01	20.47
524.22	13.92
524.43	4.50
524.63	32.97
524.84	28.05
525.05	14.13
525.25	16.17
525.46	24.16
525.67	38.50
525.88	39.73
526.08	12.69
526.29	22.11
526.50	23.14
526.71	39.11
526.91	0.40
527.12	22.32
527.33	23.34
527.53	5.73
527.74	18.84
527.95	27.85
528.16	34.40
528.36	9.01
528.57	5.73
528.78	22.73
528.98	34.61
529.19	23.55
529.40	32.56
529.60	27.03
529.81	40.54
530.02	37.68
530.22	21.91
530.43	17.20
530.64	1.43
530.85	30.71
531.05	4.30
531.26	18.63
531.47	40.95
531.67	26.21
531.88	9.42
532.09	24.78
532.29	36.86
532.50	1.63
532.71	11.87
532.91	45.05
533.12	7.57
533.33	33.58
533.53	19.04
533.74	28.26
533.95	39.32
534.15	36.65
534.36	33.58
534.56	17.61
534.77	26.00
534.98	23.96
535.18	53.65
535.39	11.87
535.60	22.52
535.80	25.59
536.01	13.10
536.22	40.95
536.42	19.86
536.63	39.52
536.83	-0.41
537.04	18.63
537.25	27.44
537.45	23.96
537.66	33.17
537.87	18.22
538.07	43.62
538.28	15.35
538.48	42.59
538.69	13.72
538.90	33.79
539.10	-8.61
539.31	18.63
539.51	21.50
539.72	0.20
539.93	23.14
540.13	21.70
540.34	35.83
540.54	16.17
540.75	19.25
540.96	24.57
541.16	25.59
541.37	6.55
541.57	18.02
541.78	31.12
541.99	20.07
542.19	19.45
542.40	57.34
542.60	27.64
542.81	12.08
543.01	41.98
543.22	25.80
543.43	15.35
543.63	5.52
543.84	19.04
544.04	50.58
544.25	61.84
544.45	11.87
544.66	17.81
544.87	38.70
545.07	36.86
545.28	47.92
545.48	52.42
545.69	23.55
545.89	15.56
546.10	7.16
546.30	62.05
546.51	25.19
546.71	34.40
546.92	1.02
547.13	42.18
547.33	23.75
547.54	52.42
547.74	36.04
547.95	33.99
548.15	25.80
548.36	43.82
548.56	2.45
548.77	21.09
548.97	24.16
549.18	33.38
549.38	27.03
549.59	37.27
549.79	20.07
550.00	34.40
550.20	27.85
550.41	16.38
550.61	44.23
550.82	32.76
551.02	33.17
551.23	21.91
551.43	11.67
551.64	19.66
551.84	19.86
552.05	23.55
552.25	16.58
552.46	46.07
552.66	45.05
552.87	28.87
553.07	1.22
553.28	47.10
553.48	6.55
553.69	25.80
553.89	23.34
554.10	32.56
554.30	38.91
554.51	22.32
554.71	29.28
554.92	19.86
555.12	35.22
555.32	17.61
555.53	46.07
555.73	19.66
555.94	51.40
556.14	48.12
556.35	14.74
556.55	18.84
556.76	28.26
556.96	32.56
557.17	18.63
557.37	60.41
557.57	33.17
557.78	28.67
557.98	-3.49
558.19	50.78
558.39	28.46
558.60	27.03
558.80	34.81
559.00	3.68
559.21	13.51
559.41	9.62
559.62	33.17
559.82	20.88
560.03	37.06
560.23	29.08
560.43	11.67
560.64	37.88
560.84	44.23
561.05	32.56
561.25	40.54
561.45	24.57
561.66	32.97
561.86	46.48
562.07	19.04
562.27	14.74
562.47	20.88
562.68	3.07
562.88	44.64
563.09	11.05
563.29	33.58
563.49	30.30
563.70	23.55
563.90	16.38
564.11	48.33
564.31	13.10
564.51	6.34
564.72	1.43
564.92	37.88
565.12	29.90
565.33	45.05
565.53	38.70
565.74	18.84
565.94	35.02
566.14	27.44
566.35	39.32
566.55	16.79
566.75	36.04
566.96	24.37
567.16	58.77
567.36	21.91
567.57	28.46
567.77	24.16
567.98	39.73
568.18	17.40
568.38	4.30
568.59	19.04
568.79	28.05
568.99	31.53
569.20	25.80
569.40	36.24
569.60	19.45
569.81	45.46
570.01	19.66
570.21	30.92
570.42	10.23
570.62	26.62
570.82	25.19
571.03	33.58
571.23	15.76
571.43	32.15
571.63	28.67
571.84	11.67
572.04	29.69
572.24	37.27
572.45	30.51
572.65	14.95
572.85	22.32
573.06	37.88
573.26	46.69
573.46	22.73
573.67	27.23
573.87	33.79
574.07	8.80
574.27	0.40
574.48	46.07
574.68	23.34
574.88	21.70
575.09	7.16
575.29	0.81
575.49	10.44
575.69	24.37
575.90	35.02
576.10	18.02
576.30	40.95
576.51	29.90
576.71	26.62
576.91	35.63
577.11	40.95
577.32	36.04
577.52	17.40
577.72	18.63
577.92	-9.02
578.13	19.86
578.33	52.01
578.53	23.55
578.73	15.56
578.94	32.15
579.14	27.03
579.34	19.66
579.54	39.32
579.75	19.66
579.95	19.04
580.15	26.21
580.35	67.78
580.56	14.95
580.76	38.70
580.96	41.98
581.16	31.33
581.37	1.63
581.57	23.75
581.77	25.59
581.97	18.63
582.17	32.35
582.38	28.05
582.58	20.88
582.78	10.03
582.98	25.80
583.19	22.52
583.39	16.99
583.59	14.33
583.79	41.57
583.99	35.42
584.20	42.80
584.40	18.02
584.60	29.08
584.80	24.57
585.00	10.85
585.21	30.71
585.41	34.81
585.61	52.01
585.81	26.21
586.01	22.52
586.22	38.70
586.42	25.39
586.62	21.09
586.82	4.91
587.02	26.82
587.22	39.52
587.43	13.72
587.63	14.74
587.83	20.68
588.03	19.66
588.23	16.99
588.43	24.57
588.64	49.15
588.84	34.40
589.04	30.51
589.24	32.97
589.44	22.32
589.64	21.50
589.85	7.37
590.05	47.30
590.25	19.04
590.45	19.25
590.65	39.93
590.85	14.54
591.05	17.40
591.26	6.34
591.46	29.69
591.66	18.02
591.86	9.42
592.06	51.60
592.26	-15.77
592.46	27.03
592.67	23.55
592.87	39.32
593.07	41.16
593.27	30.10
593.47	29.49
593.67	23.96
593.87	14.54
594.07	26.82
594.28	31.33
594.48	22.11
594.68	31.74
594.88	55.09
595.08	46.07
595.28	0.81
595.48	41.98
595.68	24.16
595.88	33.17
596.08	21.29
596.29	47.71
596.49	13.10
596.69	46.69
596.89	12.28
597.09	18.63
597.29	-7.17
597.49	26.21
597.69	-9.84
597.89	12.90
598.09	11.26
598.29	22.11
598.50	34.20
598.70	34.40
598.90	12.28
599.10	31.74
599.30	34.40
599.50	17.81
599.70	44.23
599.90	30.92
600.10	-2.87
600.30	19.66
600.50	6.34
600.70	18.84
600.90	7.57
601.10	58.36
601.30	34.40
601.50	28.46
601.71	0.40
601.91	21.91
602.11	21.91
602.31	29.90
602.51	11.05
602.71	23.96
602.91	24.57
603.11	27.44
603.31	25.39
603.51	14.33
603.71	-0.41
603.91	0.20
604.11	27.03
604.31	20.88
604.51	26.41
604.71	15.35
604.91	12.28
605.11	19.86
605.31	11.26
605.51	25.19
605.71	13.72
605.91	41.57
606.11	29.69
606.31	27.23
606.51	15.97
606.71	26.62
606.91	29.90
607.11	27.85
607.31	25.80
607.51	29.49
607.71	12.08
607.91	39.32
608.11	12.90
608.31	21.09
608.51	31.53
608.71	42.39
608.91	7.16
609.11	3.89
609.31	48.12
609.51	49.15
609.71	20.88
609.91	6.14
610.11	22.93
610.31	32.97
610.51	2.04
610.71	9.62
610.91	13.10
611.11	28.67
611.31	24.98
611.51	16.38
611.71	28.46
611.91	34.20
612.11	9.21
612.31	-3.69
612.51	34.40
612.71	38.29
612.90	28.46
613.10	22.11
613.30	16.38
613.50	14.74
613.70	24.78
613.90	41.16
614.10	15.97
614.30	38.50
614.50	30.92
614.70	11.46
614.90	29.69
615.10	25.80
615.30	36.45
615.50	22.93
615.70	7.37
615.90	20.07
616.09	27.23
616.29	17.61
616.49	37.68
616.69	15.56
616.89	39.32
617.09	15.76
617.29	4.71
617.49	31.12
617.69	22.93
617.89	21.70
618.09	22.32
618.28	43.00
618.48	7.16
618.68	13.72
618.88	10.85
619.08	16.58
619.28	16.99
619.48	27.23
619.68	30.10
619.88	15.56
620.08	10.23
620.27	14.54
620.47	22.93
620.67	23.75
620.87	36.24
621.07	16.79
621.27	-0.62
621.47	42.59
621.67	13.92
621.86	19.25
622.06	29.69
622.26	27.44
622.46	25.39
622.66	27.03
622.86	33.58
623.06	12.28
623.25	16.17
623.45	44.23
623.65	19.04
623.85	10.03
624.05	9.21
624.25	25.80
624.45	16.17
624.64	5.52
624.84	27.85
625.04	-2.05
625.24	22.32
625.44	12.49
625.64	21.70
625.83	17.61
626.03	27.85
626.23	13.92
626.43	-0.00
626.63	35.02
626.83	-5.74
627.02	19.66
627.22	22.32
627.42	31.33
627.62	24.57
627.82	7.37
628.02	30.10
628.21	43.82
628.41	13.72
628.61	38.91
628.81	24.78
629.01	13.72
629.20	16.38
629.40	26.00
629.60	8.39
629.80	18.02
630.00	60.00
630.19	25.80
630.39	24.16
630.59	15.35
630.79	-10.65
630.99	8.19
631.18	14.54
631.38	23.96
631.58	31.94
631.78	30.51
631.98	16.38
632.17	23.75
632.37	-0.00
632.57	27.23
632.77	10.44
632.96	37.27
633.16	13.51
633.36	33.58
633.56	32.15
633.76	20.27
633.95	14.74
634.15	33.99
634.35	46.89
634.55	37.88
634.74	13.92
634.94	19.25
635.14	15.97
635.34	39.11
635.53	6.96
635.73	6.55
635.93	45.26
636.13	14.54
636.32	28.26
636.52	2.86
636.72	18.63
636.92	40.95
637.11	48.94
637.31	44.23
637.51	36.45
637.70	24.57
637.90	19.25
638.10	14.95
638.30	16.17
638.49	21.29
638.69	31.53
638.89	3.68
639.09	19.86
639.28	39.32
639.48	19.04
639.68	13.72
639.87	13.92
640.07	40.75
640.27	26.00
640.47	17.40
640.66	19.25
640.86	37.88
641.06	26.82
641.25	37.06
641.45	9.83
641.65	17.40
641.84	-3.08
642.04	12.90
642.24	36.65
642.44	26.41
642.63	26.82
642.83	21.50
643.03	5.93
643.22	13.10
643.42	37.27
643.62	19.04
643.81	15.76
644.01	30.30
644.21	35.22
644.40	29.69
644.60	30.51
644.80	32.35
644.99	24.37
645.19	39.32
645.39	23.96
645.58	27.23
645.78	28.87
645.98	19.66
646.17	11.26
646.37	11.87
646.57	39.11
646.76	13.10
646.96	10.64
647.16	40.14
647.35	6.14
647.55	22.11
647.75	3.07
647.94	8.80
648.14	27.44
648.33	35.02
648.53	23.34
648.73	24.16
648.92	7.57
649.12	3.48
649.32	11.46
649.51	3.27
649.71	36.45
649.90	40.75
650.10	26.82
650.30	31.94
650.49	14.33
650.69	21.50
650.89	20.68
651.08	17.40
651.28	35.02
651.47	20.68
651.67	7.16
651.87	28.67
652.06	24.37
652.26	31.74
652.45	37.68
652.65	24.37
652.85	30.10
653.04	21.50
653.24	25.59
653.43	18.84
653.63	26.62
653.83	21.70
654.02	27.03
654.22	9.01
654.41	36.04
654.61	10.03
654.81	11.05
655.00	33.79
655.20	4.50
655.39	28.26
655.59	14.13
655.78	12.28
655.98	31.53
656.18	16.99
656.37	25.59
656.57	34.20
656.76	7.98
656.96	28.26
657.15	32.56
657.35	23.14
657.55	8.19
657.74	17.81
657.94	7.57
658.13	21.91
658.33	8.80
658.52	41.36
658.72	13.92
658.91	20.88
659.11	15.15
659.30	63.07
659.50	24.57
659.70	40.34
659.89	-12.09
660.09	18.02
660.28	29.90
660.48	-4.31
660.67	21.29
660.87	19.66
661.06	42.59
661.26	18.22
661.45	17.20
661.65	10.85
661.84	15.56
662.04	27.44
662.23	21.50
662.43	32.35
662.62	15.15
662.82	28.46
663.01	1.43
663.21	24.98
663.41	8.19
663.60	36.45
663.80	32.97
663.99	33.79
664.19	20.68
664.38	24.37
664.58	1.02
664.77	17.61
664.97	8.60
665.16	33.58
665.35	27.64
665.55	6.55
665.74	16.79
665.94	4.91
666.13	37.47
666.33	20.07
666.52	35.22
666.72	40.14
666.91	42.59
667.11	15.15
667.30	9.01
667.50	14.13
667.69	1.63
667.89	16.79
668.08	36.04
668.28	8.60
668.47	11.46
668.67	20.88
668.86	27.03
669.05	14.74
669.25	15.76
669.44	31.12
669.64	7.98
669.83	15.15
670.03	31.53
670.22	30.51
670.42	6.55
670.61	18.02
670.81	-10.65
671.00	7.37
671.19	33.79
671.39	23.14
671.58	15.76
671.78	8.60
671.97	-0.41
672.17	30.92
672.36	18.84
672.55	3.89
672.75	33.99
672.94	11.67
673.14	15.15
673.33	24.98
673.53	39.52
673.72	47.92
673.91	19.66
674.11	46.07
674.30	40.95
674.50	23.14
674.69	22.73
674.88	21.09
675.08	19.04
675.27	-0.00
675.47	32.35
675.66	41.36
675.85	22.73
676.05	35.02
676.24	17.20
676.44	22.11
676.63	36.04
676.82	26.82
677.02	36.24
677.21	11.67
677.41	9.01
677.60	37.27
677.79	25.39
677.99	40.34
678.18	25.59
678.37	27.03
678.57	16.79
678.76	12.28
678.96	27.85
679.15	17.40
679.34	32.15
679.54	39.73
679.73	24.78
679.92	20.47
680.12	29.08
680.31	19.04
680.51	27.03
680.70	17.61
680.89	3.48
681.09	30.71
681.28	28.26
681.47	31.94
681.67	2.66
681.86	31.33
682.05	12.90
682.25	15.56
682.44	4.71
682.63	25.39
682.83	21.70
683.02	19.45
683.21	12.28
683.41	9.01
683.60	35.63
683.79	40.14
683.99	11.05
684.18	37.88
684.37	14.13
684.57	21.50
684.76	22.73
684.95	26.41
685.15	39.32
685.34	45.05
685.53	1.02
685.73	9.21
685.92	16.38
686.11	24.37
686.31	-1.23
686.50	21.91
686.69	1.63
686.88	28.87
687.08	21.50
687.27	15.56
687.46	26.00
687.66	16.38
687.85	11.87
688.04	3.48
688.24	18.43
688.43	0.40
688.62	34.40
688.81	5.32
689.01	7.16
689.20	12.28
689.39	9.62
689.59	-9.43
689.78	36.24
689.97	21.50
690.16	-5.94
690.36	34.61
690.55	26.41
690.74	19.45
690.93	10.85
691.13	9.42
691.32	24.16
691.51	-1.23
691.70	19.25
691.90	3.27
692.09	7.37
692.28	18.63
692.48	2.66
692.67	19.45
692.86	30.71
693.05	10.85
693.25	5.93
693.44	23.55
693.63	27.85
693.82	-10.24
694.01	6.75
694.21	12.08
694.40	11.26
694.59	29.28
694.78	8.60
694.98	7.16
695.17	37.88
695.36	16.99
695.55	10.44
695.75	37.27
695.94	16.79
696.13	18.43
696.32	35.22
696.51	19.25
696.71	24.57
696.90	26.62
697.09	32.97
697.28	25.80
697.48	5.11
697.67	13.72
697.86	15.56
698.05	26.41
698.24	19.66
698.44	24.78
698.63	10.85
698.82	27.44
699.01	23.96
699.20	19.25
699.40	17.61
699.59	29.49
699.78	13.31
699.97	39.93
700.16	30.51
700.36	48.12
700.55	23.34
700.74	26.62
700.93	12.69
701.12	19.45
701.31	23.55
701.51	26.82
701.70	28.05
701.89	18.63
702.08	21.91
702.27	25.39
702.46	39.93
702.66	24.98
702.85	25.39
703.04	53.04
703.23	-5.94
703.42	30.10
703.61	35.02
703.81	28.26
704.00	13.10
704.19	10.85
704.38	14.74
704.57	12.69
704.76	25.80
704.96	7.98
705.15	12.28
705.34	-12.50
705.53	5.93
705.72	44.23
705.91	38.70
706.10	30.10
706.30	11.26
706.49	23.75
706.68	6.75
706.87	-10.86
707.06	2.45
707.25	5.11
707.44	22.32
707.63	20.88
707.83	-4.92
708.02	30.92
708.21	22.73
708.40	18.02
708.59	14.95
708.78	43.82
708.97	-6.97
709.16	25.59
709.35	19.86
709.55	23.34
709.74	26.21
709.93	24.78
710.12	39.93
710.31	36.04
710.50	7.98
710.69	42.39
710.88	22.52
711.07	16.99
711.26	7.16
711.46	52.63
711.65	47.51
711.84	24.16
712.03	-2.87
712.22	36.24
712.41	25.80
712.60	33.99
712.79	13.51
712.98	9.01
713.17	21.50
713.36	36.24
713.55	4.71
713.75	28.46
713.94	23.96
714.13	40.54
714.32	16.38
714.51	44.85
714.70	42.18
714.89	-7.99
715.08	9.21
715.27	30.10
715.46	11.05
715.65	18.02
715.84	16.17
716.03	3.27
716.22	6.55
716.41	22.73
716.60	10.85
716.79	20.07
716.99	10.23
717.18	33.79
717.37	37.06
717.56	10.64
717.75	39.32
717.94	30.92
718.13	28.26
718.32	27.64
718.51	10.23
718.70	20.68
718.89	10.64
719.08	24.57
719.27	17.20
719.46	6.34
719.65	38.50
719.84	5.93
720.03	26.62
720.22	27.64
720.41	28.46
720.60	8.80
720.79	44.23
720.98	32.15
721.17	5.32
721.36	-5.33
721.55	43.62
721.74	26.82
721.93	28.46
722.12	23.34
722.31	14.33
722.50	23.14
722.69	7.78
722.88	30.71
723.07	33.79
723.26	44.64
723.45	13.72
723.64	4.91
723.83	14.74
724.02	18.43
724.21	21.09
724.40	35.42
724.59	6.96
724.78	16.79
724.97	26.00
725.16	26.00
725.35	9.62
725.54	37.06
725.73	27.64
725.92	41.36
726.11	46.48
726.30	47.51
726.49	33.38
726.68	49.97
726.87	4.30
727.06	13.92
727.25	35.63
727.43	46.69
727.62	32.15
727.81	16.38
728.00	44.64
728.19	26.62
728.38	21.91
728.57	45.87
728.76	33.99
728.95	18.22
729.14	24.37
729.33	13.72
729.52	33.99
729.71	30.10
729.90	15.35
730.09	25.80
730.28	26.41
730.47	29.90
730.65	11.67
730.84	8.60
731.03	55.09
731.22	29.49
731.41	21.50
731.60	23.75
731.79	18.22
731.98	32.56
732.17	2.04
732.36	35.42
732.55	27.03
732.74	24.37
732.92	20.27
733.11	41.77
733.30	24.98
733.49	11.46
733.68	22.93
733.87	19.25
734.06	4.91
734.25	9.62
734.44	26.41
734.63	41.36
734.81	9.83
735.00	37.06
735.19	8.39
735.38	18.84
735.57	24.37
735.76	23.34
735.95	51.60
736.14	36.86
736.33	21.50
736.51	16.17
736.70	8.39
736.89	26.82
737.08	1.02
737.27	15.97
737.46	28.26
737.65	9.21
737.83	21.09
738.02	30.92
738.21	30.30
738.40	35.42
738.59	31.74
738.78	-2.67
738.97	10.64
739.16	33.58
739.34	20.07
739.53	17.40
739.72	24.98
739.91	38.91
740.10	26.82
740.29	8.60
740.47	42.59
740.66	24.78
740.85	-18.85
741.04	18.43
741.23	14.74
741.42	25.19
741.60	16.58
741.79	11.67
741.98	20.88
742.17	16.79
742.36	22.32
742.55	40.75
742.73	-4.10
742.92	18.22
743.11	24.78
743.30	34.40
743.49	35.02
743.68	14.33
743.86	48.33
744.05	27.03
744.24	19.66
744.43	-3.08
744.62	34.40
744.80	29.08
744.99	28.87
745.18	28.46
745.37	12.90
745.56	36.65
745.74	35.83
745.93	16.79
746.12	9.21
746.31	25.19
746.50	17.40
746.68	12.69
746.87	29.49
747.06	30.10
747.25	40.14
747.44	40.75
747.62	-6.35
747.81	43.62
748.00	25.59
748.19	12.90
748.37	40.34
748.56	36.24
748.75	22.93
748.94	36.04
749.13	14.13
749.31	28.05
749.50	22.73
749.69	39.11
749.88	12.28
750.06	38.29
750.25	21.50
750.44	16.38
750.63	4.09
750.81	37.27
751.00	51.19
751.19	26.82
751.38	6.75
751.56	39.73
751.75	34.40
751.94	31.74
752.13	15.15
752.31	27.23
752.50	18.02
752.69	37.06
752.88	14.33
753.06	24.16
753.25	11.87
753.44	30.51
753.63	16.99
753.81	0.61
754.00	35.42
754.19	7.78
754.37	26.41
754.56	28.87
754.75	16.58
754.94	41.77
755.12	32.35
755.31	5.93
755.50	43.00
755.69	39.52
755.87	22.11
756.06	29.90
756.25	4.50
756.43	37.06
756.62	12.28
756.81	33.58
756.99	22.32
757.18	48.12
757.37	28.05
757.56	35.42
757.74	23.55
757.93	25.39
758.12	23.96
758.30	37.27
758.49	14.95
758.68	40.34
758.86	12.08
759.05	6.55
759.24	6.96
759.42	44.64
759.61	32.56
759.80	13.51
759.99	12.08
760.17	27.23
760.36	9.62
760.55	22.52
760.73	26.21
760.92	21.91
761.11	16.17
761.29	41.57
761.48	42.39
761.67	32.97
761.85	33.99
762.04	27.03
762.23	36.45
762.41	22.73
762.60	19.45
762.79	18.43
762.97	29.28
763.16	6.96
763.34	42.59
763.53	23.55
763.72	18.43
763.90	37.88
764.09	41.36
764.28	37.27
764.46	29.49
764.65	43.82
764.84	17.61
765.02	40.14
765.21	25.19
765.40	40.34
765.58	44.64
765.77	28.26
765.95	47.10
766.14	17.40
766.33	19.66
766.51	46.89
766.70	47.71
766.89	49.56
767.07	40.75
767.26	39.32
767.44	38.70
767.63	40.75
767.82	10.44
768.00	25.39
768.19	44.03
768.37	37.88
768.56	12.28
768.75	46.89
768.93	26.82
769.12	22.11
769.30	43.21
769.49	24.57
769.68	47.71
769.86	37.88
770.05	47.30
770.23	46.28
770.42	43.62
770.61	49.56
770.79	45.87
770.98	56.11
771.16	31.53
771.35	49.56
771.54	33.58
771.72	45.26
771.91	36.65
772.09	34.81
772.28	39.11
772.46	34.20
772.65	49.35
772.84	45.46
773.02	53.04
773.21	37.06
773.39	36.45
773.58	36.04
773.76	30.51
773.95	54.47
774.13	46.48
774.32	63.28
774.51	40.75
774.69	71.67
774.88	34.40
775.06	64.30
775.25	29.49
775.43	42.80
775.62	27.23
775.80	40.14
775.99	51.19
776.18	16.99
776.36	46.07
776.55	43.00
776.73	45.26
776.92	45.87
777.10	54.27
777.29	72.29
777.47	45.05
777.66	46.69
777.84	37.47
778.03	32.35
778.21	35.02
778.40	56.31
778.58	46.89
778.77	71.88
778.95	74.75
779.14	59.39
779.33	39.73
779.51	71.06
779.70	44.64
779.88	59.18
780.07	59.39
780.25	54.06
780.44	58.98
780.62	45.87
780.81	51.60
780.99	66.76
781.18	65.53
781.36	45.26
781.55	65.12
781.73	62.66
781.92	81.30
782.10	62.46
782.29	62.25
782.47	53.45
782.66	84.78
782.84	51.60
783.03	72.08
783.21	54.88
783.39	46.89
783.58	70.24
783.76	72.90
783.95	64.92
784.13	55.70
784.32	76.38
784.50	47.71
784.69	90.92
784.87	62.25
785.06	64.10
785.24	66.96
785.43	60.41
785.61	58.98
785.80	66.14
785.98	60.61
786.17	69.01
786.35	70.65
786.53	45.05
786.72	59.18
786.90	67.99
787.09	66.35
787.27	60.00
787.46	50.78
787.64	81.30
787.83	57.13
788.01	52.42
788.19	84.78
788.38	88.06
788.56	77.61
788.75	60.41
788.93	87.65
789.12	86.62
789.30	96.04
789.49	73.11
789.67	99.73
789.85	92.15
790.04	79.25
790.22	91.74
790.41	80.48
790.59	64.10
790.77	81.71
790.96	71.67
791.14	61.43
791.33	87.65
791.51	96.25
791.70	90.52
791.88	87.24
792.06	103.62
792.25	92.15
792.43	82.73
792.62	127.17
792.80	112.43
792.98	107.31
793.17	107.92
793.35	98.09
793.54	91.95
793.72	95.84
793.90	121.85
794.09	122.67
794.27	113.86
794.46	113.45
794.64	135.78
794.82	113.45
795.01	158.51
795.19	135.16
795.37	139.46
795.56	151.54
795.74	138.64
795.93	136.18
796.11	154.41
796.29	161.99
796.48	195.78
796.66	179.81
796.84	173.87
797.03	190.25
797.21	209.71
797.40	176.12
797.58	193.94
797.76	209.71
797.95	231.42
798.13	215.24
798.31	226.91
798.50	250.87
798.68	224.04
798.86	243.70
799.05	286.10
799.23	324.60
799.42	384.81
799.60	484.54
799.78	670.09
799.97	866.29
800.15	1147.88
800.33	1534.54
800.52	1983.25
800.70	2515.72
800.88	3127.24
801.07	3799.39
801.25	4679.40
801.43	5704.41
801.62	6608.38
801.80	7906.59
801.98	9224.05
802.17	10515.90
802.35	12124.58
802.53	13793.47
802.72	15318.60
802.90	17296.12
803.08	19262.78
803.26	21300.30
803.45	23681.27
803.63	25661.45
803.81	28088.30
804.00	30450.63
804.18	32791.66
804.36	34715.52
804.55	37435.64
804.73	39593.37
804.91	42173.82
805.10	44090.92
805.28	46492.37
805.46	48964.88
805.64	50666.54
805.83	52604.33
806.01	54371.31
806.19	56632.07
806.38	58037.79
806.56	59735.97
806.74	60243.25
806.92	61942.45
807.11	62755.08
807.29	62654.12
807.47	63055.72
807.66	63405.93
807.84	63685.06
808.02	63728.28
808.20	63672.57
808.39	63158.33
808.57	62677.67
808.75	61481.66
808.94	61278.91
809.12	59345.01
809.30	58629.86
809.48	56071.54
809.67	54876.14
809.85	52028.64
810.03	50599.77
810.21	48223.52
810.40	46599.89
810.58	44183.49
810.76	42274.78
810.94	39956.48
811.13	37674.22
811.31	35492.73
811.49	33221.94
811.67	31315.08
811.86	28518.98
812.04	26617.44
812.22	24302.22
812.40	22099.83
812.59	20431.35
812.77	18200.29
812.95	16421.63
813.13	14711.78
813.32	13036.75
813.50	11440.36
813.68	10130.89
813.86	8717.17
814.04	7612.09
814.23	6405.84
814.41	5470.32
814.59	4608.33
814.77	3902.40
814.96	3214.28
815.14	2648.43
815.32	2102.85
815.50	1693.46
815.68	1345.72
815.87	1032.99
816.05	810.58
816.23	640.19
816.41	481.47
816.59	408.36
816.78	375.80
816.96	310.06
817.14	279.75
817.32	270.33
817.50	217.28
817.69	209.30
817.87	172.84
818.05	200.70
818.23	185.13
818.41	191.48
818.60	161.99
818.78	176.12
818.96	160.35
819.14	147.45
819.32	163.83
819.51	156.87
819.69	138.64
819.87	148.47
820.05	154.21
820.23	162.40
820.41	122.26
820.60	141.30
820.78	135.98
820.96	134.55
821.14	104.85
821.32	121.03
821.50	103.21
821.69	119.60
821.87	138.03
822.05	130.25
822.23	114.89
822.41	136.59
822.59	115.30
822.78	113.45
822.96	116.32
823.14	105.47
823.32	111.40
823.50	96.66
823.68	81.91
823.86	113.86
824.05	105.88
824.23	90.31
824.41	106.28
824.59	99.12
824.77	82.12
824.95	88.47
825.13	82.53
825.32	79.46
825.50	72.29
825.68	102.39
825.86	98.71
826.04	114.89
826.22	85.40
826.40	118.37
826.58	81.91
826.77	91.33
826.95	106.69
827.13	105.06
827.31	88.26
827.49	95.64
827.67	96.66
827.85	99.94
828.03	95.43
828.22	81.09
828.40	97.27
828.58	84.58
828.76	119.80
828.94	83.76
829.12	120.21
829.30	96.25
829.48	95.43
829.66	94.61
829.84	70.04
830.03	82.94
830.21	92.36
830.39	84.37
830.57	104.65
830.75	101.78
830.93	69.01
831.11	89.49
831.29	74.54
831.47	71.67
831.65	92.15
831.83	105.26
832.02	99.94
832.20	103.62
832.38	75.77
832.56	56.72
832.74	73.93
832.92	73.11
833.10	77.00
833.28	66.76
833.46	74.75
833.64	66.76
833.82	67.78
834.00	62.25
834.18	56.11
834.36	74.34
834.54	55.49
834.73	81.30
834.91	57.54
835.09	77.41
835.27	60.21
835.45	48.12
835.63	58.16
835.81	62.66
835.99	57.13
836.17	66.55
836.35	83.55
836.53	42.59
836.71	42.39
836.89	76.59
837.07	50.99
837.25	44.03
837.43	54.88
837.61	71.06
837.79	49.97
837.97	36.24
838.15	35.83
838.33	32.35
838.51	42.39
838.69	64.92
838.87	44.64
839.05	41.77
839.23	40.14
839.41	36.65
839.59	36.86
839.78	41.16
839.96	42.59
840.14	51.81
840.32	14.33
840.50	49.15
840.68	40.34
840.86	41.36
841.04	26.62
841.22	25.19
841.40	49.76
841.58	41.16
841.76	30.51
841.94	17.20
842.12	31.94
842.30	25.80
842.48	35.02
842.66	27.64
842.84	19.86
843.02	43.21
843.20	22.11
843.38	28.05
843.55	13.31
843.73	42.18
843.91	9.62
844.09	5.93
844.27	17.20
844.45	16.79
844.63	22.73
844.81	6.14
844.99	26.41
845.17	27.64
845.35	35.22
845.53	-2.05
845.71	37.06
845.89	3.48
846.07	34.81
846.25	42.18
846.43	37.88
846.61	31.74
846.79	18.43
846.97	9.01
847.15	32.15
847.33	32.97
847.51	11.67
847.69	19.86
847.87	35.42
848.05	18.22
848.23	-4.31
848.41	43.62
848.58	14.54
848.76	21.70
848.94	11.67
849.12	41.16
849.30	12.49
849.48	-0.00
849.66	3.89
849.84	41.98
850.02	13.31
850.20	22.52
850.38	23.34
850.56	17.20
850.74	30.51
850.92	-1.23
851.10	-10.65
851.27	24.37
851.45	20.88
851.63	45.26
851.81	11.05
851.99	24.98
852.17	21.29
852.35	36.86
852.53	39.52
852.71	5.93
852.89	45.66
853.07	14.33
853.24	20.47
853.42	26.00
853.60	19.86
853.78	36.45
853.96	-22.74
854.14	18.22
854.32	32.35
854.50	18.63
854.68	27.64
854.86	26.41
855.03	4.30
855.21	18.63
855.39	40.95
855.57	24.57
855.75	7.98
855.93	68.81
856.11	-11.47
856.29	35.42
856.47	11.46
856.64	16.58
856.82	7.37
857.00	41.57
857.18	27.64
857.36	20.68
857.54	15.15
857.72	15.76
857.90	2.66
858.07	21.70
858.25	9.83
858.43	4.50
858.61	36.45
858.79	14.13
858.97	13.31
859.15	19.25
859.32	2.04
859.50	39.11
859.68	15.56
859.86	33.38
860.04	31.12
860.22	40.75
860.40	5.73
860.57	-5.53
860.75	12.08
860.93	13.92
861.11	10.23
861.29	32.76
861.47	-15.98
861.64	51.60
861.82	4.91
862.00	13.51
862.18	17.61
862.36	26.21
862.54	4.91
862.71	13.51
862.89	20.47
863.07	15.76
863.25	11.87
863.43	1.43
863.61	-7.38
863.78	8.19
863.96	16.17
864.14	7.78
864.32	24.98
864.50	-2.87
864.67	29.08
864.85	24.98
865.03	42.18
865.21	28.26
865.39	17.20
865.57	-5.74
865.74	8.60
865.92	-3.08
866.10	21.09
866.28	10.03
866.46	14.95
866.63	31.53
866.81	10.23
866.99	35.63
867.17	-6.56
867.34	9.01
867.52	-7.99
867.70	12.69
867.88	24.16
868.06	26.41
868.23	13.31
868.41	41.16
868.59	26.21
868.77	4.09
868.95	5.93
869.12	3.68
869.30	18.63
869.48	32.56
869.66	3.68
869.83	4.71
870.01	22.52
870.19	-1.85
870.37	13.51
870.55	20.88
870.72	27.44
870.90	37.88
871.08	2.04
871.26	48.53
871.43	11.26
871.61	30.92
871.79	24.57
871.97	25.80
872.14	59.18
872.32	36.65
872.50	11.67
872.68	13.51
872.85	-13.11
873.03	22.11
873.21	32.56
873.39	4.50
873.56	5.52
873.74	48.33
873.92	20.68
874.10	7.57
874.27	6.14
874.45	7.16
874.63	14.95
874.80	10.03
874.98	10.85
875.16	3.68
875.34	20.07
875.51	17.40
875.69	20.88
875.87	12.90
876.05	-3.90
876.22	-5.74
876.40	24.57
876.58	9.62
876.75	9.83
876.93	24.78
877.11	3.27
877.29	-5.33
877.46	27.03
877.64	34.40
877.82	-25.19
877.99	8.39
878.17	16.38
878.35	26.82
878.52	26.00
878.70	23.96
878.88	7.16
879.06	31.33
879.23	6.55
879.41	23.34
879.59	23.14
879.76	18.84
879.94	-2.87
880.12	37.06
880.29	18.02
880.47	-2.87
880.65	13.51
880.82	15.76
881.00	14.13
881.18	14.74
881.36	2.86
881.53	6.14
881.71	20.47
881.89	5.52
882.06	11.46
882.24	31.12
882.42	-3.90
882.59	16.99
882.77	27.23
882.95	10.44
883.12	18.84
883.30	12.28
883.48	0.61
883.65	1.63
883.83	23.14
884.01	5.73
884.18	-6.76
884.36	6.96
884.54	26.82
884.71	-0.00
884.89	14.54
885.06	7.98
885.24	26.21
885.42	25.80
885.59	13.31
885.77	8.80
885.95	2.25
886.12	31.53
886.30	20.27
886.48	15.15
886.65	15.97
886.83	38.91
887.01	-3.49
887.18	29.28
887.36	25.80
887.53	11.67
887.71	4.09
887.89	11.05
888.06	3.27
888.24	7.57
888.42	17.40
888.59	-2.87
888.77	10.03
888.94	12.90
889.12	3.89
889.30	21.70
889.47	-13.32
889.65	27.03
889.82	12.49
890.00	29.69
890.18	-7.79
890.35	12.28
890.53	35.22
890.71	8.39
890.88	18.43
891.06	36.65
891.23	15.76
891.41	25.59
891.59	-6.15
891.76	20.68
891.94	18.63
892.11	14.13
892.29	0.20
892.46	31.74
892.64	4.71
892.82	13.92
892.99	3.27
893.17	26.00
893.34	-2.46
893.52	10.85
893.70	8.19
893.87	-6.15
894.05	17.40
894.22	-4.51
894.40	15.97
894.57	8.39
894.75	25.39
894.93	1.02
895.10	8.39
895.28	11.87
895.45	14.13
895.63	20.07
895.80	12.90
895.98	0.61
896.16	13.72
896.33	27.44
896.51	9.21
896.68	34.40
896.86	21.29
897.03	38.91
897.21	26.21
897.38	-1.23
897.56	22.11
897.74	30.10
897.91	14.33
898.09	5.11
898.26	36.65
898.44	18.84
898.61	28.46
898.79	19.25
898.96	25.19
899.14	15.35
899.31	11.67
899.49	27.23
899.67	17.40
899.84	18.84
900.02	11.46
900.19	-9.02
900.37	8.80
900.54	28.46
900.72	0.81
900.89	20.88
901.07	-0.41
901.24	33.58
901.42	-17.41
901.59	7.16
901.77	17.20
901.94	19.04
902.12	16.38
902.29	18.02
902.47	-8.20
902.64	7.78
902.82	9.62
902.99	13.10
903.17	-2.67
903.34	42.39
903.52	31.74
903.69	4.71
903.87	4.50
904.04	15.56
904.22	21.91
904.39	34.61
904.57	33.99
904.74	-0.62
904.92	2.86
905.09	17.61
905.27	10.44
905.44	26.82
905.62	7.98
905.79	37.68
905.97	8.39
906.14	12.28
906.32	21.70
906.49	13.10
906.67	0.40
906.84	5.11
907.02	15.76
907.19	34.20
907.37	15.15
907.54	35.83
907.72	19.86
907.89	4.30
908.06	-10.45
908.24	32.35
908.41	13.10
908.59	14.74
908.76	10.23
908.94	18.22
909.11	42.80
909.29	22.32
909.46	41.77
909.64	35.83
909.81	29.69
909.99	-2.26
910.16	-11.47
910.33	16.79
910.51	-3.08
910.68	-14.14
910.86	-7.17
911.03	15.15
911.21	-10.45
911.38	25.39
911.56	6.55
911.73	20.27
911.90	26.82
912.08	-6.35
912.25	23.96
912.43	2.45
912.60	4.91
912.78	-1.03
912.95	-14.34
913.12	3.48
913.30	4.30
913.47	-7.79
913.65	20.07
913.82	1.02
914.00	13.31
914.17	-7.58
914.34	40.54
914.52	1.63
914.69	19.86
914.87	18.22
915.04	15.15
915.21	10.85
915.39	23.14
915.56	20.68
915.74	-9.84
915.91	23.55
916.08	3.07
916.26	31.53
916.43	35.83
916.61	10.03
916.78	-0.82
916.95	5.73
917.13	22.11
917.30	2.04
917.48	-7.17
917.65	16.79
917.82	7.57
918.00	13.51
918.17	6.96
918.35	19.45
918.52	9.21
918.69	4.50
918.87	23.96
919.04	16.99
919.22	10.03
919.39	18.84
919.56	10.85
919.74	37.06
919.91	24.37
920.08	12.08
920.26	14.54
920.43	4.50
920.61	9.21
920.78	3.48
920.95	26.21
921.13	4.71
921.30	20.47
921.47	19.45
921.65	37.88
921.82	16.17
921.99	13.92
922.17	25.80
922.34	42.18
922.51	-34.21
922.69	14.33
922.86	-0.62
923.04	-5.94
923.21	4.50
923.38	1.22
923.56	10.64
923.73	-2.46
923.90	5.73
924.08	8.19
924.25	9.01
924.42	23.55
924.60	6.75
924.77	6.55
924.94	15.15
925.12	6.14
925.29	24.37
925.46	-2.87
925.64	14.33
925.81	16.79
925.98	23.75
926.16	16.17
926.33	14.95
926.50	7.78
926.68	7.78
926.85	-2.87
927.02	15.15
927.19	8.39
927.37	17.61
927.54	38.29
927.71	8.60
927.89	5.52
928.06	12.08
928.23	-0.00
928.41	35.42
928.58	35.22
928.75	-8.20
928.93	-6.97
929.10	6.96
929.27	15.56
929.44	12.69
929.62	37.27
929.79	11.87
929.96	8.80
930.14	-8.40
930.31	10.85
930.48	30.10
930.66	35.83
930.83	38.70
931.00	-1.44
931.17	12.90
931.35	-4.31
931.52	9.62
931.69	18.22
931.87	6.14
932.04	7.16
932.21	31.74
932.38	15.15
932.56	22.52
932.73	11.26
932.90	32.15
933.07	24.16
933.25	13.72
933.42	-9.02
933.59	3.48
933.77	-0.21
933.94	12.08
934.11	11.87
934.28	0.40
934.46	10.03
934.63	17.61
934.80	13.72
934.97	14.74
935.15	-7.99
935.32	44.23
935.49	15.15
935.66	34.61
935.84	10.44
936.01	16.99
936.18	24.98
936.35	8.60
936.53	41.16
936.70	14.54
936.87	10.23
937.04	11.87
937.22	13.10
937.39	32.97
937.56	41.36
937.73	23.96
937.91	29.49
938.08	20.88
938.25	23.14
938.42	23.34
938.59	4.30
938.77	7.16
938.94	19.86
939.11	-0.00
939.28	19.45
939.46	9.62
939.63	4.50
939.80	9.62
939.97	25.19
940.14	7.78
940.32	24.16
940.49	1.43
940.66	38.91
940.83	29.90
941.00	5.93
941.18	-0.62
941.35	-1.03
941.52	17.40
941.69	27.23
941.87	25.39
942.04	7.16
942.21	11.46
942.38	33.38
942.55	36.65
942.73	16.38
942.90	27.85
943.07	-9.84
943.24	20.47
943.41	-9.22
943.58	39.11
943.76	17.20
943.93	38.09
944.10	17.61
944.27	25.80
944.44	-1.44
944.62	18.22
944.79	9.42
944.96	-4.72
945.13	23.75
945.30	2.86
945.47	-2.05
945.65	11.05
945.82	10.64
945.99	48.33
946.16	35.42
946.33	5.93
946.50	-2.05
946.68	9.01
946.85	15.56
947.02	24.98
947.19	24.37
947.36	32.35
947.53	29.28
947.71	10.23
947.88	32.76
948.05	18.43
948.22	-7.38
948.39	12.08
948.56	12.08
948.74	20.07
948.91	19.86
949.08	33.38
949.25	25.80
949.42	-9.02
949.59	31.53
949.76	18.84
949.94	5.32
950.11	-2.05
950.28	9.83
950.45	-5.12
950.62	-12.70
950.79	14.13
950.96	1.22
951.14	-1.03
951.31	-0.00
951.48	11.67
951.65	21.50
951.82	19.86
951.99	27.85
952.16	32.56
952.33	32.56
952.51	31.53
952.68	5.93
952.85	18.02
953.02	30.71
953.19	26.41
953.36	26.21
953.53	-16.80
953.70	0.20
953.87	41.36
954.05	23.34
954.22	38.09
954.39	7.37
954.56	7.98
954.73	32.35
954.90	11.67
955.07	-3.28
955.24	27.03
955.41	18.22
955.58	28.87
955.76	-12.91
955.93	12.49
956.10	-8.81
956.27	29.69
956.44	24.57
956.61	19.86
956.78	18.22
956.95	20.07
957.12	11.46
957.29	-9.02
957.46	25.59
957.64	5.52
957.81	11.46
957.98	24.98
958.15	29.28
958.32	-5.12
958.49	24.78
958.66	-2.46
958.83	39.73
959.00	23.14
959.17	0.20
959.34	26.82
959.51	24.37
959.68	36.24
959.85	19.25
960.03	28.87
960.20	-4.51
960.37	34.40
960.54	10.03
960.71	16.79
960.88	45.87
961.05	16.17
961.22	11.26
961.39	22.32
961.56	33.38
961.73	27.03
961.90	2.04
962.07	10.23
962.24	5.52
962.41	-5.74
962.58	-4.31
962.75	20.47
962.92	14.33
963.09	6.55
963.26	-4.92
963.44	28.05
963.61	4.50
963.78	-8.20
963.95	13.51
964.12	4.71
964.29	3.68
964.46	7.16
964.63	-8.40
964.80	22.11
964.97	-4.51
965.14	19.86
965.31	20.07
965.48	14.13
965.65	23.96
965.82	6.55
965.99	1.02
966.16	7.37
966.33	3.48
966.50	20.27
966.67	6.75
966.84	16.99
967.01	8.19
967.18	43.82
967.35	5.52
967.52	6.55
967.69	1.22
967.86	4.91
968.03	43.41
968.20	3.68
968.37	-1.03
968.54	24.37
968.71	9.62
968.88	31.33
969.05	1.84
969.22	31.53
969.39	6.96
969.56	28.46
969.73	9.01
969.90	-5.53
970.07	-7.79
970.24	9.42
970.41	-4.51
970.58	25.39
970.75	34.40
970.92	19.86
971.09	24.78
971.26	6.55
971.43	3.89
971.60	34.61
971.77	-9.63
971.94	14.33
972.11	18.84
972.28	-2.87
972.45	4.91
972.62	3.48
972.79	20.68
972.96	23.96
973.12	20.68
973.29	-8.20
973.46	19.25
973.63	6.75
973.80	8.39
973.97	-1.23
974.14	11.46
974.31	-0.00
974.48	28.46
974.65	-1.85
974.82	5.52
974.99	19.86
975.16	21.91
975.33	-0.21
975.50	6.55
975.67	23.96
975.84	28.67
976.01	-1.23
976.18	38.91
976.35	21.09
976.51	13.31
976.68	9.83
976.85	7.37
977.02	21.91
977.19	14.33
977.36	-3.69
977.53	16.58
977.70	12.69
977.87	9.21
978.04	26.00
978.21	19.66
978.38	22.52
978.55	3.27
978.72	-4.31
978.88	7.57
979.05	5.93
979.22	16.79
979.39	2.66
979.56	4.91
979.73	20.47
979.90	16.17
980.07	40.54
980.24	16.58
980.41	12.28
980.58	41.57
980.75	26.62
980.91	30.10
981.08	-3.90
981.25	21.70
981.42	25.80
981.59	5.11
981.76	20.88
981.93	9.83
982.10	19.66
982.27	7.78
982.44	16.99
982.60	-3.49
982.77	19.66
982.94	14.95
983.11	9.21
983.28	7.16
983.45	11.05
983.62	0.61
983.79	19.86
983.95	31.94
984.12	21.29
984.29	0.20
984.46	21.50
984.63	14.74
984.80	12.28
984.97	6.14
985.14	9.62
985.30	7.37
985.47	28.67
985.64	30.10
985.81	16.17
985.98	27.85
986.15	7.98
986.32	23.14
986.49	-4.10
986.65	11.05
986.82	23.96
986.99	-0.82
987.16	-6.35
987.33	14.33
987.50	21.29
987.67	-11.27
987.83	-17.00
988.00	23.96
988.17	32.15
988.34	26.00
988.51	6.34
988.68	11.67
988.84	-4.31
989.01	5.32
989.18	10.85
989.35	31.12
989.52	-4.31
989.69	26.82
989.86	20.27
990.02	28.67
990.19	20.47
990.36	-0.41
990.53	45.05
990.70	-1.23
990.87	44.64
991.03	-2.05
991.20	-8.81
991.37	19.86
991.54	4.30
991.71	13.92
991.87	27.64
992.04	-9.63
992.21	39.73
992.38	14.74
992.55	34.20
992.72	-4.10
992.88	11.26
993.05	-11.88
993.22	18.02
993.39	23.34
993.56	12.90
993.72	27.64
993.89	-0.21
994.06	26.82
994.23	5.32
994.40	18.22
994.56	-7.79
994.73	12.28
994.90	6.14
995.07	5.11
995.24	32.97
995.40	29.90
995.57	19.66
995.74	24.57
995.91	14.74
996.08	21.70
996.24	10.23
996.41	0.40
996.58	29.49
996.75	2.45
996.92	-5.12
997.08	5.32
997.25	17.20
997.42	10.23
997.59	14.13
997.75	21.91
997.92	22.93
998.09	0.81
998.26	2.04
998.43	11.46
998.59	0.40
998.76	-2.26
998.93	-2.67
999.10	-1.85
999.26	-0.82
999.43	1.02
999.60	21.70
999.77	51.81
999.93	19.04
1000.10	4.30
1000.27	6.55
1000.44	0.61
1000.60	29.69
1000.77	-5.94
1000.94	18.22
1001.11	19.25
1001.28	10.85
1001.44	18.43
1001.61	20.27
1001.78	6.96
1001.95	17.40
1002.11	17.40
1002.28	12.49
1002.45	12.28
1002.61	12.49
1002.78	13.72
1002.95	16.38
1003.12	9.62
1003.28	15.97
1003.45	-5.94
1003.62	0.40
1003.79	14.33
1003.95	6.75
1004.12	13.31
1004.29	6.14
1004.46	17.61
1004.62	-4.31
1004.79	-1.85
1004.96	33.38
1005.12	4.71
1005.29	13.92
1005.46	27.85
1005.63	32.76
1005.79	10.23
1005.96	6.96
1006.13	16.99
1006.29	40.54
1006.46	-3.28
1006.63	10.03
1006.80	20.68
1006.96	17.40
1007.13	12.08
1007.30	-7.58
1007.46	30.30
1007.63	9.83
1007.80	2.86
1007.97	38.91
1008.13	-12.50
1008.30	-14.55
1008.47	16.38
1008.63	-4.51
1008.80	26.00
1008.97	13.72
1009.13	8.60
1009.30	18.22
1009.47	13.72
1009.64	39.11
1009.80	-3.28
1009.97	18.84
1010.14	7.98
1010.30	14.33
1010.47	-15.98
1010.64	13.31
1010.80	39.32
1010.97	-10.45
1011.14	-8.20
1011.30	23.96
1011.47	2.45
1011.64	29.69
1011.80	5.11
1011.97	3.89
1012.14	19.45
1012.30	14.95
1012.47	3.89
1012.64	29.90
1012.80	30.30
1012.97	43.00
1013.14	15.56
1013.30	45.46
1013.47	19.45
1013.64	15.56
1013.80	25.39
1013.97	10.85
1014.14	4.30
1014.30	2.04
1014.47	5.52
1014.64	18.63
1014.80	10.44
1014.97	30.51
1015.14	4.09
1015.30	52.42
1015.47	-6.97
1015.64	15.56
1015.80	37.47
1015.97	7.16
1016.13	4.71
1016.30	15.15
1016.47	6.34
1016.63	12.08
1016.80	-12.09
1016.97	15.15
1017.13	3.48
1017.30	28.87
1017.47	34.61
1017.63	6.55
1017.80	29.08
1017.96	0.40
1018.13	30.10
1018.30	35.02
1018.46	25.39
1018.63	2.86
1018.80	23.34
1018.96	8.39
1019.13	18.02
1019.29	19.86
1019.46	-1.85
1019.63	-11.47
1019.79	-5.53
1019.96	15.35
1020.13	13.51
1020.29	18.02
1020.46	6.96
1020.62	22.52
1020.79	33.38
1020.96	9.21
1021.12	12.90
1021.29	4.30
1021.45	10.03
1021.62	23.55
1021.79	24.37
1021.95	24.37
1022.12	6.96
1022.28	15.76
1022.45	16.99
1022.62	50.17
1022.78	19.45
1022.95	1.43
1023.11	27.64
1023.28	11.87
1023.45	8.80
1023.61	-5.53
1023.78	16.99
1023.94	32.15
1024.11	10.03
1024.27	35.63
1024.44	-10.04
1024.61	1.22
1024.77	11.26
1024.94	4.30
1025.10	5.93
1025.27	21.50
1025.43	29.28
1025.60	16.58
1025.77	39.93
1025.93	36.45
1026.10	1.02
1026.26	-7.38
1026.43	8.19
1026.59	26.21
1026.76	1.84
1026.93	23.96
1027.09	-4.92
1027.26	21.70
1027.42	30.71
1027.59	27.85
1027.75	0.40
1027.92	12.28
1028.08	8.60
1028.25	16.58
1028.42	-3.69
1028.58	15.76
1028.75	1.43
1028.91	-3.90
1029.08	7.16
1029.24	29.69
1029.41	6.96
1029.57	-17.41
1029.74	9.83
1029.91	12.69
1030.07	2.04
1030.24	20.88
1030.40	-17.21
1030.57	18.63
1030.73	18.22
1030.90	24.98
1031.06	12.08
1031.23	45.26
1031.39	13.92
1031.56	1.63
1031.72	7.16
1031.89	17.81
1032.05	27.44
1032.22	33.58
1032.38	23.75
1032.55	22.32
1032.72	35.63
1032.88	2.86
1033.05	5.11
1033.21	23.96
1033.38	14.74
1033.54	13.31
1033.71	22.32
1033.87	40.14
1034.04	13.51
1034.20	12.69
1034.37	29.49
1034.53	25.80
1034.70	24.16
1034.86	8.60
1035.03	7.37
1035.19	20.27
1035.36	29.49
1035.52	-10.86
1035.69	4.09
1035.85	35.83
1036.02	22.32
1036.18	11.67
1036.35	11.67
1036.51	19.45
1036.68	5.52
1036.84	21.70
1037.01	5.11
1037.17	1.84
1037.34	10.44
1037.50	18.84
1037.67	37.06
