File Dati SpectraSuite
++++++++++++++++++++++++++++++++++++
Data: Mon Feb 25 16:38:24 CET 2019
Utente: Studente
Spettro Scuro Presente: Si
Spettro di Riferimento Presente: No
Numero di Componenti Spettri Campionati: 1
Spettrometri: USB4F01341
Tempo di integrazione (usec): 19000 (USB4F01341)
Media Spettri: 10 (USB4F01341)
Appiattimento Boxcar: 0 (USB4F01341)
Correggi Oscurità Elettronica: Si (USB4F01341)
Strobo/Lampada Abilitato: No (USB4F01341)
Correct for Detector Non-linearity: No (USB4F01341)
Correggi Stray Light: No (USB4F01341)
Numero di Pixel nello Spettro Elaborato: 3648
>>>>>Comincia Dati dello Spettro Elaborati<<<<<
337,57	-19,57
337,79	-19,57
338,02	-19,57
338,24	-24,49
338,47	-7,28
338,69	13,20
338,92	-0,12
339,14	-0,53
339,36	-6,26
339,59	23,23
339,81	-6,87
340,04	19,95
340,26	16,88
340,49	-2,78
340,71	12,99
340,93	-13,22
341,16	10,74
341,38	-7,49
341,61	15,65
341,83	14,83
342,05	18,32
342,28	23,23
342,50	10,74
342,73	-6,47
342,95	26,51
343,17	8,48
343,40	30,40
343,62	-1,35
343,85	13,20
344,07	0,09
344,29	6,03
344,52	7,87
344,74	33,67
344,97	2,96
345,19	-17,93
345,41	28,96
345,64	-3,60
345,86	0,91
346,08	16,47
346,31	-8,31
346,53	8,08
346,76	10,53
346,98	18,93
347,20	-0,94
347,43	14,42
347,65	7,67
347,87	12,99
348,10	3,98
348,32	23,64
348,54	-6,26
348,77	22,00
348,99	7,05
349,21	15,04
349,44	23,64
349,66	21,39
349,88	9,30
350,11	-7,90
350,33	-1,55
350,55	27,94
350,78	4,39
351,00	16,06
351,22	15,45
351,45	-4,83
351,67	10,33
351,89	12,79
352,12	7,87
352,34	9,51
352,56	12,58
352,79	5,41
353,01	4,18
353,23	22,62
353,45	23,43
353,68	26,71
353,90	0,50
354,12	15,65
354,35	1,73
354,57	10,53
354,79	3,98
355,01	28,55
355,24	5,21
355,46	29,58
355,68	-2,37
355,91	15,24
356,13	11,35
356,35	19,95
356,57	-8,72
356,80	1,52
357,02	-12,20
357,24	10,33
357,46	16,06
357,69	9,30
357,91	18,93
358,13	27,12
358,35	-4,62
358,58	30,40
358,80	14,01
359,02	11,56
359,24	10,33
359,47	39,61
359,69	21,39
359,91	11,15
360,13	17,70
360,36	15,04
360,58	16,88
360,80	6,44
361,02	22,62
361,25	20,77
361,47	28,55
361,69	35,52
361,91	38,79
362,13	43,10
362,36	43,91
362,58	52,31
362,80	87,95
363,02	78,93
363,25	51,70
363,47	58,05
363,69	70,33
363,91	102,90
364,13	83,24
364,36	91,43
364,58	77,71
364,80	85,49
365,02	86,51
365,24	103,31
365,47	83,03
365,69	62,35
365,91	89,99
366,13	59,89
366,35	63,78
366,57	67,88
366,80	75,25
367,02	90,20
367,24	80,57
367,46	64,19
367,68	67,88
367,90	51,90
368,13	41,46
368,35	36,54
368,57	53,54
368,79	59,89
369,01	61,94
369,23	25,28
369,46	29,58
369,68	23,64
369,90	14,83
370,12	44,73
370,34	30,19
370,56	35,31
370,78	-3,19
371,01	23,43
371,23	26,92
371,45	26,71
371,67	23,64
371,89	25,48
372,11	12,79
372,33	14,22
372,56	2,14
372,78	28,76
373,00	25,07
373,22	31,01
373,44	10,12
373,66	14,83
373,88	6,03
374,10	-6,47
374,32	5,21
374,55	15,24
374,77	26,71
374,99	7,87
375,21	25,48
375,43	41,66
375,65	4,18
375,87	2,96
376,09	14,22
376,31	26,51
376,53	10,33
376,75	40,02
376,98	16,47
377,20	-0,53
377,42	0,29
377,64	-3,39
377,86	26,71
378,08	1,11
378,30	6,03
378,52	12,58
378,74	19,13
378,96	23,84
379,18	8,69
379,40	-9,33
379,62	29,58
379,84	10,53
380,07	28,55
380,29	36,75
380,51	-2,98
380,73	31,42
380,95	31,83
381,17	-0,12
381,39	11,97
381,61	1,52
381,83	-4,21
382,05	12,38
382,27	-9,33
382,49	35,31
382,71	5,00
382,93	21,80
383,15	7,05
383,37	22,82
383,59	16,68
383,81	13,81
384,03	-2,57
384,25	9,51
384,47	9,92
384,69	18,52
384,91	13,81
385,13	7,05
385,35	9,30
385,57	38,39
385,79	39,82
386,01	0,09
386,23	36,75
386,45	17,29
386,67	3,36
386,89	14,22
387,11	29,78
387,33	18,32
387,55	3,16
387,77	-5,65
387,99	26,71
388,21	11,35
388,43	0,50
388,65	16,68
388,87	20,36
389,09	25,48
389,31	26,51
389,53	3,57
389,75	-7,90
389,97	-0,53
390,19	14,22
390,41	15,65
390,63	19,13
390,85	-6,87
391,07	18,32
391,29	20,36
391,51	1,73
391,72	11,35
391,94	-0,73
392,16	0,91
392,38	12,38
392,60	-3,80
392,82	-5,65
393,04	17,09
393,26	-14,45
393,48	14,83
393,70	10,74
393,92	5,82
394,14	-1,35
394,36	2,34
394,58	27,74
394,80	6,64
395,01	12,79
395,23	30,81
395,45	28,76
395,67	15,65
395,89	2,14
396,11	12,38
396,33	5,00
396,55	33,27
396,77	3,77
396,99	21,39
397,21	5,41
397,42	5,82
397,64	0,50
397,86	-8,10
398,08	13,20
398,30	2,55
398,52	8,48
398,74	22,21
398,96	5,21
399,17	26,51
399,39	3,16
399,61	0,09
399,83	-4,83
400,05	11,35
400,27	7,46
400,49	19,13
400,71	10,53
400,92	9,30
401,14	16,88
401,36	14,63
401,58	22,00
401,80	28,96
402,02	5,62
402,24	26,10
402,45	26,51
402,67	23,84
402,89	17,91
403,11	26,30
403,33	26,10
403,55	17,29
403,76	7,87
403,98	23,23
404,20	-5,03
404,42	12,58
404,64	23,23
404,86	4,18
405,07	-8,92
405,29	27,74
405,51	-14,86
405,73	26,92
405,95	27,12
406,17	28,76
406,38	20,77
406,60	34,08
406,82	9,71
407,04	15,45
407,26	11,56
407,47	9,71
407,69	-3,60
407,91	13,81
408,13	26,92
408,35	32,86
408,56	14,01
408,78	11,56
409,00	-12,20
409,22	10,12
409,44	5,00
409,65	20,77
409,87	26,92
410,09	21,39
410,31	2,96
410,52	9,51
410,74	26,30
410,96	9,51
411,18	-12,40
411,40	15,65
411,61	6,44
411,83	29,78
412,05	12,38
412,27	14,83
412,48	-15,07
412,70	26,30
412,92	14,01
413,14	14,01
413,35	1,11
413,57	28,55
413,79	-7,08
414,01	13,60
414,22	7,67
414,44	-10,97
414,66	9,10
414,87	-5,85
415,09	-9,54
415,31	11,35
415,53	4,80
415,74	15,04
415,96	18,11
416,18	19,54
416,40	24,25
416,61	5,41
416,83	-15,27
417,05	26,92
417,26	1,32
417,48	8,28
417,70	8,08
417,92	22,82
418,13	18,52
418,35	13,40
418,57	3,98
418,78	8,89
419,00	32,65
419,22	31,42
419,43	40,64
419,65	8,28
419,87	17,91
420,09	-0,32
420,30	20,36
420,52	10,94
420,74	2,55
420,95	12,99
421,17	11,76
421,39	3,36
421,60	14,63
421,82	22,41
422,04	24,46
422,25	12,17
422,47	-15,68
422,69	11,15
422,90	-12,81
423,12	24,25
423,34	0,70
423,55	10,53
423,77	8,69
423,99	13,20
424,20	24,66
424,42	2,34
424,64	27,94
424,85	15,24
425,07	48,22
425,28	23,64
425,50	28,55
425,72	42,07
425,93	13,20
426,15	17,29
426,37	23,84
426,58	13,20
426,80	11,35
427,01	18,52
427,23	20,98
427,45	41,46
427,66	30,60
427,88	27,74
428,10	-11,59
428,31	-3,39
428,53	-5,85
428,74	9,10
428,96	18,72
429,18	9,51
429,39	0,50
429,61	19,95
429,82	15,24
430,04	33,47
430,26	9,30
430,47	2,34
430,69	15,45
430,90	15,86
431,12	10,53
431,34	39,00
431,55	3,16
431,77	30,19
431,98	-1,14
432,20	16,68
432,41	19,75
432,63	13,40
432,85	-0,12
433,06	-0,94
433,28	9,10
433,49	21,18
433,71	5,00
433,92	-5,85
434,14	11,35
434,35	15,65
434,57	8,48
434,79	20,57
435,00	17,70
435,22	23,23
435,43	-2,37
435,65	12,58
435,86	-5,44
436,08	2,75
436,29	18,11
436,51	0,91
436,72	22,41
436,94	17,29
437,16	-4,01
437,37	15,04
437,59	10,94
437,80	33,06
438,02	18,11
438,23	33,47
438,45	16,27
438,66	23,43
438,88	24,46
439,09	21,80
439,31	-1,14
439,52	26,30
439,74	1,93
439,95	35,11
440,17	11,35
440,38	19,34
440,60	-9,13
440,81	17,70
441,03	-2,16
441,24	22,00
441,46	1,73
441,67	18,32
441,89	28,76
442,10	32,24
442,32	31,63
442,53	4,39
442,75	8,48
442,96	26,92
443,18	-5,03
443,39	15,04
443,61	12,58
443,82	24,66
444,04	0,29
444,25	18,11
444,46	16,27
444,68	2,75
444,89	4,59
445,11	12,99
445,32	35,31
445,54	6,44
445,75	20,36
445,97	31,63
446,18	23,64
446,40	-0,32
446,61	8,48
446,82	17,09
447,04	5,00
447,25	10,33
447,47	-4,62
447,68	-1,55
447,90	6,85
448,11	11,56
448,32	18,52
448,54	22,00
448,75	-7,28
448,97	3,16
449,18	10,53
449,40	27,53
449,61	1,11
449,82	1,11
450,04	-6,06
450,25	-3,39
450,47	-13,22
450,68	48,62
450,89	15,65
451,11	18,93
451,32	0,70
451,54	20,98
451,75	4,18
451,96	9,71
452,18	-8,31
452,39	13,60
452,61	21,39
452,82	27,94
453,03	1,11
453,25	11,56
453,46	23,84
453,68	13,40
453,89	25,07
454,10	42,48
454,32	-9,95
454,53	21,80
454,74	7,46
454,96	6,03
455,17	24,05
455,39	-0,53
455,60	15,04
455,81	17,50
456,03	14,42
456,24	17,29
456,45	-11,99
456,67	5,41
456,88	5,00
457,09	14,22
457,31	8,69
457,52	5,62
457,73	51,29
457,95	6,03
458,16	11,56
458,37	5,21
458,59	-0,53
458,80	6,23
459,01	20,57
459,23	28,76
459,44	15,86
459,65	36,13
459,87	25,07
460,08	15,65
460,29	5,21
460,51	5,82
460,72	43,30
460,93	22,21
461,15	16,06
461,36	25,48
461,57	-7,49
461,79	6,23
462,00	1,52
462,21	25,28
462,42	31,63
462,64	16,88
462,85	20,77
463,06	25,69
463,28	7,26
463,49	25,07
463,70	18,52
463,92	9,92
464,13	11,35
464,34	8,69
464,55	6,23
464,77	5,62
464,98	19,34
465,19	23,23
465,40	4,39
465,62	6,64
465,83	3,16
466,04	1,11
466,26	3,77
466,47	-3,60
466,68	-0,73
466,89	18,32
467,11	25,48
467,32	8,69
467,53	2,14
467,74	17,50
467,96	5,82
468,17	18,52
468,38	17,29
468,59	0,29
468,81	10,12
469,02	7,46
469,23	15,04
469,44	17,50
469,66	-6,06
469,87	10,33
470,08	8,28
470,29	12,38
470,50	13,20
470,72	9,51
470,93	13,81
471,14	-21,21
471,35	-3,39
471,57	2,14
471,78	26,92
471,99	12,99
472,20	-7,28
472,41	41,05
472,63	-1,96
472,84	3,77
473,05	-2,37
473,26	35,72
473,47	32,65
473,69	17,91
473,90	15,04
474,11	-0,94
474,32	21,39
474,53	11,56
474,75	12,17
474,96	4,39
475,17	28,35
475,38	-8,51
475,59	29,78
475,80	28,76
476,02	7,46
476,23	17,50
476,44	7,67
476,65	6,03
476,86	22,41
477,08	28,35
477,29	17,70
477,50	6,03
477,71	-17,52
477,92	22,00
478,13	4,18
478,34	44,53
478,56	-23,87
478,77	12,17
478,98	17,09
479,19	14,22
479,40	16,06
479,61	17,09
479,83	31,01
480,04	22,00
480,25	13,20
480,46	33,47
480,67	-0,53
480,88	6,23
481,09	14,22
481,30	0,70
481,52	0,50
481,73	10,12
481,94	26,10
482,15	14,63
482,36	6,85
482,57	17,70
482,78	4,59
482,99	16,47
483,21	23,03
483,42	19,34
483,63	21,39
483,84	16,47
484,05	19,54
484,26	20,98
484,47	19,13
484,68	27,53
484,89	11,97
485,10	24,05
485,32	-13,02
485,53	8,69
485,74	3,57
485,95	13,40
486,16	32,65
486,37	28,76
486,58	12,99
486,79	24,46
487,00	22,41
487,21	20,77
487,42	31,01
487,63	8,69
487,85	27,33
488,06	35,31
488,27	4,18
488,48	29,37
488,69	14,22
488,90	0,70
489,11	14,63
489,32	8,08
489,53	12,58
489,74	16,27
489,95	0,91
490,16	27,12
490,37	8,08
490,58	19,54
490,79	17,91
491,00	31,83
491,21	39,82
491,42	13,81
491,63	22,82
491,84	31,63
492,06	19,54
492,27	16,27
492,48	6,64
492,69	24,87
492,90	30,81
493,11	29,58
493,32	0,09
493,53	24,25
493,74	-0,32
493,95	12,79
494,16	-2,57
494,37	33,67
494,58	35,72
494,79	14,63
495,00	19,95
495,21	12,58
495,42	-3,60
495,63	17,91
495,84	34,90
496,05	35,72
496,26	22,41
496,47	23,64
496,68	29,17
496,89	25,07
497,10	14,83
497,31	34,29
497,52	17,91
497,73	28,76
497,94	23,03
498,15	20,98
498,36	47,81
498,57	15,86
498,78	16,27
498,98	21,80
499,19	40,02
499,40	-0,32
499,61	20,36
499,82	23,23
500,03	6,85
500,24	-2,57
500,45	2,14
500,66	25,69
500,87	33,27
501,08	26,71
501,29	43,30
501,50	-9,54
501,71	-3,19
501,92	37,36
502,13	8,48
502,34	25,89
502,55	19,13
502,76	11,56
502,97	18,72
503,17	29,58
503,38	19,75
503,59	20,98
503,80	24,46
504,01	14,63
504,22	17,50
504,43	42,48
504,64	16,47
504,85	33,67
505,06	20,98
505,27	4,59
505,48	34,08
505,68	34,08
505,89	11,56
506,10	25,69
506,31	18,52
506,52	8,89
506,73	5,21
506,94	18,11
507,15	29,58
507,36	12,58
507,57	17,29
507,77	29,37
507,98	7,87
508,19	3,77
508,40	-9,13
508,61	1,52
508,82	16,68
509,03	29,78
509,24	34,90
509,45	16,68
509,65	31,42
509,86	37,36
510,07	2,34
510,28	49,03
510,49	38,39
510,70	37,36
510,91	16,06
511,11	39,82
511,32	33,88
511,53	10,53
511,74	4,39
511,95	21,80
512,16	25,89
512,37	12,17
512,57	12,38
512,78	10,74
512,99	33,06
513,20	1,11
513,41	11,97
513,62	18,72
513,82	-2,57
514,03	23,43
514,24	37,77
514,45	34,49
514,66	16,68
514,87	9,71
515,07	22,00
515,28	33,67
515,49	11,15
515,70	22,41
515,91	40,43
516,11	28,96
516,32	8,08
516,53	22,21
516,74	23,84
516,95	6,85
517,16	28,55
517,36	44,73
517,57	18,32
517,78	26,92
517,99	11,56
518,20	26,92
518,40	9,71
518,61	38,79
518,82	8,89
519,03	22,00
519,23	21,18
519,44	19,34
519,65	4,18
519,86	26,92
520,07	30,60
520,27	31,01
520,48	2,55
520,69	15,04
520,90	19,95
521,10	25,07
521,31	-2,98
521,52	32,24
521,73	22,21
521,94	31,83
522,14	32,04
522,35	31,83
522,56	10,53
522,77	43,91
522,97	0,09
523,18	43,30
523,39	16,88
523,60	14,83
523,80	22,00
524,01	0,70
524,22	17,91
524,43	12,17
524,63	-8,51
524,84	22,41
525,05	22,00
525,25	31,63
525,46	20,77
525,67	26,51
525,88	9,92
526,08	32,24
526,29	10,53
526,50	15,45
526,71	19,54
526,91	21,59
527,12	22,41
527,33	10,53
527,53	5,41
527,74	-7,28
527,95	7,26
528,16	14,83
528,36	5,82
528,57	27,94
528,78	3,16
528,98	18,72
529,19	-14,86
529,40	10,94
529,60	1,32
529,81	37,36
530,02	24,66
530,22	21,59
530,43	16,47
530,64	18,11
530,85	21,80
531,05	23,03
531,26	40,02
531,47	12,17
531,67	30,40
531,88	39,00
532,09	22,21
532,29	6,85
532,50	5,82
532,71	-0,94
532,91	16,68
533,12	13,40
533,33	17,29
533,53	26,30
533,74	21,59
533,95	29,78
534,15	26,51
534,36	17,09
534,56	20,98
534,77	36,34
534,98	0,29
535,18	27,33
535,39	23,23
535,60	26,71
535,80	23,23
536,01	12,17
536,22	27,33
536,42	28,55
536,63	18,72
536,83	-0,53
537,04	24,66
537,25	17,70
537,45	13,60
537,66	15,65
537,87	19,75
538,07	32,65
538,28	20,98
538,48	15,24
538,69	5,41
538,90	22,62
539,10	30,81
539,31	27,53
539,51	14,83
539,72	22,62
539,93	11,76
540,13	46,78
540,34	17,91
540,54	9,51
540,75	9,92
540,96	30,40
541,16	21,18
541,37	23,23
541,57	23,64
541,78	15,45
541,99	1,11
542,19	30,40
542,40	31,42
542,60	5,21
542,81	23,03
543,01	21,59
543,22	31,83
543,43	26,30
543,63	20,36
543,84	27,12
544,04	30,81
544,25	61,53
544,45	26,92
544,66	8,28
544,87	26,71
545,07	29,99
545,28	11,97
545,48	37,77
545,69	12,99
545,89	23,43
546,10	28,35
546,30	26,10
546,51	12,99
546,71	32,24
546,92	24,87
547,13	27,12
547,33	26,92
547,54	49,85
547,74	0,09
547,95	27,12
548,15	7,26
548,36	35,31
548,56	23,64
548,77	29,78
548,97	25,69
549,18	29,17
549,38	10,53
549,59	16,88
549,79	25,69
550,00	42,28
550,20	12,79
550,41	23,23
550,61	35,72
550,82	23,64
551,02	17,29
551,23	10,74
551,43	22,62
551,64	31,01
551,84	24,46
552,05	18,11
552,25	16,27
552,46	19,75
552,66	32,86
552,87	54,15
553,07	14,22
553,28	32,86
553,48	16,27
553,69	40,02
553,89	4,39
554,10	40,23
554,30	34,70
554,51	35,11
554,71	24,66
554,92	5,62
555,12	5,21
555,32	19,13
555,53	12,99
555,73	18,52
555,94	34,29
556,14	42,28
556,35	24,46
556,55	8,48
556,76	26,92
556,96	18,72
557,17	19,54
557,37	8,69
557,57	30,19
557,78	22,82
557,98	11,56
558,19	29,78
558,39	9,10
558,60	31,63
558,80	16,06
559,00	16,88
559,21	34,08
559,41	29,37
559,62	29,58
559,82	36,34
560,03	37,77
560,23	51,70
560,43	37,77
560,64	40,23
560,84	31,83
561,05	48,42
561,25	27,53
561,45	28,15
561,66	1,52
561,86	33,06
562,07	22,62
562,27	17,09
562,47	8,28
562,68	31,22
562,88	27,12
563,09	26,30
563,29	3,98
563,49	14,42
563,70	32,04
563,90	44,94
564,11	13,20
564,31	32,86
564,51	27,12
564,72	39,61
564,92	19,95
565,12	22,21
565,33	32,24
565,53	21,18
565,74	16,27
565,94	29,58
566,14	14,83
566,35	38,59
566,55	13,60
566,75	23,03
566,96	15,45
567,16	24,05
567,36	30,40
567,57	44,12
567,77	24,05
567,98	18,72
568,18	12,58
568,38	8,08
568,59	34,49
568,79	17,29
568,99	33,88
569,20	48,01
569,40	-8,31
569,60	7,05
569,81	56,20
570,01	28,55
570,21	19,13
570,42	20,77
570,62	38,18
570,82	14,63
571,03	14,83
571,23	20,16
571,43	38,79
571,63	10,74
571,84	19,54
572,04	43,10
572,24	24,25
572,45	30,19
572,65	12,58
572,85	20,36
573,06	17,70
573,26	38,18
573,46	12,58
573,67	5,00
573,87	20,98
574,07	28,15
574,27	25,07
574,48	27,12
574,68	18,52
574,88	20,16
575,09	20,36
575,29	24,87
575,49	19,34
575,69	55,79
575,90	11,15
576,10	32,65
576,30	24,46
576,51	28,76
576,71	29,17
576,91	46,17
577,11	32,04
577,32	24,05
577,52	23,84
577,72	40,02
577,92	28,55
578,13	21,59
578,33	21,39
578,53	30,40
578,73	20,77
578,94	36,95
579,14	3,36
579,34	25,07
579,54	36,75
579,75	29,58
579,95	21,80
580,15	51,70
580,35	47,60
580,56	15,65
580,76	9,71
580,96	42,89
581,16	26,30
581,37	36,95
581,57	8,28
581,77	39,82
581,97	12,79
582,17	43,30
582,38	5,21
582,58	16,47
582,78	9,51
582,98	34,49
583,19	25,48
583,39	13,40
583,59	-7,28
583,79	19,54
583,99	30,60
584,20	33,88
584,40	25,07
584,60	31,01
584,80	9,92
585,00	48,01
585,21	20,57
585,41	57,23
585,61	32,86
585,81	37,16
586,01	21,39
586,22	32,04
586,42	11,15
586,62	25,48
586,82	30,81
587,02	27,12
587,22	34,08
587,43	28,35
587,63	-1,76
587,83	29,99
588,03	32,04
588,23	28,76
588,43	17,29
588,64	27,74
588,84	38,59
589,04	-5,03
589,24	30,81
589,44	38,79
589,64	39,00
589,85	34,49
590,05	27,12
590,25	14,63
590,45	17,09
590,65	3,98
590,85	36,75
591,05	25,48
591,26	16,47
591,46	26,71
591,66	44,12
591,86	41,87
592,06	50,47
592,26	25,28
592,46	12,38
592,67	42,28
592,87	32,04
593,07	25,28
593,27	34,90
593,47	39,61
593,67	44,53
593,87	13,20
594,07	8,48
594,28	29,78
594,48	25,48
594,68	23,43
594,88	35,72
595,08	24,05
595,28	40,84
595,48	46,78
595,68	38,79
595,88	17,70
596,08	7,87
596,29	17,70
596,49	17,09
596,69	11,35
596,89	17,50
597,09	22,41
597,29	42,48
597,49	14,42
597,69	19,95
597,89	25,07
598,09	8,89
598,29	15,86
598,50	16,06
598,70	28,35
598,90	10,74
599,10	28,55
599,30	5,21
599,50	34,90
599,70	36,34
599,90	26,71
600,10	26,51
600,30	10,12
600,50	32,24
600,70	18,72
600,90	10,74
601,10	22,41
601,30	42,28
601,50	15,04
601,71	5,82
601,91	21,80
602,11	15,45
602,31	41,66
602,51	16,27
602,71	31,63
602,91	27,94
603,11	22,62
603,31	23,03
603,51	23,03
603,71	19,34
603,91	25,89
604,11	8,69
604,31	14,63
604,51	-6,06
604,71	32,04
604,91	15,04
605,11	20,77
605,31	12,38
605,51	34,49
605,71	36,75
605,91	29,58
606,11	9,10
606,31	23,64
606,51	36,13
606,71	28,76
606,91	25,07
607,11	22,00
607,31	23,23
607,51	30,40
607,71	28,55
607,91	4,59
608,11	3,98
608,31	11,35
608,51	30,19
608,71	38,39
608,91	28,15
609,11	16,47
609,31	27,33
609,51	28,76
609,71	8,69
609,91	44,73
610,11	28,96
610,31	2,55
610,51	30,81
610,71	19,75
610,91	19,75
611,11	15,45
611,31	18,93
611,51	6,23
611,71	29,78
611,91	27,74
612,11	5,21
612,31	5,62
612,51	16,68
612,71	20,16
612,90	20,77
613,10	32,24
613,30	37,77
613,50	22,21
613,70	22,21
613,90	15,04
614,10	10,94
614,30	11,35
614,50	27,12
614,70	30,19
614,90	5,21
615,10	23,43
615,30	42,28
615,50	32,24
615,70	3,57
615,90	32,45
616,09	27,53
616,29	36,13
616,49	20,16
616,69	28,96
616,89	10,53
617,09	33,67
617,29	5,62
617,49	23,23
617,69	41,46
617,89	1,11
618,09	8,28
618,28	25,48
618,48	5,62
618,68	30,81
618,88	5,00
619,08	24,25
619,28	12,58
619,48	19,54
619,68	28,15
619,88	11,76
620,08	6,03
620,27	10,33
620,47	-4,42
620,67	16,27
620,87	22,82
621,07	22,41
621,27	28,15
621,47	24,05
621,67	6,23
621,86	9,71
622,06	24,87
622,26	35,93
622,46	35,72
622,66	25,48
622,86	24,25
623,06	23,23
623,25	19,13
623,45	41,25
623,65	-1,14
623,85	27,12
624,05	22,00
624,25	20,77
624,45	17,70
624,64	-1,55
624,84	15,04
625,04	5,82
625,24	26,30
625,44	34,29
625,64	10,94
625,83	31,01
626,03	20,16
626,23	23,84
626,43	23,03
626,63	25,89
626,83	6,64
627,02	26,30
627,22	21,80
627,42	34,70
627,62	36,75
627,82	20,98
628,02	28,55
628,21	32,65
628,41	23,84
628,61	22,21
628,81	17,50
629,01	20,57
629,20	22,82
629,40	25,07
629,60	8,28
629,80	18,32
630,00	26,92
630,19	20,16
630,39	15,65
630,59	48,83
630,79	30,19
630,99	22,62
631,18	8,89
631,38	13,20
631,58	31,83
631,78	24,66
631,98	26,51
632,17	34,70
632,37	15,04
632,57	28,55
632,77	41,25
632,96	15,04
633,16	35,31
633,36	38,39
633,56	39,41
633,76	21,59
633,95	26,10
634,15	25,89
634,35	27,12
634,55	36,54
634,74	31,42
634,94	37,98
635,14	2,14
635,34	39,41
635,53	38,79
635,73	40,84
635,93	14,83
636,13	37,16
636,32	27,53
636,52	16,68
636,72	26,10
636,92	32,65
637,11	33,47
637,31	42,07
637,51	32,86
637,70	40,02
637,90	41,87
638,10	24,87
638,30	29,58
638,49	20,36
638,69	13,20
638,89	26,92
639,09	30,81
639,28	27,12
639,48	30,60
639,68	36,95
639,87	37,57
640,07	0,50
640,27	34,29
640,47	40,64
640,66	31,42
640,86	31,63
641,06	24,05
641,25	33,88
641,45	22,82
641,65	21,59
641,84	22,00
642,04	19,75
642,24	23,64
642,44	26,10
642,63	28,35
642,83	32,65
643,03	30,60
643,22	15,86
643,42	21,39
643,62	14,63
643,81	33,27
644,01	3,77
644,21	50,26
644,40	46,58
644,60	28,55
644,80	37,16
644,99	35,11
645,19	43,10
645,39	53,54
645,58	57,23
645,78	33,27
645,98	31,63
646,17	36,95
646,37	28,15
646,57	26,30
646,76	17,29
646,96	17,50
647,16	26,51
647,35	39,82
647,55	22,21
647,75	39,82
647,94	38,59
648,14	46,37
648,33	38,18
648,53	0,70
648,73	23,43
648,92	57,02
649,12	38,18
649,32	21,39
649,51	16,88
649,71	30,40
649,90	47,81
650,10	46,58
650,30	17,70
650,49	33,27
650,69	22,62
650,89	30,19
651,08	77,09
651,28	42,69
651,47	33,27
651,67	55,59
651,87	37,57
652,06	39,00
652,26	23,23
652,45	57,43
652,65	37,77
652,85	32,65
653,04	31,83
653,24	45,35
653,43	33,67
653,63	50,67
653,83	44,94
654,02	22,41
654,22	25,48
654,41	41,87
654,61	30,40
654,81	17,50
655,00	57,64
655,20	26,10
655,39	41,87
655,59	56,82
655,78	35,72
655,98	22,21
656,18	32,04
656,37	39,00
656,57	38,79
656,76	27,53
656,96	40,43
657,15	32,65
657,35	24,46
657,55	46,99
657,74	46,37
657,94	33,06
658,13	58,05
658,33	29,78
658,52	24,25
658,72	22,21
658,91	44,73
659,11	33,06
659,30	60,09
659,50	35,31
659,70	42,28
659,89	26,30
660,09	37,16
660,28	13,81
660,48	23,64
660,67	24,46
660,87	40,43
661,06	61,73
661,26	30,19
661,45	40,84
661,65	25,69
661,84	47,81
662,04	45,55
662,23	39,82
662,43	30,81
662,62	40,23
662,82	34,90
663,01	20,57
663,21	51,08
663,41	32,04
663,60	43,71
663,80	27,74
663,99	46,99
664,19	36,95
664,38	44,32
664,58	8,28
664,77	26,10
664,97	47,81
665,16	32,04
665,35	42,07
665,55	24,25
665,74	48,62
665,94	51,90
666,13	30,19
666,33	57,23
666,52	45,55
666,72	58,66
666,91	33,06
667,11	45,35
667,30	18,93
667,50	51,90
667,69	35,93
667,89	50,67
668,08	58,25
668,28	43,10
668,47	49,03
668,67	49,65
668,86	39,61
669,05	18,72
669,25	37,57
669,44	28,55
669,64	28,96
669,83	31,42
670,03	21,18
670,22	43,10
670,42	35,31
670,61	37,36
670,81	52,31
671,00	34,90
671,19	40,43
671,39	60,91
671,58	52,31
671,78	50,06
671,97	23,84
672,17	52,93
672,36	34,49
672,55	44,53
672,75	13,20
672,94	43,71
673,14	40,64
673,33	56,41
673,53	39,41
673,72	17,29
673,91	45,76
674,11	64,80
674,30	104,74
674,50	35,31
674,69	35,52
674,88	31,22
675,08	45,14
675,27	52,93
675,47	44,12
675,66	44,53
675,85	35,31
676,05	36,54
676,24	25,69
676,44	31,22
676,63	44,94
676,82	49,03
677,02	61,94
677,21	51,70
677,41	32,65
677,60	57,23
677,79	56,00
677,99	69,72
678,18	47,81
678,37	40,43
678,57	39,82
678,76	30,60
678,96	53,95
679,15	51,29
679,34	70,13
679,54	39,61
679,73	25,07
679,92	59,07
680,12	28,15
680,31	36,75
680,51	59,07
680,70	40,84
680,89	60,09
681,09	43,10
681,28	45,14
681,47	59,48
681,67	63,58
681,86	52,11
682,05	63,37
682,25	48,22
682,44	27,53
682,63	57,64
682,83	48,01
683,02	56,20
683,21	71,97
683,41	72,79
683,60	50,67
683,79	71,56
683,99	30,19
684,18	65,21
684,37	36,13
684,57	42,89
684,76	57,23
684,95	44,32
685,15	62,96
685,34	77,91
685,53	43,30
685,73	44,32
685,92	59,07
686,11	69,92
686,31	62,76
686,50	60,30
686,69	42,89
686,88	62,96
687,08	58,86
687,27	63,37
687,46	63,98
687,66	51,08
687,85	65,83
688,04	55,38
688,24	45,14
688,43	66,24
688,62	52,93
688,81	53,74
689,01	63,17
689,20	52,72
689,39	67,26
689,59	44,32
689,78	63,58
689,97	71,56
690,16	51,29
690,36	67,06
690,55	74,84
690,74	63,58
690,93	58,46
691,13	62,14
691,32	52,11
691,51	40,64
691,70	62,35
691,90	69,10
692,09	64,39
692,28	46,58
692,48	53,34
692,67	83,24
692,86	54,15
693,05	74,02
693,25	63,98
693,44	58,86
693,63	58,66
693,82	76,89
694,01	43,91
694,21	67,26
694,40	47,81
694,59	82,42
694,78	43,10
694,98	57,84
695,17	81,60
695,36	43,51
695,55	71,97
695,75	65,01
695,94	57,02
696,13	82,01
696,32	49,24
696,51	53,74
696,71	78,53
696,90	63,37
697,09	78,53
697,28	74,84
697,48	65,42
697,67	80,16
697,86	67,67
698,05	61,73
698,24	69,72
698,44	72,18
698,63	72,59
698,82	73,41
699,01	94,29
699,20	60,30
699,40	76,68
699,59	70,95
699,78	57,02
699,97	100,64
700,16	90,61
700,36	71,15
700,55	75,66
700,74	71,36
700,93	80,16
701,12	72,59
701,31	74,02
701,51	93,89
701,70	79,34
701,89	90,20
702,08	92,86
702,27	97,78
702,46	86,31
702,66	102,49
702,85	81,39
703,04	108,43
703,23	73,81
703,42	90,81
703,61	96,75
703,81	101,87
704,00	79,75
704,19	92,25
704,38	105,56
704,57	104,74
704,76	90,81
704,96	127,27
705,15	121,33
705,34	106,79
705,53	93,48
705,72	95,32
705,91	102,28
706,10	106,38
706,30	92,04
706,49	115,39
706,68	104,33
706,87	85,90
707,06	76,07
707,25	118,05
707,44	107,81
707,63	100,64
707,83	108,22
708,02	126,65
708,21	85,28
708,40	118,05
708,59	108,02
708,78	128,91
708,97	127,06
709,16	92,86
709,35	116,82
709,55	109,86
709,74	102,90
709,93	120,30
710,12	120,51
710,31	133,82
710,50	108,84
710,69	100,85
710,88	107,61
711,07	106,17
711,26	130,54
711,46	121,74
711,65	115,59
711,84	112,73
712,03	108,63
712,22	134,64
712,41	126,65
712,60	118,26
712,79	113,96
712,98	127,47
713,17	97,57
713,36	130,95
713,55	112,93
713,75	127,06
713,94	107,40
714,13	134,64
714,32	110,27
714,51	124,40
714,70	131,36
714,89	127,68
715,08	139,35
715,27	136,69
715,46	138,33
715,65	148,16
715,84	123,79
716,03	156,35
716,22	122,15
716,41	141,19
716,60	139,35
716,79	158,60
716,99	142,83
717,18	168,64
717,37	164,13
717,56	159,22
717,75	156,55
717,94	177,65
718,13	161,88
718,32	167,82
718,51	170,07
718,70	162,70
718,89	181,95
719,08	185,22
719,27	189,32
719,46	184,61
719,65	220,24
719,84	198,74
720,03	194,44
720,22	233,35
720,41	212,87
720,60	194,85
720,79	216,97
720,98	221,88
721,17	210,82
721,36	219,43
721,55	249,53
721,74	263,66
721,93	231,51
722,12	256,70
722,31	277,59
722,50	256,29
722,69	298,68
722,88	259,36
723,07	299,71
723,26	295,20
723,45	292,33
723,64	299,50
723,83	318,14
724,02	381,83
724,21	401,29
724,40	538,09
724,59	671,62
724,78	876,62
724,97	1193,44
725,16	1590,34
725,35	2012,83
725,54	2637,26
725,73	3332,34
725,92	4075,14
726,11	5038,71
726,30	6072,73
726,49	7065,99
726,68	8313,20
726,87	9949,53
727,06	11311,84
727,25	13129,41
727,43	14812,02
727,62	16501,80
727,81	18578,65
728,00	20732,09
728,19	22645,09
728,38	24871,03
728,57	27396,18
728,76	29367,14
728,95	31292,03
729,14	34256,46
729,33	36261,83
729,52	38347,48
729,71	40355,52
729,90	42254,19
730,09	44264,68
730,28	46764,02
730,47	48210,09
730,65	49277,70
730,84	51113,91
731,03	52448,57
731,22	53566,14
731,41	54486,91
731,60	54866,19
731,79	55417,10
731,98	55722,04
732,17	56317,18
732,36	55529,53
732,55	55979,06
732,74	55092,29
732,92	54799,23
733,11	53692,50
733,30	52919,81
733,49	51673,82
733,68	50438,49
733,87	49255,58
734,06	47020,63
734,25	45729,18
734,44	44092,24
734,63	42004,34
734,81	40248,41
735,00	37845,32
735,19	36126,87
735,38	33646,78
735,57	31928,94
735,76	29808,48
735,95	27788,98
736,14	25700,46
736,33	23747,10
736,51	21934,04
736,70	20190,60
736,89	18489,35
737,08	16585,36
737,27	14985,89
737,46	13581,40
737,65	12037,84
737,83	10772,40
738,02	9527,44
738,21	8455,13
738,40	7365,81
738,59	6527,99
738,78	5611,73
738,97	4872,00
739,16	4211,74
739,34	3557,82
739,53	2947,12
739,72	2463,38
739,91	2050,51
740,10	1704,20
740,29	1374,48
740,47	1083,46
740,66	881,94
740,85	657,28
741,04	557,75
741,23	398,62
741,42	356,43
741,60	291,92
741,79	267,14
741,98	233,35
742,17	186,45
742,36	206,11
742,55	180,72
742,73	170,89
742,92	172,94
743,11	182,97
743,30	158,19
743,49	170,68
743,68	135,25
743,86	151,43
744,05	125,83
744,24	159,22
744,43	153,89
744,62	137,30
744,80	154,10
744,99	122,97
745,18	147,34
745,37	146,31
745,56	130,95
745,74	128,09
745,93	119,48
746,12	114,98
746,31	143,04
746,50	122,76
746,68	132,39
746,87	126,45
747,06	131,36
747,25	113,96
747,44	129,31
747,62	115,80
747,81	126,04
748,00	103,92
748,19	116,82
748,37	125,83
748,56	126,45
748,75	116,21
748,94	111,50
749,13	110,47
749,31	92,04
749,50	115,18
749,69	114,36
749,88	119,28
750,06	100,64
750,25	106,17
750,44	106,99
750,63	100,03
750,81	109,24
751,00	113,34
751,19	125,01
751,38	96,14
751,56	125,01
751,75	119,08
751,94	98,60
752,13	111,09
752,31	147,75
752,50	127,06
752,69	119,08
752,88	143,24
753,06	150,20
753,25	115,18
753,44	124,40
753,63	113,14
753,81	135,87
754,00	113,75
754,19	116,21
754,37	120,71
754,56	90,61
754,75	99,01
754,94	120,30
755,12	115,18
755,31	119,48
755,50	111,29
755,69	122,35
755,87	96,55
756,06	124,20
756,25	112,73
756,43	122,97
756,62	121,74
756,81	123,79
756,99	130,13
757,18	117,44
757,37	130,75
757,56	104,53
757,74	118,67
757,93	123,99
758,12	118,05
758,30	116,21
758,49	106,79
758,68	130,13
758,86	120,10
759,05	111,09
759,24	96,75
759,42	130,75
759,61	109,45
759,80	87,74
759,99	111,09
760,17	119,28
760,36	87,95
760,55	100,03
760,73	93,48
760,92	87,74
761,11	99,82
761,29	88,15
761,48	78,53
761,67	110,68
761,85	101,87
762,04	95,11
762,23	73,41
762,41	81,60
762,60	77,91
762,79	74,22
762,97	98,39
763,16	63,37
763,34	57,84
763,53	66,24
763,72	68,08
763,90	83,03
764,09	85,69
764,28	87,33
764,46	75,45
764,65	76,48
764,84	57,23
765,02	49,44
765,21	62,76
765,40	69,31
765,58	79,75
765,77	76,48
765,95	70,13
766,14	64,39
766,33	55,18
766,51	57,84
766,70	68,90
766,89	74,84
767,07	54,15
767,26	67,88
767,44	35,52
767,63	57,23
767,82	62,55
768,00	65,83
768,19	65,42
768,37	60,50
768,56	42,89
768,75	43,10
768,93	34,70
769,12	40,02
769,30	18,32
769,49	51,70
769,68	52,72
769,86	57,23
770,05	53,95
770,23	45,96
770,42	39,61
770,61	46,17
770,79	36,34
770,98	25,89
771,16	39,41
771,35	59,27
771,54	21,80
771,72	37,16
771,91	32,86
772,09	28,35
772,28	39,61
772,46	37,16
772,65	25,28
772,84	41,46
773,02	33,06
773,21	16,06
773,39	49,85
773,58	20,77
773,76	28,96
773,95	30,60
774,13	24,87
774,32	55,79
774,51	28,15
774,69	37,36
774,88	33,06
775,06	54,77
775,25	23,43
775,43	23,43
775,62	37,98
775,80	15,65
775,99	10,74
776,18	30,81
776,36	38,39
776,55	33,88
776,73	35,72
776,92	27,74
777,10	22,21
777,29	40,64
777,47	16,68
777,66	34,70
777,84	34,70
778,03	46,37
778,21	45,96
778,40	38,18
778,58	19,75
778,77	20,77
778,95	43,30
779,14	48,01
779,33	18,93
779,51	44,12
779,70	18,52
779,88	15,86
780,07	0,70
780,25	41,66
780,44	19,95
780,62	27,94
780,81	16,68
780,99	31,22
781,18	2,55
781,36	15,04
781,55	-10,15
781,73	23,43
781,92	35,31
782,10	22,82
782,29	27,12
782,47	35,11
782,66	23,84
782,84	29,17
783,03	16,06
783,21	26,10
783,39	28,15
783,58	22,21
783,76	41,05
783,95	34,70
784,13	15,86
784,32	37,77
784,50	14,42
784,69	44,94
784,87	29,58
785,06	22,00
785,24	56,00
785,43	17,09
785,61	38,39
785,80	23,64
785,98	22,62
786,17	25,89
786,35	1,11
786,53	12,58
786,72	15,24
786,90	34,49
787,09	35,11
787,27	39,82
787,46	2,14
787,64	21,39
787,83	23,23
788,01	17,91
788,19	3,16
788,38	2,75
788,56	25,89
788,75	3,36
788,93	16,27
789,12	22,21
789,30	24,66
789,49	23,03
789,67	35,11
789,85	28,76
790,04	-4,62
790,22	34,90
790,41	20,77
790,59	19,34
790,77	3,36
790,96	32,86
791,14	3,57
791,33	27,12
791,51	14,01
791,70	33,47
791,88	3,57
792,06	27,12
792,25	10,74
792,43	23,64
792,62	42,69
792,80	26,51
792,98	25,89
793,17	24,05
793,35	13,81
793,54	15,04
793,72	9,92
793,90	39,20
794,09	10,94
794,27	18,93
794,46	24,46
794,64	15,04
794,82	12,38
795,01	45,96
795,19	4,80
795,37	18,93
795,56	7,26
795,74	19,13
795,93	12,79
796,11	16,88
796,29	23,03
796,48	7,05
796,66	-0,12
796,84	2,75
797,03	13,40
797,21	28,15
797,40	27,74
797,58	26,71
797,76	20,16
797,95	20,98
798,13	11,97
798,31	1,52
798,50	22,41
798,68	-1,35
798,86	23,43
799,05	45,76
799,23	8,28
799,42	13,20
799,60	7,46
799,78	14,01
799,97	17,50
800,15	15,65
800,33	21,18
800,52	9,10
800,70	1,73
800,88	9,71
801,07	4,80
801,25	13,20
801,43	17,91
801,62	16,88
801,80	16,27
801,98	16,27
802,17	21,18
802,35	56,20
802,53	11,97
802,72	8,69
802,90	8,69
803,08	-0,53
803,26	5,82
803,45	42,07
803,63	12,38
803,81	13,20
804,00	3,36
804,18	28,96
804,36	43,30
804,55	23,23
804,73	18,72
804,91	5,82
805,10	20,77
805,28	11,76
805,46	2,55
805,64	22,41
805,83	38,79
806,01	29,17
806,19	-5,65
806,38	15,86
806,56	19,34
806,74	11,76
806,92	19,95
807,11	-5,65
807,29	14,83
807,47	27,94
807,66	18,32
807,84	14,63
808,02	29,17
808,20	4,80
808,39	-11,18
808,57	1,52
808,75	18,93
808,94	22,41
809,12	13,81
809,30	36,54
809,48	16,68
809,67	21,18
809,85	29,37
810,03	9,30
810,21	3,77
810,40	22,41
810,58	14,63
810,76	33,27
810,94	-10,15
811,13	21,39
811,31	29,37
811,49	21,80
811,67	31,22
811,86	41,25
812,04	16,88
812,22	25,89
812,40	15,65
812,59	10,53
812,77	15,65
812,95	11,97
813,13	6,44
813,32	16,47
813,50	23,84
813,68	17,70
813,86	-20,60
814,04	28,35
814,23	-3,39
814,41	26,51
814,59	41,05
814,77	15,24
814,96	13,20
815,14	21,39
815,32	7,87
815,50	10,33
815,68	15,24
815,87	-0,12
816,05	4,80
816,23	15,45
816,41	24,05
816,59	8,28
816,78	26,10
816,96	0,70
817,14	35,93
817,32	43,71
817,50	17,09
817,69	5,82
817,87	6,85
818,05	27,74
818,23	14,42
818,41	15,04
818,60	16,88
818,78	8,69
818,96	16,27
819,14	10,94
819,32	18,11
819,51	11,97
819,69	28,96
819,87	11,35
820,05	2,55
820,23	22,21
820,41	-7,28
820,60	18,32
820,78	9,10
820,96	18,11
821,14	7,05
821,32	22,21
821,50	-4,21
821,69	10,33
821,87	5,41
822,05	19,95
822,23	10,12
822,41	18,72
822,59	2,75
822,78	-0,12
822,96	19,75
823,14	16,06
823,32	21,80
823,50	28,15
823,68	18,72
823,86	32,24
824,05	2,34
824,23	22,00
824,41	25,07
824,59	39,20
824,77	9,51
824,95	1,52
825,13	8,89
825,32	34,29
825,50	18,93
825,68	7,46
825,86	25,48
826,04	12,38
826,22	-2,16
826,40	12,58
826,58	-0,32
826,77	1,11
826,95	14,01
827,13	31,42
827,31	6,23
827,49	7,05
827,67	20,36
827,85	5,41
828,03	9,92
828,22	23,23
828,40	26,92
828,58	11,76
828,76	12,99
828,94	16,47
829,12	28,15
829,30	-8,10
829,48	8,48
829,66	27,53
829,84	1,93
830,03	11,76
830,21	9,71
830,39	16,88
830,57	31,01
830,75	28,96
830,93	26,71
831,11	8,69
831,29	21,80
831,47	6,03
831,65	8,48
831,83	32,45
832,02	4,59
832,20	18,52
832,38	1,52
832,56	16,47
832,74	-9,95
832,92	7,67
833,10	6,44
833,28	15,86
833,46	27,74
833,64	18,32
833,82	-2,98
834,00	-0,53
834,18	12,58
834,36	9,30
834,54	0,09
834,73	20,16
834,91	-0,53
835,09	23,84
835,27	3,77
835,45	22,62
835,63	9,51
835,81	32,04
835,99	8,48
836,17	24,46
836,35	9,71
836,53	0,91
836,71	21,39
836,89	32,86
837,07	19,54
837,25	22,21
837,43	12,38
837,61	12,58
837,79	16,47
837,97	5,21
838,15	-2,78
838,33	8,28
838,51	9,92
838,69	20,98
838,87	8,28
839,05	22,21
839,23	17,09
839,41	9,51
839,59	17,91
839,78	0,50
839,96	33,47
840,14	8,69
840,32	-10,56
840,50	30,81
840,68	-5,85
840,86	6,23
841,04	29,99
841,22	18,72
841,40	-2,37
841,58	19,54
841,76	0,91
841,94	13,40
842,12	10,94
842,30	7,87
842,48	5,82
842,66	17,29
842,84	-1,14
843,02	-1,35
843,20	1,93
843,38	11,15
843,55	12,58
843,73	20,57
843,91	28,96
844,09	17,91
844,27	3,36
844,45	0,70
844,63	19,75
844,81	3,98
844,99	2,34
845,17	15,24
845,35	20,77
845,53	-13,63
845,71	8,69
845,89	15,04
846,07	18,32
846,25	5,82
846,43	6,64
846,61	13,81
846,79	8,28
846,97	29,99
847,15	13,20
847,33	0,70
847,51	23,84
847,69	23,64
847,87	22,41
848,05	-0,12
848,23	-10,56
848,41	30,81
848,58	3,36
848,76	12,38
848,94	0,09
849,12	5,82
849,30	5,62
849,48	4,80
849,66	-16,50
849,84	32,24
850,02	11,56
850,20	17,09
850,38	16,06
850,56	11,15
850,74	19,13
850,92	15,65
851,10	-9,54
851,27	30,40
851,45	-6,26
851,63	29,58
851,81	-3,19
851,99	18,93
852,17	8,28
852,35	3,98
852,53	9,92
852,71	27,53
852,89	4,59
853,07	7,87
853,24	12,38
853,42	1,11
853,60	41,46
853,78	10,12
853,96	7,46
854,14	-17,52
854,32	19,54
854,50	19,13
854,68	-10,15
854,86	19,95
855,03	-1,55
855,21	10,12
855,39	26,10
855,57	13,40
855,75	22,62
855,93	20,36
856,11	9,30
856,29	13,20
856,47	-2,37
856,64	14,63
856,82	7,87
857,00	23,23
857,18	14,63
857,36	41,25
857,54	9,10
857,72	11,35
857,90	27,94
858,07	26,10
858,25	-3,80
858,43	15,24
858,61	16,06
858,79	9,92
858,97	-2,78
859,15	14,22
859,32	19,13
859,50	7,67
859,68	9,10
859,86	14,63
860,04	19,75
860,22	2,96
860,40	19,95
860,57	17,70
860,75	4,39
860,93	-0,94
861,11	9,71
861,29	29,58
861,47	1,11
861,64	50,47
861,82	8,48
862,00	32,04
862,18	8,08
862,36	7,05
862,54	5,41
862,71	36,54
862,89	19,54
863,07	18,93
863,25	-6,26
863,43	-0,12
863,61	5,62
863,78	9,92
863,96	-0,73
864,14	11,76
864,32	19,75
864,50	9,92
864,67	8,08
864,85	11,15
865,03	13,20
865,21	27,33
865,39	13,60
865,57	6,23
865,74	22,62
865,92	15,24
866,10	3,77
866,28	31,42
866,46	-4,83
866,63	32,45
866,81	14,22
866,99	22,21
867,17	7,26
867,34	5,82
867,52	7,05
867,70	12,79
867,88	1,73
868,06	0,91
868,23	10,12
868,41	43,10
868,59	18,32
868,77	34,08
868,95	-5,85
869,12	8,28
869,30	10,12
869,48	24,87
869,66	13,81
869,83	19,34
870,01	0,50
870,19	15,04
870,37	-4,62
870,55	13,20
870,72	7,67
870,90	10,74
871,08	12,17
871,26	8,89
871,43	13,81
871,61	31,83
871,79	20,77
871,97	16,68
872,14	19,54
872,32	30,19
872,50	-17,93
872,68	24,46
872,85	7,87
873,03	17,91
873,21	8,69
873,39	5,41
873,56	-15,89
873,74	14,22
873,92	-18,75
874,10	25,89
874,27	-14,04
874,45	20,16
874,63	5,21
874,80	33,47
874,98	15,45
875,16	8,89
875,34	20,36
875,51	26,30
875,69	0,91
875,87	20,77
876,05	10,94
876,22	-13,02
876,40	21,39
876,58	-10,15
876,75	-2,37
876,93	-2,57
877,11	24,46
877,29	11,76
877,46	16,06
877,64	24,46
877,82	17,50
877,99	-30,02
878,17	2,96
878,35	22,62
878,52	0,09
878,70	17,29
878,88	7,46
879,06	18,93
879,23	-4,01
879,41	10,12
879,59	17,50
879,76	5,82
879,94	-22,64
880,12	31,22
880,29	23,84
880,47	16,47
880,65	29,17
880,82	1,93
881,00	9,51
881,18	9,92
881,36	6,23
881,53	36,54
881,71	17,70
881,89	-1,14
882,06	9,10
882,24	43,51
882,42	-17,11
882,59	10,74
882,77	18,11
882,95	-13,43
883,12	38,79
883,30	29,17
883,48	8,69
883,65	11,35
883,83	0,91
884,01	9,92
884,18	-6,87
884,36	8,08
884,54	-23,05
884,71	24,05
884,89	21,39
885,06	-16,91
885,24	17,70
885,42	0,91
885,59	-0,32
885,77	6,64
885,95	27,33
886,12	21,18
886,30	11,56
886,48	24,46
886,65	18,52
886,83	37,98
887,01	19,34
887,18	28,96
887,36	15,65
887,53	11,15
887,71	7,26
887,89	12,99
888,06	3,57
888,24	7,87
888,42	-3,39
888,59	14,01
888,77	0,09
888,94	11,56
889,12	10,33
889,30	25,48
889,47	6,23
889,65	31,22
889,82	2,34
890,00	4,39
890,18	20,57
890,35	28,76
890,53	1,73
890,71	28,96
890,88	10,12
891,06	2,75
891,23	-6,06
891,41	19,34
891,59	0,70
891,76	8,28
891,94	27,53
892,11	-7,28
892,29	-0,94
892,46	25,69
892,64	1,32
892,82	-6,06
892,99	-9,33
893,17	14,01
893,34	30,19
893,52	22,62
893,70	3,77
893,87	-7,69
894,05	19,75
894,22	11,15
894,40	21,80
894,57	26,51
894,75	25,89
894,93	16,68
895,10	-14,25
895,28	11,76
895,45	10,94
895,63	25,89
895,80	40,02
895,98	-5,03
896,16	13,40
896,33	30,19
896,51	-8,31
896,68	16,47
896,86	18,93
897,03	19,34
897,21	-3,39
897,38	-2,57
897,56	14,42
897,74	30,19
897,91	17,50
898,09	10,12
898,26	24,87
898,44	10,94
898,61	-9,13
898,79	-18,55
898,96	26,51
899,14	-11,59
899,31	4,80
899,49	11,97
899,67	4,39
899,84	35,31
900,02	-25,31
900,19	12,17
900,37	3,98
900,54	-1,55
900,72	12,17
900,89	6,44
901,07	-6,06
901,24	24,25
901,42	9,30
901,59	-8,92
901,77	7,46
901,94	23,64
902,12	-4,62
902,29	18,11
902,47	14,42
902,64	9,10
902,82	0,50
902,99	30,81
903,17	-5,85
903,34	37,16
903,52	8,08
903,69	39,00
903,87	0,09
904,04	-9,13
904,22	-8,72
904,39	3,57
904,57	32,65
904,74	-0,94
904,92	5,21
905,09	6,44
905,27	-2,78
905,44	8,48
905,62	15,04
905,79	20,36
905,97	10,74
906,14	23,64
906,32	12,99
906,49	22,41
906,67	2,14
906,84	20,77
907,02	-5,03
907,19	2,96
907,37	5,82
907,54	20,16
907,72	13,60
907,89	11,56
908,06	14,42
908,24	31,01
908,41	25,48
908,59	-3,60
908,76	8,48
908,94	21,18
909,11	11,97
909,29	8,28
909,46	22,82
909,64	24,05
909,81	6,85
909,99	12,99
910,16	9,10
910,33	28,76
910,51	12,58
910,68	15,86
910,86	31,83
911,03	12,17
911,21	-10,15
911,38	28,55
911,56	32,04
911,73	-2,57
911,90	14,42
912,08	2,75
912,25	18,32
912,43	-15,89
912,60	16,27
912,78	17,70
912,95	4,18
913,12	19,75
913,30	9,30
913,47	20,57
913,65	10,74
913,82	10,33
914,00	24,46
914,17	11,56
914,34	24,05
914,52	-7,28
914,69	10,33
914,87	12,38
915,04	20,16
915,21	-0,32
915,39	-8,10
915,56	9,51
915,74	37,16
915,91	17,91
916,08	-4,62
916,26	5,21
916,43	-4,62
916,61	35,31
916,78	-4,42
916,95	-17,93
917,13	23,43
917,30	-24,90
917,48	19,13
917,65	24,66
917,82	15,65
918,00	2,34
918,17	35,31
918,35	2,75
918,52	2,75
918,69	6,64
918,87	26,10
919,04	-4,01
919,22	2,96
919,39	22,00
919,56	31,63
919,74	10,53
919,91	8,89
920,08	31,22
920,26	11,15
920,43	6,85
920,61	8,89
920,78	11,15
920,95	6,64
921,13	19,75
921,30	-10,77
921,47	1,93
921,65	24,25
921,82	17,09
921,99	11,15
922,17	16,88
922,34	32,45
922,51	-11,38
922,69	9,51
922,86	15,24
923,04	-13,84
923,21	7,05
923,38	15,86
923,56	25,89
923,73	3,77
923,90	-5,44
924,08	8,28
924,25	20,57
924,42	-5,44
924,60	-1,14
924,77	33,27
924,94	4,59
925,12	4,59
925,29	38,59
925,46	-7,90
925,64	-10,97
925,81	38,79
925,98	31,22
926,16	11,35
926,33	12,79
926,50	12,17
926,68	7,05
926,85	13,81
927,02	14,83
927,19	3,98
927,37	0,91
927,54	25,07
927,71	23,43
927,89	4,59
928,06	-1,76
928,23	-1,35
928,41	16,68
928,58	11,97
928,75	16,47
928,93	26,51
929,10	7,46
929,27	21,18
929,44	19,34
929,62	16,47
929,79	9,30
929,96	15,65
930,14	19,34
930,31	36,54
930,48	-6,47
930,66	6,85
930,83	2,14
931,00	8,08
931,17	13,20
931,35	-12,81
931,52	2,75
931,69	12,38
931,87	-8,10
932,04	-1,55
932,21	9,51
932,38	43,71
932,56	36,34
932,73	13,40
932,90	5,41
933,07	17,50
933,25	36,34
933,42	11,15
933,59	20,77
933,77	1,73
933,94	11,76
934,11	16,27
934,28	34,29
934,46	12,58
934,63	10,12
934,80	15,86
934,97	5,00
935,15	-3,39
935,32	6,44
935,49	25,48
935,66	-13,02
935,84	24,66
936,01	25,28
936,18	-1,76
936,35	4,39
936,53	19,54
936,70	38,18
936,87	3,57
937,04	35,11
937,22	-7,49
937,39	17,29
937,56	36,54
937,73	-4,42
937,91	9,30
938,08	35,72
938,25	-6,67
938,42	23,43
938,59	19,95
938,77	8,48
938,94	7,67
939,11	11,35
939,28	10,53
939,46	6,03
939,63	18,32
939,80	20,16
939,97	7,87
940,14	17,70
940,32	-9,95
940,49	2,14
940,66	31,83
940,83	16,47
941,00	13,60
941,18	-14,86
941,35	3,16
941,52	-3,39
941,69	41,05
941,87	32,24
942,04	9,92
942,21	15,65
942,38	12,58
942,55	29,78
942,73	5,82
942,90	3,57
943,07	14,83
943,24	11,76
943,41	2,14
943,58	17,29
943,76	20,77
943,93	20,36
944,10	28,55
944,27	8,28
944,44	4,39
944,62	31,42
944,79	5,62
944,96	17,91
945,13	11,35
945,30	16,27
945,47	18,11
945,65	12,17
945,82	-7,49
945,99	11,35
946,16	3,98
946,33	24,05
946,50	18,11
946,68	19,13
946,85	-4,42
947,02	15,86
947,19	36,75
947,36	16,06
947,53	24,25
947,71	15,45
947,88	16,27
948,05	15,45
948,22	-4,62
948,39	0,91
948,56	4,18
948,74	-4,83
948,91	25,69
949,08	4,80
949,25	14,01
949,42	11,76
949,59	-0,32
949,76	16,06
949,94	5,82
950,11	-2,16
950,28	9,10
950,45	16,06
950,62	18,52
950,79	29,58
950,96	10,94
951,14	7,26
951,31	25,69
951,48	-1,55
951,65	11,97
951,82	5,21
951,99	11,76
952,16	28,15
952,33	32,24
952,51	9,92
952,68	7,05
952,85	16,47
953,02	29,58
953,19	30,40
953,36	26,30
953,53	-9,95
953,70	18,72
953,87	4,80
954,05	25,89
954,22	1,73
954,39	5,00
954,56	12,99
954,73	21,80
954,90	22,82
955,07	13,81
955,24	12,99
955,41	15,24
955,58	29,37
955,76	-8,92
955,93	19,95
956,10	20,98
956,27	10,33
956,44	-11,79
956,61	34,70
956,78	18,93
956,95	18,72
957,12	7,87
957,29	27,74
957,46	-10,15
957,64	15,04
957,81	24,87
957,98	17,91
958,15	3,98
958,32	4,18
958,49	24,05
958,66	-3,39
958,83	22,21
959,00	29,78
959,17	-6,06
959,34	12,79
959,51	15,24
959,68	23,03
959,85	6,03
960,03	-9,95
960,20	-2,78
960,37	16,06
960,54	27,33
960,71	5,62
960,88	20,77
961,05	16,47
961,22	20,98
961,39	9,71
961,56	22,21
961,73	18,72
961,90	8,69
962,07	24,66
962,24	12,99
962,41	28,35
962,58	15,86
962,75	15,86
962,92	0,70
963,09	18,52
963,26	-5,85
963,44	6,23
963,61	26,30
963,78	-1,76
963,95	15,65
964,12	14,01
964,29	0,70
964,46	11,76
964,63	17,29
964,80	22,41
964,97	14,42
965,14	28,35
965,31	13,20
965,48	18,52
965,65	7,05
965,82	10,94
965,99	-11,59
966,16	9,71
966,33	3,98
966,50	5,62
966,67	-10,15
966,84	11,56
967,01	26,10
967,18	-0,12
967,35	6,23
967,52	9,71
967,69	15,86
967,86	4,18
968,03	15,04
968,20	-20,80
968,37	-21,21
968,54	9,10
968,71	9,10
968,88	46,78
969,05	19,95
969,22	28,15
969,39	-5,03
969,56	17,09
969,73	27,53
969,90	4,80
970,07	3,57
970,24	10,94
970,41	-8,10
970,58	9,51
970,75	28,55
970,92	33,27
971,09	2,14
971,26	2,34
971,43	9,51
971,60	26,71
971,77	-9,54
971,94	25,07
972,11	17,29
972,28	20,77
972,45	-9,74
972,62	8,69
972,79	-1,55
972,96	20,98
973,12	5,82
973,29	18,32
973,46	13,20
973,63	3,98
973,80	32,65
973,97	20,36
974,14	39,82
974,31	-13,63
974,48	22,00
974,65	8,69
974,82	-4,83
974,99	-8,92
975,16	-13,02
975,33	-1,76
975,50	-4,83
975,67	8,89
975,84	23,43
976,01	17,70
976,18	4,80
976,35	17,91
976,51	32,04
976,68	-5,24
976,85	13,81
977,02	11,97
977,19	-5,44
977,36	8,48
977,53	-7,69
977,70	-4,42
977,87	7,67
978,04	4,39
978,21	-8,10
978,38	22,00
978,55	-10,56
978,72	27,33
978,88	-4,21
979,05	31,22
979,22	10,94
979,39	-9,13
979,56	34,70
979,73	22,41
979,90	8,48
980,07	29,37
980,24	5,00
980,41	24,66
980,58	-1,96
980,75	12,99
980,91	10,12
981,08	2,55
981,25	0,09
981,42	8,89
981,59	-1,76
981,76	9,71
981,93	0,09
982,10	13,81
982,27	16,88
982,44	29,37
982,60	8,08
982,77	5,82
982,94	7,26
983,11	7,26
983,28	2,75
983,45	10,53
983,62	2,14
983,79	38,18
983,95	18,32
984,12	18,72
984,29	9,51
984,46	2,75
984,63	-7,49
984,80	19,75
984,97	27,74
985,14	6,85
985,30	16,47
985,47	5,00
985,64	16,47
985,81	9,30
985,98	1,11
986,15	26,71
986,32	12,58
986,49	3,98
986,65	-14,86
986,82	11,15
986,99	23,84
987,16	25,89
987,33	8,48
987,50	22,21
987,67	10,33
987,83	9,51
988,00	3,16
988,17	22,00
988,34	-5,44
988,51	24,87
988,68	6,03
988,84	14,63
989,01	4,39
989,18	30,60
989,35	9,30
989,52	-4,01
989,69	-7,90
989,86	24,66
990,02	9,51
990,19	24,05
990,36	-7,49
990,53	40,64
990,70	12,38
990,87	16,47
991,03	5,82
991,20	-7,28
991,37	24,87
991,54	6,03
991,71	15,04
991,87	-1,35
992,04	15,45
992,21	12,38
992,38	3,36
992,55	45,35
992,72	0,70
992,88	10,53
993,05	-12,40
993,22	22,21
993,39	25,69
993,56	8,28
993,72	15,86
993,89	28,35
994,06	16,27
994,23	20,98
994,40	-6,26
994,56	9,51
994,73	3,16
994,90	17,91
995,07	11,15
995,24	18,93
995,40	25,48
995,57	26,30
995,74	24,66
995,91	18,72
996,08	23,43
996,24	38,39
996,41	20,98
996,58	5,82
996,75	-7,69
996,92	33,88
997,08	28,96
997,25	9,51
997,42	8,89
997,59	16,47
997,75	14,63
997,92	20,57
998,09	11,35
998,26	14,42
998,43	34,49
998,59	-12,40
998,76	0,50
998,93	33,06
999,10	6,23
999,26	14,42
999,43	18,93
999,60	13,40
999,77	20,36
999,93	-2,78
1000,10	18,52
1000,27	1,93
1000,44	-9,74
1000,60	10,94
1000,77	19,34
1000,94	0,70
1001,11	11,76
1001,28	-3,39
1001,44	-0,53
1001,61	5,82
1001,78	3,57
1001,95	19,75
1002,11	24,05
1002,28	21,80
1002,45	-9,95
1002,61	27,33
1002,78	8,28
1002,95	12,17
1003,12	19,95
1003,28	8,89
1003,45	14,22
1003,62	7,46
1003,79	-10,15
1003,95	10,74
1004,12	8,89
1004,29	-21,42
1004,46	8,28
1004,62	27,12
1004,79	10,12
1004,96	17,50
1005,12	34,08
1005,29	-7,90
1005,46	-1,76
1005,63	7,67
1005,79	26,10
1005,96	20,16
1006,13	6,44
1006,29	20,16
1006,46	20,36
1006,63	26,10
1006,80	17,09
1006,96	2,34
1007,13	28,55
1007,30	18,72
1007,46	14,63
1007,63	8,69
1007,80	30,40
1007,97	23,23
1008,13	10,33
1008,30	15,04
1008,47	35,72
1008,63	-1,35
1008,80	26,10
1008,97	15,04
1009,13	2,55
1009,30	14,01
1009,47	29,17
1009,64	9,51
1009,80	2,55
1009,97	31,83
1010,14	37,57
1010,30	10,12
1010,47	23,64
1010,64	12,58
1010,80	1,32
1010,97	-7,08
1011,14	13,20
1011,30	49,24
1011,47	19,54
1011,64	33,67
1011,80	11,97
1011,97	-2,98
1012,14	4,18
1012,30	-9,54
1012,47	6,64
1012,64	20,36
1012,80	12,99
1012,97	24,46
1013,14	27,12
1013,30	22,41
1013,47	20,77
1013,64	-2,37
1013,80	-1,55
1013,97	-1,96
1014,14	10,94
1014,30	4,18
1014,47	-0,94
1014,64	4,59
1014,80	1,73
1014,97	10,74
1015,14	10,33
1015,30	13,40
1015,47	5,41
1015,64	11,97
1015,80	11,15
1015,97	22,82
1016,13	-1,35
1016,30	24,46
1016,47	17,91
1016,63	2,14
1016,80	6,85
1016,97	22,82
1017,13	-7,69
1017,30	-2,78
1017,47	-8,51
1017,63	7,26
1017,80	10,94
1017,96	9,92
1018,13	31,01
1018,30	24,46
1018,46	-0,73
1018,63	5,41
1018,80	2,14
1018,96	11,76
1019,13	11,97
1019,29	-5,44
1019,46	36,54
1019,63	25,28
1019,79	13,40
1019,96	27,33
1020,13	-1,55
1020,29	18,11
1020,46	9,30
1020,62	10,94
1020,79	7,05
1020,96	14,22
1021,12	4,18
1021,29	12,58
1021,45	19,75
1021,62	8,69
1021,79	-6,26
1021,95	25,69
1022,12	-5,85
1022,28	23,03
1022,45	4,39
1022,62	38,18
1022,78	10,94
1022,95	15,45
1023,11	21,18
1023,28	10,12
1023,45	-9,33
1023,61	-2,37
1023,78	10,94
1023,94	30,60
1024,11	-14,66
1024,27	8,89
1024,44	2,55
1024,61	19,75
1024,77	1,32
1024,94	10,33
1025,10	8,69
1025,27	41,66
1025,43	10,53
1025,60	15,45
1025,77	15,65
1025,93	6,03
1026,10	-0,94
1026,26	12,99
1026,43	12,38
1026,59	6,03
1026,76	-4,42
1026,93	15,65
1027,09	38,79
1027,26	-4,83
1027,42	0,29
1027,59	4,18
1027,75	38,18
1027,92	12,17
1028,08	7,46
1028,25	24,46
1028,42	23,84
1028,58	23,64
1028,75	0,70
1028,91	3,77
1029,08	18,93
1029,24	34,49
1029,41	-2,78
1029,57	7,87
1029,74	6,64
1029,91	16,47
1030,07	12,79
1030,24	16,68
1030,40	5,00
1030,57	3,57
1030,73	23,84
1030,90	19,95
1031,06	1,11
1031,23	15,24
1031,39	10,74
1031,56	-4,21
1031,72	20,36
1031,89	12,38
1032,05	9,71
1032,22	-2,78
1032,38	18,52
1032,55	12,58
1032,72	13,20
1032,88	2,34
1033,05	15,04
1033,21	10,12
1033,38	-5,03
1033,54	16,88
1033,71	23,43
1033,87	41,66
1034,04	9,30
1034,20	0,70
1034,37	17,09
1034,53	18,93
1034,70	9,92
1034,86	5,00
1035,03	-0,32
1035,19	16,27
1035,36	13,81
1035,52	19,13
1035,69	15,04
1035,85	9,51
1036,02	41,66
1036,18	28,55
1036,35	6,03
1036,51	12,99
1036,68	6,23
1036,84	46,37
1037,01	15,24
1037,17	10,74
1037,34	14,42
1037,50	22,41
1037,67	7,87
>>>>>Finisci Dati dello Spettro Elaborati<<<<<
