337.57	-4.96
337.79	-4.96
338.02	-4.96
338.24	-9.05
338.47	-11.92
338.69	-10.08
338.92	11.84
339.14	-1.27
339.36	3.65
339.59	-4.14
339.81	-3.52
340.04	-10.49
340.26	-3.93
340.49	2.01
340.71	15.52
340.93	-10.28
341.16	3.03
341.38	-18.47
341.61	6.72
341.83	-5.78
342.05	-2.29
342.28	10.81
342.50	-0.04
342.73	10.40
342.95	-7.21
343.17	-3.93
343.40	14.50
343.62	1.60
343.85	15.11
344.07	-8.44
344.29	13.89
344.52	6.31
344.74	-0.45
344.97	4.67
345.19	19.01
345.41	3.03
345.64	-6.80
345.86	-13.97
346.08	2.21
346.31	6.31
346.53	5.49
346.76	-9.67
346.98	6.92
347.20	-7.41
347.43	-17.65
347.65	-5.16
347.87	6.72
348.10	0.78
348.32	-0.66
348.54	5.28
348.77	2.01
348.99	18.19
349.21	-4.75
349.44	2.62
349.66	11.63
349.88	5.08
350.11	-1.68
350.33	26.17
350.55	6.10
350.78	-9.05
351.00	0.98
351.22	-7.21
351.45	25.35
351.67	-19.70
351.89	18.39
352.12	9.79
352.34	-0.86
352.56	15.11
352.79	-7.21
353.01	16.34
353.23	-0.45
353.45	-11.51
353.68	-11.71
353.90	27.61
354.12	2.01
354.35	3.85
354.57	6.10
354.79	-9.26
355.01	12.04
355.24	13.89
355.46	12.04
355.68	0.37
355.91	13.68
356.13	6.92
356.35	11.02
356.57	1.19
356.80	10.61
357.02	5.90
357.24	10.61
357.46	-0.45
357.69	-0.66
357.91	19.82
358.13	-0.45
358.35	11.63
358.58	5.49
358.80	11.02
359.02	18.19
359.24	4.67
359.47	15.93
359.69	11.84
359.91	1.80
360.13	10.40
360.36	13.27
360.58	-3.93
360.80	15.11
361.02	5.08
361.25	9.58
361.47	-1.88
361.69	7.33
361.91	6.51
362.13	-7.82
362.36	-14.58
362.58	19.62
362.80	-12.33
363.02	16.75
363.25	5.69
363.47	19.82
363.69	4.46
363.91	-3.32
364.13	-17.24
364.36	7.33
364.58	0.16
364.80	21.46
365.02	22.49
365.24	0.98
365.47	-13.56
365.69	13.89
365.91	-10.69
366.13	14.29
366.35	-0.86
366.57	5.08
366.80	-4.34
367.02	5.90
367.24	1.19
367.46	11.43
367.68	5.08
367.90	1.19
368.13	24.13
368.35	-12.74
368.57	18.39
368.79	2.21
369.01	-5.37
369.23	-6.18
369.46	9.99
369.68	21.05
369.90	3.03
370.12	15.93
370.34	2.21
370.56	23.31
370.78	-10.69
371.01	8.77
371.23	17.57
371.45	2.62
371.67	12.45
371.89	12.25
372.11	8.77
372.33	17.37
372.56	10.81
372.78	4.87
373.00	-4.55
373.22	29.45
373.44	-6.80
373.66	-11.51
373.88	-2.09
374.10	3.65
374.32	-1.88
374.55	-5.57
374.77	10.20
374.99	-11.30
375.21	3.44
375.43	3.03
375.65	-12.94
375.87	5.08
376.09	11.43
376.31	6.92
376.53	-17.65
376.75	11.63
376.98	17.37
377.20	7.13
377.42	20.44
377.64	-6.39
377.86	-3.52
378.08	25.15
378.30	5.49
378.52	3.24
378.74	11.63
378.96	2.21
379.18	9.79
379.40	17.37
379.62	-7.00
379.84	-20.32
380.07	11.43
380.29	-13.56
380.51	16.75
380.73	3.24
380.95	-5.78
381.17	14.09
381.39	14.09
381.61	20.03
381.83	-1.88
382.05	12.25
382.27	5.28
382.49	9.17
382.71	-5.78
382.93	-4.55
383.15	6.31
383.37	-4.75
383.59	12.86
383.81	22.49
384.03	2.01
384.25	11.22
384.47	-1.27
384.69	29.45
384.91	12.25
385.13	7.95
385.35	-15.81
385.57	30.06
385.79	6.51
386.01	14.91
386.23	-4.34
386.45	0.16
386.67	-13.97
386.89	11.43
387.11	2.42
387.33	-2.09
387.55	-6.80
387.77	11.02
387.99	0.78
388.21	-7.62
388.43	-2.91
388.65	0.37
388.87	-17.86
389.09	9.17
389.31	-8.44
389.53	8.36
389.75	4.67
389.97	15.93
390.19	10.20
390.41	-5.78
390.63	13.27
390.85	1.39
391.07	-9.46
391.29	1.60
391.51	9.79
391.72	11.84
391.94	19.41
392.16	9.58
392.38	-4.34
392.60	21.46
392.82	16.14
393.04	12.45
393.26	16.34
393.48	14.50
393.70	0.78
393.92	16.75
394.14	-2.91
394.36	10.61
394.58	-14.38
394.80	25.15
395.01	3.65
395.23	28.43
395.45	14.09
395.67	14.91
395.89	7.33
396.11	12.66
396.33	15.93
396.55	5.49
396.77	-4.55
396.99	7.13
397.21	4.26
397.42	28.63
397.64	3.03
397.86	10.61
398.08	2.21
398.30	29.86
398.52	8.36
398.74	13.89
398.96	10.61
399.17	-0.25
399.39	-0.86
399.61	-0.25
399.83	-4.55
400.05	12.25
400.27	17.98
400.49	8.77
400.71	4.05
400.92	13.68
401.14	-9.46
401.36	13.48
401.58	-9.46
401.80	-4.96
402.02	2.42
402.24	-5.37
402.45	-1.68
402.67	12.25
402.89	10.20
403.11	-15.20
403.33	13.07
403.55	3.03
403.76	4.46
403.98	18.60
404.20	-3.11
404.42	12.66
404.64	-7.62
404.86	10.20
405.07	15.11
405.29	4.05
405.51	10.81
405.73	24.33
405.95	7.54
406.17	15.93
406.38	11.84
406.60	-5.98
406.82	20.44
407.04	0.57
407.26	27.81
407.47	0.37
407.69	14.70
407.91	13.07
408.13	11.84
408.35	-2.70
408.56	16.96
408.78	15.73
409.00	6.31
409.22	23.92
409.44	-7.21
409.65	-7.00
409.87	-8.85
410.09	10.40
410.31	-3.52
410.52	17.37
410.74	0.98
410.96	9.99
411.18	9.38
411.40	-12.12
411.61	19.62
411.83	19.41
412.05	16.55
412.27	6.72
412.48	-13.15
412.70	0.98
412.92	4.46
413.14	11.02
413.35	-3.73
413.57	16.34
413.79	5.08
414.01	27.40
414.22	7.33
414.44	1.19
414.66	22.28
414.87	2.83
415.09	25.76
415.31	8.97
415.53	1.39
415.74	15.52
415.96	-7.41
416.18	-1.47
416.40	-6.80
416.61	0.57
416.83	16.75
417.05	12.86
417.26	5.08
417.48	5.28
417.70	17.78
417.92	6.92
418.13	-9.05
418.35	2.42
418.57	4.87
418.78	6.92
419.00	12.25
419.22	14.70
419.43	15.52
419.65	2.83
419.87	6.72
420.09	-4.75
420.30	18.19
420.52	5.90
420.74	5.69
420.95	11.43
421.17	-0.66
421.39	16.75
421.60	20.64
421.82	22.90
422.04	-8.44
422.25	5.49
422.47	-6.39
422.69	19.41
422.90	-0.66
423.12	-6.59
423.34	-6.39
423.55	32.73
423.77	-6.39
423.99	1.39
424.20	20.44
424.42	5.69
424.64	8.15
424.85	7.74
425.07	2.42
425.28	9.79
425.50	-9.87
425.72	7.33
425.93	14.09
426.15	-7.00
426.37	-2.09
426.58	31.70
426.80	-5.57
427.01	9.38
427.23	-20.32
427.45	12.86
427.66	-15.81
427.88	-7.21
428.10	3.85
428.31	23.72
428.53	-3.11
428.74	6.92
428.96	11.43
429.18	-12.94
429.39	3.85
429.61	3.85
429.82	-8.23
430.04	11.84
430.26	13.07
430.47	-8.64
430.69	2.62
430.90	16.75
431.12	-7.82
431.34	11.22
431.55	-4.34
431.77	16.34
431.98	-9.87
432.20	21.46
432.41	-0.04
432.63	29.04
432.85	6.72
433.06	16.14
433.28	4.87
433.49	0.98
433.71	11.43
433.92	4.26
434.14	5.49
434.35	-2.70
434.57	2.42
434.79	13.07
435.00	23.92
435.22	0.57
435.43	1.80
435.65	11.22
435.86	13.07
436.08	24.13
436.29	-6.59
436.51	21.26
436.72	-1.88
436.94	6.92
437.16	-17.24
437.37	36.82
437.59	14.50
437.80	14.09
438.02	5.08
438.23	8.36
438.45	23.92
438.66	5.69
438.88	4.05
439.09	3.85
439.31	-5.37
439.52	16.75
439.74	0.37
439.95	10.20
440.17	10.20
440.38	1.39
440.60	-7.21
440.81	8.77
441.03	-13.15
441.24	-3.11
441.46	0.98
441.67	3.44
441.89	-4.96
442.10	5.08
442.32	-19.50
442.53	3.44
442.75	37.03
442.96	5.69
443.18	-9.87
443.39	9.58
443.61	9.38
443.82	0.16
444.04	8.97
444.25	17.37
444.46	3.03
444.68	8.15
444.89	-16.83
445.11	5.90
445.32	12.25
445.54	19.41
445.75	7.74
445.97	32.93
446.18	-15.61
446.40	18.80
446.61	4.26
446.82	19.21
447.04	5.08
447.25	0.16
447.47	30.27
447.68	-3.93
447.90	14.50
448.11	-4.75
448.32	12.25
448.54	0.98
448.75	-17.24
448.97	2.62
449.18	11.43
449.40	21.87
449.61	3.85
449.82	21.67
450.04	12.66
450.25	-16.63
450.47	1.39
450.68	1.39
450.89	0.37
451.11	-9.87
451.32	-1.27
451.54	13.07
451.75	5.90
451.96	12.04
452.18	-15.61
452.39	6.31
452.61	4.87
452.82	10.61
453.03	-2.91
453.25	23.92
453.46	-10.28
453.68	-3.93
453.89	7.95
454.10	2.42
454.32	23.51
454.53	23.92
454.74	0.16
454.96	4.26
455.17	1.80
455.39	5.08
455.60	7.74
455.81	6.51
456.03	15.52
456.24	1.39
456.45	3.24
456.67	-4.96
456.88	6.31
457.09	5.28
457.31	1.39
457.52	-0.66
457.73	-3.52
457.95	9.99
458.16	10.81
458.37	9.99
458.59	12.86
458.80	1.60
459.01	25.35
459.23	3.03
459.44	8.36
459.65	0.16
459.87	28.84
460.08	-6.59
460.29	4.26
460.51	10.40
460.72	11.84
460.93	26.79
461.15	-0.66
461.36	7.33
461.57	-16.42
461.79	7.13
462.00	13.89
462.21	0.78
462.42	12.25
462.64	10.40
462.85	4.26
463.06	6.72
463.28	0.98
463.49	-1.06
463.70	21.87
463.92	7.13
464.13	5.08
464.34	9.79
464.55	7.74
464.77	20.64
464.98	20.85
465.19	16.14
465.40	8.36
465.62	5.49
465.83	-15.20
466.04	18.60
466.26	1.19
466.47	2.62
466.68	5.90
466.89	5.69
467.11	23.92
467.32	4.26
467.53	6.92
467.74	21.46
467.96	-17.24
468.17	-12.74
468.38	1.60
468.59	21.46
468.81	-5.78
469.02	17.16
469.23	4.26
469.44	26.17
469.66	5.90
469.87	27.20
470.08	16.55
470.29	7.95
470.50	-1.06
470.72	9.99
470.93	16.34
471.14	14.91
471.35	16.34
471.57	20.44
471.78	5.49
471.99	5.69
472.20	7.54
472.41	9.79
472.63	17.98
472.84	13.68
473.05	11.22
473.26	8.77
473.47	3.24
473.69	8.77
473.90	6.10
474.11	13.48
474.32	7.54
474.53	10.20
474.75	12.25
474.96	11.43
475.17	-10.08
475.38	2.21
475.59	2.21
475.80	3.03
476.02	-4.14
476.23	25.15
476.44	3.03
476.65	15.32
476.86	5.28
477.08	21.67
477.29	5.28
477.50	13.68
477.71	-5.78
477.92	14.50
478.13	-1.27
478.34	9.17
478.56	0.16
478.77	9.99
478.98	-0.66
479.19	-1.06
479.40	8.36
479.61	16.14
479.83	-3.93
480.04	6.31
480.25	6.31
480.46	11.63
480.67	8.15
480.88	9.58
481.09	12.66
481.30	3.85
481.52	-7.62
481.73	11.43
481.94	7.95
482.15	22.28
482.36	7.33
482.57	23.51
482.78	-0.45
482.99	1.19
483.21	-25.64
483.42	24.74
483.63	16.14
483.84	17.78
484.05	-1.06
484.26	43.58
484.47	13.68
484.68	4.26
484.89	2.21
485.10	14.09
485.32	-2.29
485.53	34.98
485.74	8.56
485.95	-0.25
486.16	20.03
486.37	32.93
486.58	11.63
486.79	13.07
487.00	16.34
487.21	5.69
487.42	3.24
487.63	3.65
487.85	4.05
488.06	8.56
488.27	7.74
488.48	23.10
488.69	6.92
488.90	15.73
489.11	22.90
489.32	21.46
489.53	10.20
489.74	0.16
489.95	-9.67
490.16	15.32
490.37	12.66
490.58	8.97
490.79	-2.70
491.00	-0.86
491.21	0.16
491.42	1.80
491.63	4.46
491.84	9.38
492.06	-5.16
492.27	-8.64
492.48	17.57
492.69	19.01
492.90	15.32
493.11	-8.64
493.32	30.27
493.53	14.09
493.74	28.63
493.95	30.47
494.16	2.42
494.37	7.33
494.58	23.92
494.79	0.98
495.00	4.67
495.21	5.49
495.42	22.08
495.63	14.50
495.84	23.51
496.05	4.87
496.26	2.62
496.47	5.49
496.68	-1.06
496.89	24.13
497.10	-8.64
497.31	7.95
497.52	20.23
497.73	16.96
497.94	3.85
498.15	5.69
498.36	12.45
498.57	4.46
498.78	-3.11
498.98	26.38
499.19	-0.04
499.40	19.41
499.61	12.04
499.82	6.92
500.03	23.31
500.24	-1.27
500.45	6.10
500.66	4.26
500.87	15.73
501.08	12.45
501.29	-7.62
501.50	18.39
501.71	16.96
501.92	3.65
502.13	20.85
502.34	30.88
502.55	14.70
502.76	-0.45
502.97	7.74
503.17	17.78
503.38	9.17
503.59	3.85
503.80	7.13
504.01	2.21
504.22	5.49
504.43	8.15
504.64	10.20
504.85	4.87
505.06	12.04
505.27	32.93
505.48	-10.69
505.68	2.21
505.89	3.65
506.10	-18.47
506.31	1.60
506.52	4.87
506.73	-3.32
506.94	-2.29
507.15	-0.66
507.36	4.46
507.57	-2.91
507.77	23.51
507.98	10.81
508.19	8.15
508.40	3.24
508.61	41.94
508.82	14.29
509.03	4.26
509.24	6.10
509.45	6.10
509.65	5.49
509.86	9.99
510.07	10.61
510.28	20.44
510.49	22.69
510.70	12.66
510.91	5.08
511.11	22.49
511.32	7.33
511.53	22.90
511.74	-5.57
511.95	-0.25
512.16	3.24
512.37	12.25
512.57	14.50
512.78	13.89
512.99	5.49
513.20	5.90
513.41	9.17
513.62	6.31
513.82	6.51
514.03	17.37
514.24	6.51
514.45	1.80
514.66	2.01
514.87	-3.11
515.07	11.02
515.28	29.65
515.49	15.52
515.70	8.56
515.91	2.42
516.11	8.97
516.32	16.14
516.53	8.15
516.74	21.87
516.95	18.19
517.16	-9.05
517.36	18.19
517.57	17.78
517.78	9.58
517.99	4.05
518.20	9.58
518.40	4.87
518.61	15.11
518.82	0.37
519.03	5.28
519.23	17.98
519.44	23.31
519.65	4.26
519.86	26.38
520.07	6.51
520.27	15.93
520.48	1.60
520.69	-7.21
520.90	-1.06
521.10	2.01
521.31	8.77
521.52	23.72
521.73	18.80
521.94	3.03
522.14	11.22
522.35	18.39
522.56	30.06
522.77	12.66
522.97	-11.30
523.18	6.10
523.39	8.15
523.60	15.11
523.80	9.17
524.01	20.03
524.22	6.51
524.43	18.60
524.63	-2.29
524.84	3.65
525.05	19.41
525.25	11.22
525.46	12.86
525.67	12.45
525.88	14.91
526.08	4.46
526.29	-16.83
526.50	18.39
526.71	20.64
526.91	31.91
527.12	16.96
527.33	27.40
527.53	-2.09
527.74	23.72
527.95	23.10
528.16	12.45
528.36	13.07
528.57	13.68
528.78	-14.38
528.98	-10.69
529.19	22.08
529.40	19.41
529.60	15.73
529.81	7.74
530.02	9.99
530.22	12.86
530.43	9.79
530.64	24.94
530.85	23.92
531.05	11.22
531.26	-6.18
531.47	7.54
531.67	1.19
531.88	18.60
532.09	7.74
532.29	-4.96
532.50	14.50
532.71	16.14
532.91	14.29
533.12	23.72
533.33	4.05
533.53	6.10
533.74	19.41
533.95	23.31
534.15	0.37
534.36	3.85
534.56	6.10
534.77	13.48
534.98	28.63
535.18	25.15
535.39	6.31
535.60	14.91
535.80	20.44
536.01	-2.91
536.22	35.39
536.42	37.23
536.63	14.70
536.83	19.01
537.04	17.98
537.25	28.84
537.45	3.85
537.66	29.86
537.87	11.02
538.07	11.43
538.28	28.02
538.48	12.66
538.69	11.43
538.90	26.58
539.10	-7.62
539.31	7.95
539.51	7.95
539.72	32.52
539.93	10.81
540.13	23.51
540.34	22.49
540.54	15.52
540.75	44.60
540.96	8.97
541.16	11.43
541.37	25.15
541.57	10.61
541.78	28.22
541.99	13.48
542.19	24.94
542.40	30.06
542.60	37.64
542.81	3.24
543.01	27.61
543.22	23.92
543.43	10.40
543.63	31.29
543.84	26.38
544.04	13.48
544.25	17.78
544.45	6.72
544.66	15.73
544.87	11.22
545.07	29.45
545.28	27.61
545.48	15.32
545.69	21.87
545.89	22.90
546.10	26.58
546.30	31.70
546.51	8.15
546.71	23.10
546.92	8.56
547.13	11.43
547.33	16.96
547.54	30.68
547.74	9.99
547.95	17.78
548.15	11.43
548.36	11.84
548.56	18.60
548.77	2.83
548.97	16.34
549.18	25.35
549.38	26.38
549.59	9.38
549.79	18.39
550.00	39.69
550.20	6.10
550.41	7.33
550.61	22.28
550.82	33.55
551.02	1.39
551.23	9.38
551.43	-0.86
551.64	20.64
551.84	6.92
552.05	1.60
552.25	15.52
552.46	7.13
552.66	15.32
552.87	13.89
553.07	-3.11
553.28	6.72
553.48	14.50
553.69	-11.10
553.89	19.21
554.10	30.88
554.30	5.69
554.51	42.56
554.71	18.19
554.92	19.62
555.12	-5.98
555.32	33.55
555.53	-0.04
555.73	18.19
555.94	7.74
556.14	-4.34
556.35	0.98
556.55	13.27
556.76	15.52
556.96	2.83
557.17	17.16
557.37	11.43
557.57	15.73
557.78	10.20
557.98	7.13
558.19	4.87
558.39	2.83
558.60	13.07
558.80	9.17
559.00	26.58
559.21	12.45
559.41	23.10
559.62	16.55
559.82	16.75
560.03	15.93
560.23	19.62
560.43	14.70
560.64	7.33
560.84	30.06
561.05	16.34
561.25	-1.27
561.45	8.77
561.66	28.84
561.86	23.72
562.07	15.11
562.27	11.02
562.47	-8.23
562.68	12.04
562.88	5.08
563.09	2.42
563.29	10.81
563.49	17.37
563.70	2.21
563.90	23.92
564.11	-8.44
564.31	16.14
564.51	-3.32
564.72	31.91
564.92	9.17
565.12	1.80
565.33	0.78
565.53	3.44
565.74	14.70
565.94	1.80
566.14	7.13
566.35	16.14
566.55	-11.71
566.75	24.13
566.96	17.98
567.16	32.93
567.36	6.72
567.57	-4.55
567.77	11.43
567.98	17.57
568.18	8.97
568.38	24.53
568.59	-7.62
568.79	29.65
568.99	1.60
569.20	9.38
569.40	25.97
569.60	-9.67
569.81	5.49
570.01	15.11
570.21	-1.06
570.42	0.98
570.62	22.08
570.82	15.73
571.03	7.54
571.23	15.11
571.43	14.09
571.63	13.89
571.84	10.20
572.04	34.36
572.24	-6.59
572.45	-0.66
572.65	-3.32
572.85	9.38
573.06	-2.70
573.26	11.22
573.46	12.04
573.67	-1.47
573.87	9.99
574.07	27.40
574.27	17.57
574.48	22.08
574.68	-6.39
574.88	35.18
575.09	25.15
575.29	25.97
575.49	17.98
575.69	4.05
575.90	2.21
576.10	15.11
576.30	24.33
576.51	21.87
576.71	22.90
576.91	32.11
577.11	-4.14
577.32	5.28
577.52	28.43
577.72	24.74
577.92	6.31
578.13	10.40
578.33	23.92
578.53	-6.18
578.73	11.22
578.94	20.64
579.14	13.27
579.34	21.05
579.54	16.34
579.75	19.82
579.95	-5.57
580.15	19.01
580.35	23.31
580.56	11.22
580.76	-0.86
580.96	30.06
581.16	31.91
581.37	14.91
581.57	4.67
581.77	21.87
581.97	5.08
582.17	-0.45
582.38	10.40
582.58	15.73
582.78	10.61
582.98	24.74
583.19	-0.45
583.39	18.39
583.59	16.55
583.79	19.82
583.99	7.33
584.20	9.99
584.40	1.19
584.60	24.53
584.80	24.94
585.00	31.50
585.21	17.16
585.41	13.68
585.61	9.58
585.81	5.90
586.01	23.92
586.22	7.54
586.42	14.50
586.62	-0.04
586.82	43.99
587.02	24.33
587.22	30.47
587.43	17.78
587.63	9.79
587.83	27.40
588.03	17.16
588.23	19.21
588.43	9.99
588.64	14.29
588.84	6.10
589.04	19.01
589.24	5.90
589.44	19.82
589.64	6.51
589.85	13.48
590.05	-6.39
590.25	-1.06
590.45	10.20
590.65	18.60
590.85	15.32
591.05	26.38
591.26	8.97
591.46	18.80
591.66	-7.00
591.86	31.29
592.06	25.97
592.26	8.36
592.46	5.49
592.67	32.93
592.87	-10.08
593.07	27.81
593.27	17.98
593.47	8.97
593.67	10.40
593.87	22.28
594.07	5.49
594.28	8.97
594.48	20.85
594.68	24.13
594.88	12.66
595.08	19.41
595.28	19.01
595.48	9.99
595.68	7.74
595.88	12.45
596.08	-1.27
596.29	7.13
596.49	3.44
596.69	16.14
596.89	14.91
597.09	28.02
597.29	1.39
597.49	3.03
597.69	8.15
597.89	16.55
598.09	5.08
598.29	27.61
598.50	3.85
598.70	21.67
598.90	15.73
599.10	29.65
599.30	24.13
599.50	4.46
599.70	23.31
599.90	30.47
600.10	27.20
600.30	51.77
600.50	17.98
600.70	22.90
600.90	19.82
601.10	7.95
601.30	5.49
601.50	14.70
601.71	11.63
601.91	20.23
602.11	21.67
602.31	24.74
602.51	15.73
602.71	6.92
602.91	23.92
603.11	11.02
603.31	-4.55
603.51	34.77
603.71	-1.68
603.91	22.08
604.11	17.57
604.31	15.73
604.51	23.92
604.71	14.50
604.91	25.76
605.11	22.69
605.31	15.52
605.51	23.92
605.71	11.84
605.91	27.20
606.11	12.86
606.31	25.35
606.51	13.27
606.71	5.69
606.91	13.89
607.11	26.79
607.31	42.35
607.51	11.84
607.71	7.13
607.91	21.87
608.11	12.45
608.31	25.15
608.51	18.19
608.71	24.94
608.91	28.84
609.11	19.21
609.31	32.11
609.51	22.69
609.71	18.39
609.91	15.52
610.11	53.41
610.31	28.63
610.51	9.79
610.71	14.29
610.91	19.62
611.11	31.29
611.31	8.97
611.51	11.84
611.71	10.20
611.91	15.52
612.11	-3.52
612.31	-2.91
612.51	20.44
612.71	44.60
612.90	34.16
613.10	29.24
613.30	16.96
613.50	1.39
613.70	6.92
613.90	26.99
614.10	9.17
614.30	25.15
614.50	32.93
614.70	40.71
614.90	12.66
615.10	15.32
615.30	10.61
615.50	0.98
615.70	32.52
615.90	-6.18
616.09	0.57
616.29	6.51
616.49	23.72
616.69	13.68
616.89	33.75
617.09	18.19
617.29	32.11
617.49	38.67
617.69	9.99
617.89	-1.47
618.09	-0.04
618.28	2.42
618.48	26.79
618.68	31.50
618.88	19.01
619.08	39.69
619.28	34.77
619.48	20.03
619.68	-4.14
619.88	29.04
620.08	9.79
620.27	13.89
620.47	-1.68
620.67	42.35
620.87	23.51
621.07	32.52
621.27	5.90
621.47	33.14
621.67	47.47
621.86	15.52
622.06	25.35
622.26	29.24
622.46	-1.06
622.66	35.59
622.86	18.39
623.06	23.51
623.25	13.48
623.45	18.80
623.65	20.44
623.85	46.65
624.05	4.26
624.25	17.98
624.45	16.75
624.64	37.64
624.84	29.24
625.04	19.41
625.24	8.56
625.44	22.90
625.64	12.86
625.83	9.17
626.03	25.97
626.23	15.32
626.43	25.35
626.63	36.62
626.83	28.22
627.02	37.85
627.22	2.01
627.42	22.28
627.62	11.22
627.82	16.34
628.02	12.45
628.21	35.80
628.41	18.60
628.61	44.20
628.81	-1.06
629.01	35.39
629.20	24.53
629.40	21.26
629.60	-0.86
629.80	19.21
630.00	29.45
630.19	47.27
630.39	20.23
630.59	35.80
630.79	22.69
630.99	30.68
631.18	21.05
631.38	34.98
631.58	27.40
631.78	32.11
631.98	37.23
632.17	30.06
632.37	21.05
632.57	8.56
632.77	19.01
632.96	16.96
633.16	32.52
633.36	13.48
633.56	21.87
633.76	29.04
633.95	27.40
634.15	25.76
634.35	26.38
634.55	33.75
634.74	21.67
634.94	38.87
635.14	30.06
635.34	51.36
635.53	31.29
635.73	37.85
635.93	20.03
636.13	33.75
636.32	22.69
636.52	38.67
636.72	6.31
636.92	31.50
637.11	10.40
637.31	52.80
637.51	31.09
637.70	24.94
637.90	29.24
638.10	8.56
638.30	9.99
638.49	48.50
638.69	46.24
638.89	0.37
639.09	33.14
639.28	43.38
639.48	42.35
639.68	22.08
639.87	26.38
640.07	30.06
640.27	13.89
640.47	24.74
640.66	10.61
640.86	40.71
641.06	30.47
641.25	54.64
641.45	17.37
641.65	37.03
641.84	29.24
642.04	34.16
642.24	28.02
642.44	25.76
642.63	18.80
642.83	46.86
643.03	49.93
643.22	42.56
643.42	14.50
643.62	50.95
643.81	23.72
644.01	67.95
644.21	35.39
644.40	43.99
644.60	42.76
644.80	38.05
644.99	37.23
645.19	42.15
645.39	31.91
645.58	22.08
645.78	12.45
645.98	25.76
646.17	31.91
646.37	16.96
646.57	35.39
646.76	8.77
646.96	10.40
647.16	42.35
647.35	25.15
647.55	35.18
647.75	32.52
647.94	26.17
648.14	45.42
648.33	40.10
648.53	44.60
648.73	20.64
648.92	42.56
649.12	33.96
649.32	40.51
649.51	41.74
649.71	21.05
649.90	33.75
650.10	37.44
650.30	33.34
650.49	45.83
650.69	47.27
650.89	40.71
651.08	25.35
651.28	37.03
651.47	56.28
651.67	59.35
651.87	49.52
652.06	54.44
652.26	60.78
652.45	69.59
652.65	63.65
652.85	41.33
653.04	41.12
653.24	51.57
653.43	38.05
653.63	42.35
653.83	60.78
654.02	55.46
654.22	58.12
654.41	58.33
654.61	66.11
654.81	46.04
655.00	32.32
655.20	43.38
655.39	48.09
655.59	41.74
655.78	53.62
655.98	44.81
656.18	56.48
656.37	61.60
656.57	61.60
656.76	48.91
656.96	62.01
657.15	65.08
657.35	78.81
657.55	59.76
657.74	52.39
657.94	60.17
658.13	55.05
658.33	66.31
658.52	67.75
658.72	66.11
658.91	53.21
659.11	72.25
659.30	94.17
659.50	66.93
659.70	65.90
659.89	65.29
660.09	73.48
660.28	59.15
660.48	84.95
660.67	70.00
660.87	51.36
661.06	74.71
661.26	70.41
661.45	54.23
661.65	68.77
661.84	54.44
662.04	72.87
662.23	76.96
662.43	75.94
662.62	59.96
662.82	70.61
663.01	49.52
663.21	83.93
663.41	80.24
663.60	58.74
663.80	80.44
663.99	101.13
664.19	86.38
664.38	72.46
664.58	101.13
664.77	80.44
664.97	113.21
665.16	104.41
665.35	74.71
665.55	89.66
665.74	110.34
665.94	82.08
666.13	91.50
666.33	129.39
666.52	104.41
666.72	107.27
666.91	123.66
667.11	98.47
667.30	138.61
667.50	115.67
667.69	112.19
667.89	116.69
668.08	139.02
668.28	120.99
668.47	131.03
668.67	137.79
668.86	128.37
669.05	135.12
669.25	132.05
669.44	156.63
669.64	146.80
669.83	159.09
670.03	155.40
670.22	178.54
670.42	137.17
670.61	186.12
670.81	162.77
671.00	161.54
671.19	165.84
671.39	180.18
671.58	161.95
671.78	202.71
671.97	193.29
672.17	208.24
672.36	193.29
672.55	241.00
672.75	220.93
672.94	237.11
673.14	223.80
673.33	250.63
673.53	246.94
673.72	245.72
673.91	232.81
674.11	269.06
674.30	335.21
674.50	375.56
674.69	483.89
674.88	647.94
675.08	839.63
675.27	1124.09
675.47	1442.96
675.66	1904.16
675.85	2404.89
676.05	3042.22
676.24	3674.83
676.44	4424.60
676.63	5387.96
676.82	6385.12
677.02	7472.38
677.21	8770.59
677.41	10137.40
677.60	11585.73
677.79	13030.98
677.99	14776.26
678.18	16491.02
678.37	18349.55
678.57	20065.75
678.76	22205.06
678.96	24519.06
679.15	26288.91
679.34	28784.36
679.54	31191.34
679.73	33467.45
679.92	35776.74
680.12	37726.62
680.31	40150.39
680.51	42363.63
680.70	44151.71
680.89	46867.93
681.09	48583.31
681.28	50357.26
681.47	51494.70
681.67	53901.88
681.86	54696.90
682.05	55750.38
682.25	57012.95
682.44	57408.82
682.63	58488.72
682.83	59131.58
683.02	58902.20
683.21	59040.44
683.41	59069.52
683.60	58308.29
683.79	58671.81
683.99	57252.77
684.18	56985.30
684.37	55616.85
684.57	54411.42
684.76	53453.58
684.95	51675.33
685.15	49599.92
685.34	47875.12
685.53	45789.26
685.73	43895.71
685.92	41687.18
686.11	39618.53
686.31	37156.67
686.50	35139.42
686.69	32854.29
686.88	30567.53
687.08	27984.02
687.27	25781.02
687.46	23924.74
687.66	21986.95
687.85	19863.00
688.04	17849.65
688.24	15747.00
688.43	14312.60
688.62	12811.03
688.81	11232.04
689.01	9831.23
689.20	8568.05
689.39	7426.10
689.59	6290.09
689.78	5356.83
689.97	4486.85
690.16	3713.13
690.36	3145.23
690.55	2469.40
690.74	1964.17
690.93	1533.07
691.13	1179.38
691.32	896.15
691.51	696.47
691.70	537.76
691.90	439.25
692.09	334.80
692.28	292.82
692.48	283.40
692.67	236.09
692.86	223.60
693.05	201.89
693.25	202.91
693.44	194.11
693.63	189.81
693.82	171.58
694.01	168.92
694.21	180.39
694.40	151.51
694.59	157.86
694.78	152.12
694.98	151.71
695.17	152.53
695.36	129.39
695.55	155.60
695.75	155.60
695.94	141.06
696.13	162.57
696.32	131.44
696.51	128.78
696.71	120.38
696.90	133.08
697.09	127.96
697.28	126.32
697.48	127.34
697.67	104.61
697.86	115.05
698.05	140.24
698.24	104.00
698.44	125.50
698.63	121.81
698.82	97.85
699.01	127.34
699.20	136.76
699.40	79.83
699.59	126.52
699.78	115.87
699.97	121.20
700.16	124.68
700.36	117.72
700.55	98.67
700.74	127.96
700.93	99.70
701.12	91.09
701.31	88.84
701.51	105.02
701.70	106.45
701.89	103.38
702.08	116.49
702.27	94.17
702.46	117.10
702.66	113.83
702.85	117.31
703.04	117.51
703.23	107.89
703.42	120.17
703.61	133.90
703.81	106.04
704.00	105.84
704.19	95.80
704.38	110.34
704.57	116.28
704.76	94.17
704.96	109.73
705.15	131.23
705.34	113.42
705.53	122.43
705.72	114.65
705.91	101.54
706.10	109.53
706.30	121.61
706.49	116.28
706.68	92.53
706.87	116.90
707.06	127.75
707.25	107.89
707.44	111.37
707.63	103.38
707.83	88.64
708.02	125.50
708.21	100.31
708.40	110.34
708.59	98.26
708.78	90.89
708.97	109.12
709.16	97.24
709.35	108.71
709.55	111.16
709.74	92.32
709.93	110.14
710.12	101.33
710.31	110.55
710.50	74.71
710.69	85.36
710.88	89.25
711.07	64.88
711.26	86.59
711.46	96.83
711.65	73.28
711.84	91.91
712.03	88.43
712.22	86.79
712.41	87.82
712.60	75.12
712.79	72.46
712.98	73.48
713.17	51.16
713.36	62.01
713.55	57.71
713.75	41.12
713.94	69.18
714.13	71.84
714.32	36.82
714.51	50.75
714.70	56.69
714.89	51.98
715.08	62.63
715.27	59.15
715.46	55.66
715.65	79.22
715.84	63.04
716.03	43.99
716.22	42.15
716.41	39.89
716.60	60.17
716.79	37.85
716.99	49.11
717.18	57.30
717.37	41.94
717.56	30.47
717.75	48.50
717.94	28.02
718.13	36.00
718.32	34.77
718.51	13.48
718.70	28.02
718.89	20.44
719.08	18.19
719.27	51.98
719.46	34.36
719.65	21.87
719.84	31.29
720.03	24.94
720.22	36.62
720.41	21.46
720.60	17.78
720.79	10.40
720.98	27.81
721.17	14.70
721.36	12.25
721.55	34.36
721.74	39.08
721.93	15.93
722.12	14.09
722.31	19.21
722.50	12.45
722.69	13.07
722.88	4.46
723.07	23.72
723.26	25.76
723.45	9.38
723.64	2.62
723.83	22.49
724.02	22.69
724.21	25.35
724.40	32.52
724.59	11.43
724.78	52.39
724.97	22.90
725.16	21.46
725.35	8.97
725.54	26.99
725.73	23.10
725.92	17.78
726.11	-1.88
726.30	24.53
726.49	7.95
726.68	25.76
726.87	25.97
727.06	-2.50
727.25	13.07
727.43	22.08
727.62	20.23
727.81	34.77
728.00	13.07
728.19	9.99
728.38	12.86
728.57	18.39
728.76	3.85
728.95	22.90
729.14	5.90
729.33	36.62
729.52	32.93
729.71	4.87
729.90	-1.47
730.09	16.75
730.28	6.72
730.47	12.25
730.65	5.90
730.84	38.46
731.03	10.20
731.22	20.44
731.41	3.65
731.60	23.10
731.79	11.63
731.98	4.46
732.17	25.76
732.36	53.82
732.55	23.51
732.74	27.20
732.92	19.82
733.11	19.41
733.30	8.97
733.49	24.13
733.68	8.56
733.87	1.80
734.06	8.56
734.25	3.03
734.44	37.23
734.63	31.91
734.81	8.36
735.00	11.22
735.19	3.65
735.38	11.84
735.57	6.92
735.76	12.86
735.95	7.74
736.14	21.46
736.33	2.21
736.51	12.04
736.70	8.97
736.89	22.90
737.08	3.85
737.27	30.68
737.46	10.61
737.65	25.15
737.83	19.21
738.02	9.17
738.21	8.56
738.40	17.78
738.59	19.82
738.78	12.25
738.97	3.65
739.16	14.09
739.34	16.96
739.53	22.08
739.72	8.56
739.91	13.89
740.10	14.70
740.29	28.22
740.47	2.62
740.66	22.08
740.85	2.83
741.04	19.01
741.23	-12.94
741.42	-1.68
741.60	-3.73
741.79	10.81
741.98	-17.86
742.17	22.28
742.36	14.91
742.55	16.55
742.73	2.21
742.92	26.99
743.11	8.36
743.30	40.30
743.49	10.61
743.68	26.99
743.86	-1.47
744.05	24.53
744.24	7.54
744.43	17.16
744.62	4.87
744.80	25.35
744.99	11.02
745.18	20.85
745.37	16.96
745.56	6.92
745.74	0.57
745.93	23.10
746.12	17.78
746.31	-5.98
746.50	5.69
746.68	12.25
746.87	7.74
747.06	-2.29
747.25	21.87
747.44	12.45
747.62	-15.81
747.81	3.44
748.00	5.90
748.19	9.17
748.37	19.21
748.56	11.63
748.75	16.75
748.94	30.27
749.13	8.77
749.31	12.25
749.50	25.97
749.69	16.75
749.88	10.20
750.06	8.36
750.25	14.91
750.44	16.75
750.63	-2.09
750.81	-1.47
751.00	6.31
751.19	-10.28
751.38	19.21
751.56	7.74
751.75	11.84
751.94	23.51
752.13	18.60
752.31	30.68
752.50	13.68
752.69	-5.98
752.88	-5.16
753.06	12.04
753.25	4.87
753.44	9.79
753.63	7.54
753.81	7.54
754.00	3.24
754.19	14.70
754.37	-10.08
754.56	33.34
754.75	15.11
754.94	-10.69
755.12	9.58
755.31	15.73
755.50	18.19
755.69	29.45
755.87	10.61
756.06	16.14
756.25	23.10
756.43	14.91
756.62	20.64
756.81	20.64
756.99	4.67
757.18	7.74
757.37	28.84
757.56	11.43
757.74	7.13
757.93	-1.06
758.12	2.83
758.30	12.66
758.49	22.49
758.68	10.61
758.86	20.85
759.05	1.60
759.24	12.66
759.42	-0.45
759.61	-9.26
759.80	7.33
759.99	-3.11
760.17	6.10
760.36	4.87
760.55	7.95
760.73	-4.34
760.92	20.23
761.11	9.99
761.29	29.86
761.48	0.16
761.67	21.46
761.85	16.75
762.04	-20.52
762.23	9.38
762.41	29.24
762.60	11.63
762.79	12.86
762.97	-12.53
763.16	21.87
763.34	3.44
763.53	10.81
763.72	-9.26
763.90	-8.03
764.09	12.66
764.28	7.54
764.46	0.57
764.65	34.77
764.84	26.38
765.02	2.42
765.21	22.08
765.40	32.73
765.58	20.44
765.77	-3.73
765.95	12.66
766.14	18.60
766.33	7.95
766.51	8.97
766.70	-6.59
766.89	20.23
767.07	-8.44
767.26	32.93
767.44	17.78
767.63	-3.93
767.82	8.36
768.00	19.01
768.19	6.31
768.37	11.02
768.56	3.65
768.75	21.05
768.93	-6.18
769.12	-30.15
769.30	8.97
769.49	6.10
769.68	-11.10
769.86	2.01
770.05	-3.32
770.23	7.95
770.42	9.17
770.61	-6.39
770.79	4.26
770.98	21.67
771.16	4.67
771.35	10.81
771.54	0.16
771.72	18.39
771.91	7.54
772.09	16.14
772.28	-14.17
772.46	23.72
772.65	9.38
772.84	0.16
773.02	20.23
773.21	29.04
773.39	8.36
773.58	14.09
773.76	0.57
773.95	-3.73
774.13	12.45
774.32	24.13
774.51	1.19
774.69	-8.44
774.88	-15.40
775.06	5.90
775.25	-22.16
775.43	-6.59
775.62	11.43
775.80	14.50
775.99	13.89
776.18	12.04
776.36	6.72
776.55	11.63
776.73	9.58
776.92	14.70
777.10	-0.86
777.29	22.28
777.47	-12.33
777.66	13.89
777.84	4.05
778.03	26.38
778.21	22.90
778.40	32.52
778.58	5.28
778.77	3.24
778.95	3.65
779.14	6.51
779.33	-4.34
779.51	2.21
779.70	8.15
779.88	6.51
780.07	6.10
780.25	10.81
780.44	20.85
780.62	16.34
780.81	-3.73
780.99	14.29
781.18	18.80
781.36	-5.98
781.55	-6.39
781.73	12.45
781.92	-1.88
782.10	21.46
782.29	-7.00
782.47	7.13
782.66	-0.45
782.84	0.98
783.03	-20.93
783.21	14.29
783.39	3.65
783.58	22.08
783.76	5.69
783.95	-2.09
784.13	-12.33
784.32	-4.14
784.50	-8.85
784.69	34.36
784.87	28.43
785.06	22.08
785.24	-24.21
785.43	3.24
785.61	18.19
785.80	21.87
785.98	-5.98
786.17	-5.98
786.35	23.51
786.53	17.37
786.72	4.87
786.90	13.27
787.09	27.81
787.27	21.05
787.46	-0.66
787.64	-1.88
787.83	11.84
788.01	15.11
788.19	6.10
788.38	4.46
788.56	1.80
788.75	-2.91
788.93	-7.82
789.12	6.72
789.30	0.78
789.49	13.68
789.67	8.77
789.85	24.74
790.04	-4.75
790.22	13.27
790.41	3.85
790.59	11.22
790.77	3.03
790.96	2.21
791.14	24.94
791.33	-10.69
791.51	3.65
791.70	26.38
791.88	-9.26
792.06	23.31
792.25	9.79
792.43	11.43
792.62	-15.20
792.80	22.49
792.98	0.16
793.17	5.69
793.35	-4.96
793.54	-0.66
793.72	-1.27
793.90	12.86
794.09	-1.06
794.27	-15.40
794.46	4.26
794.64	10.81
794.82	6.51
795.01	8.77
795.19	-21.54
795.37	8.56
795.56	18.60
795.74	14.29
795.93	7.95
796.11	24.13
796.29	0.78
796.48	-4.75
796.66	-0.04
796.84	7.33
797.03	25.56
797.21	13.89
797.40	-17.04
797.58	33.55
797.76	11.43
797.95	3.65
798.13	-1.06
798.31	23.51
798.50	-1.68
798.68	16.55
798.86	-0.04
799.05	-14.99
799.23	0.57
799.42	-0.66
799.60	13.27
799.78	22.69
799.97	6.51
800.15	29.86
800.33	-2.70
800.52	6.31
800.70	-4.55
800.88	11.84
801.07	3.24
801.25	-8.03
801.43	-4.34
801.62	13.68
801.80	4.46
801.98	15.11
802.17	7.33
802.35	8.97
802.53	1.39
802.72	3.03
802.90	10.81
803.08	15.11
803.26	22.69
803.45	-3.93
803.63	11.02
803.81	-1.88
804.00	-7.00
804.18	9.99
804.36	-1.06
804.55	16.96
804.73	12.45
804.91	-12.94
805.10	-13.76
805.28	7.54
805.46	-2.50
805.64	4.46
805.83	6.10
806.01	14.91
806.19	21.05
806.38	4.67
806.56	7.13
806.74	4.05
806.92	-6.39
807.11	2.42
807.29	4.26
807.47	30.06
807.66	-14.17
807.84	13.07
808.02	25.97
808.20	14.50
808.39	7.54
808.57	6.92
808.75	28.63
808.94	1.60
809.12	2.01
809.30	20.44
809.48	-9.87
809.67	7.54
809.85	-2.50
810.03	14.50
810.21	9.38
810.40	12.45
810.58	-6.39
810.76	14.91
810.94	-2.91
811.13	2.21
811.31	3.44
811.49	36.41
811.67	-0.66
811.86	40.51
812.04	-4.34
812.22	19.41
812.40	2.01
812.59	11.02
812.77	6.31
812.95	2.21
813.13	19.21
813.32	11.63
813.50	-1.06
813.68	19.82
813.86	-4.55
814.04	12.66
814.23	2.21
814.41	23.51
814.59	0.16
814.77	22.49
814.96	11.84
815.14	14.29
815.32	13.48
815.50	9.58
815.68	14.50
815.87	13.07
816.05	-13.97
816.23	-10.28
816.41	3.24
816.59	8.15
816.78	19.21
816.96	7.13
817.14	9.99
817.32	18.80
817.50	15.73
817.69	9.79
817.87	19.21
818.05	6.51
818.23	-13.56
818.41	11.84
818.60	22.28
818.78	2.83
818.96	10.81
819.14	1.80
819.32	-2.09
819.51	22.90
819.69	3.44
819.87	11.02
820.05	9.99
820.23	-12.74
820.41	-3.93
820.60	18.19
820.78	-3.93
820.96	24.13
821.14	-7.00
821.32	5.90
821.50	13.27
821.69	28.22
821.87	-2.09
822.05	-8.44
822.23	-7.41
822.41	15.73
822.59	11.22
822.78	-7.41
822.96	0.98
823.14	23.72
823.32	-8.44
823.50	-11.71
823.68	-1.06
823.86	7.74
824.05	-3.32
824.23	-1.88
824.41	8.77
824.59	5.69
824.77	3.85
824.95	9.99
825.13	7.13
825.32	15.73
825.50	14.70
825.68	0.16
825.86	25.35
826.04	5.28
826.22	11.02
826.40	14.29
826.58	-5.37
826.77	-8.03
826.95	-3.32
827.13	8.97
827.31	-1.68
827.49	19.62
827.67	22.69
827.85	15.11
828.03	15.73
828.22	22.08
828.40	-1.68
828.58	-5.57
828.76	18.80
828.94	19.41
829.12	-7.82
829.30	7.13
829.48	-9.26
829.66	31.09
829.84	-8.64
830.03	8.15
830.21	-5.37
830.39	24.33
830.57	-6.18
830.75	9.17
830.93	7.33
831.11	1.60
831.29	16.14
831.47	17.78
831.65	0.16
831.83	7.95
832.02	24.53
832.20	-0.25
832.38	12.45
832.56	11.84
832.74	-1.88
832.92	26.38
833.10	14.91
833.28	1.39
833.46	27.40
833.64	26.99
833.82	5.69
834.00	11.43
834.18	12.25
834.36	18.60
834.54	8.77
834.73	-0.04
834.91	-6.59
835.09	3.03
835.27	9.99
835.45	-12.12
835.63	-20.11
835.81	13.68
835.99	19.01
836.17	13.68
836.35	25.15
836.53	-14.79
836.71	9.38
836.89	13.48
837.07	-10.08
837.25	9.38
837.43	-16.02
837.61	15.52
837.79	14.70
837.97	-2.50
838.15	2.62
838.33	24.53
838.51	8.36
838.69	14.29
838.87	11.84
839.05	12.66
839.23	-15.61
839.41	0.16
839.59	2.42
839.78	6.51
839.96	-8.64
840.14	11.63
840.32	-13.35
840.50	5.90
840.68	-11.51
840.86	14.70
841.04	9.58
841.22	11.84
841.40	-2.70
841.58	7.33
841.76	19.01
841.94	5.28
842.12	7.74
842.30	-9.05
842.48	-9.05
842.66	-17.86
842.84	1.60
843.02	18.39
843.20	9.17
843.38	-6.59
843.55	-1.88
843.73	-5.57
843.91	2.01
844.09	8.97
844.27	7.54
844.45	14.09
844.63	12.04
844.81	12.86
844.99	-0.04
845.17	-5.98
845.35	7.95
845.53	-0.45
845.71	-5.37
845.89	1.19
846.07	-17.04
846.25	17.78
846.43	-6.39
846.61	16.55
846.79	4.26
846.97	-0.25
847.15	8.15
847.33	15.11
847.51	-5.98
847.69	-9.26
847.87	5.08
848.05	-6.18
848.23	0.57
848.41	-5.78
848.58	-10.49
848.76	1.39
848.94	5.90
849.12	-6.80
849.30	6.31
849.48	14.09
849.66	16.75
849.84	9.58
850.02	3.44
850.20	16.34
850.38	-1.47
850.56	-6.59
850.74	15.32
850.92	15.93
851.10	14.91
851.27	0.57
851.45	9.99
851.63	23.72
851.81	9.79
851.99	-0.25
852.17	-20.32
852.35	11.63
852.53	-6.80
852.71	22.90
852.89	3.24
853.07	1.19
853.24	-8.44
853.42	15.32
853.60	3.65
853.78	-0.66
853.96	-17.45
854.14	-3.73
854.32	15.93
854.50	30.88
854.68	0.37
854.86	29.45
855.03	8.15
855.21	9.38
855.39	11.02
855.57	14.70
855.75	32.11
855.93	7.54
856.11	18.19
856.29	17.98
856.47	22.90
856.64	20.85
856.82	-0.86
857.00	-2.29
857.18	-12.12
857.36	3.03
857.54	19.01
857.72	-6.80
857.90	17.37
858.07	-6.39
858.25	-6.80
858.43	24.94
858.61	14.70
858.79	-2.29
858.97	20.03
859.15	16.75
859.32	0.78
859.50	26.79
859.68	0.37
859.86	3.85
860.04	-13.97
860.22	13.68
860.40	15.11
860.57	16.96
860.75	20.44
860.93	26.38
861.11	16.14
861.29	-2.29
861.47	13.68
861.64	-16.22
861.82	4.87
862.00	9.79
862.18	-18.88
862.36	26.17
862.54	-5.98
862.71	-6.18
862.89	-5.37
863.07	-3.32
863.25	-3.93
863.43	23.92
863.61	-10.90
863.78	11.22
863.96	-3.93
864.14	8.77
864.32	20.85
864.50	18.80
864.67	-10.28
864.85	4.26
865.03	19.82
865.21	-10.28
865.39	6.10
865.57	-8.85
865.74	0.37
865.92	13.68
866.10	-13.97
866.28	38.26
866.46	9.99
866.63	7.95
866.81	25.15
866.99	4.26
867.17	-1.47
867.34	21.67
867.52	10.61
867.70	4.26
867.88	17.16
868.06	7.74
868.23	2.83
868.41	14.29
868.59	-13.35
868.77	-3.32
868.95	2.62
869.12	6.92
869.30	18.39
869.48	-8.44
869.66	6.72
869.83	17.98
870.01	-12.74
870.19	32.11
870.37	4.46
870.55	18.39
870.72	4.67
870.90	9.17
871.08	13.27
871.26	15.32
871.43	4.26
871.61	-12.74
871.79	-5.16
871.97	-2.09
872.14	-18.88
872.32	0.16
872.50	-18.68
872.68	9.79
872.85	-3.11
873.03	-9.05
873.21	-1.88
873.39	16.75
873.56	8.56
873.74	23.31
873.92	7.54
874.10	4.67
874.27	-9.67
874.45	1.80
874.63	-11.51
874.80	-2.70
874.98	-16.63
875.16	6.72
875.34	6.51
875.51	-10.69
875.69	13.68
875.87	12.66
876.05	10.40
876.22	8.97
876.40	-5.16
876.58	9.38
876.75	-3.73
876.93	2.01
877.11	3.65
877.29	4.67
877.46	-29.94
877.64	0.16
877.82	-9.87
877.99	11.84
878.17	-1.68
878.35	-5.16
878.52	11.02
878.70	20.23
878.88	14.50
879.06	-4.14
879.23	-14.17
879.41	12.45
879.59	4.67
879.76	-0.86
879.94	1.19
880.12	13.68
880.29	-0.86
880.47	20.64
880.65	-13.56
880.82	0.37
881.00	-3.93
881.18	13.27
881.36	25.56
881.53	5.08
881.71	-2.29
881.89	-9.67
882.06	-8.23
882.24	9.79
882.42	9.17
882.59	18.19
882.77	10.20
882.95	14.70
883.12	11.63
883.30	26.79
883.48	7.33
883.65	5.28
883.83	17.37
884.01	39.08
884.18	-5.57
884.36	9.79
884.54	2.21
884.71	14.29
884.89	-7.00
885.06	15.93
885.24	18.60
885.42	-10.28
885.59	5.08
885.77	21.26
885.95	12.66
886.12	26.79
886.30	11.63
886.48	17.16
886.65	-2.50
886.83	3.44
887.01	-6.39
887.18	7.95
887.36	3.03
887.53	7.13
887.71	4.46
887.89	16.34
888.06	5.90
888.24	14.91
888.42	27.20
888.59	8.77
888.77	15.93
888.94	-0.66
889.12	5.28
889.30	15.11
889.47	-22.98
889.65	17.37
889.82	-5.37
890.00	21.67
890.18	18.19
890.35	13.27
890.53	7.33
890.71	-13.56
890.88	-7.00
891.06	14.70
891.23	3.65
891.41	6.51
891.59	9.17
891.76	17.37
891.94	14.70
892.11	28.84
892.29	4.46
892.46	15.73
892.64	-3.32
892.82	12.25
892.99	-10.90
893.17	5.69
893.34	27.40
893.52	7.13
893.70	4.26
893.87	10.81
894.05	6.31
894.22	20.44
894.40	24.33
894.57	-1.47
894.75	12.86
894.93	-8.64
895.10	1.80
895.28	12.66
895.45	21.87
895.63	16.55
895.80	11.63
895.98	2.62
896.16	2.21
896.33	-1.27
896.51	2.21
896.68	8.56
896.86	18.60
897.03	17.98
897.21	10.81
897.38	18.60
897.56	-14.58
897.74	11.22
897.91	20.23
898.09	10.81
898.26	12.04
898.44	1.60
898.61	28.22
898.79	0.98
898.96	16.55
899.14	13.89
899.31	7.54
899.49	25.15
899.67	0.57
899.84	-6.59
900.02	36.62
900.19	10.61
900.37	-4.75
900.54	6.31
900.72	-12.12
900.89	1.19
901.07	-1.06
901.24	-8.23
901.42	27.81
901.59	7.95
901.77	18.60
901.94	20.85
902.12	9.99
902.29	40.30
902.47	7.33
902.64	2.42
902.82	0.57
902.99	-3.52
903.17	7.54
903.34	9.58
903.52	23.92
903.69	9.38
903.87	-6.80
904.04	-4.75
904.22	4.46
904.39	-0.45
904.57	22.49
904.74	11.43
904.92	15.52
905.09	16.14
905.27	-0.25
905.44	7.74
905.62	-0.25
905.79	4.46
905.97	-0.04
906.14	10.81
906.32	11.43
906.49	-5.98
906.67	15.73
906.84	7.33
907.02	9.17
907.19	18.39
907.37	-9.26
907.54	-7.21
907.72	0.57
907.89	6.72
908.06	25.97
908.24	13.89
908.41	20.64
908.59	11.63
908.76	4.46
908.94	1.39
909.11	11.84
909.29	10.40
909.46	8.15
909.64	7.33
909.81	-14.79
909.99	17.16
910.16	-1.68
910.33	-1.47
910.51	11.02
910.68	4.87
910.86	-1.88
911.03	6.92
911.21	5.08
911.38	-1.47
911.56	23.10
911.73	-5.57
911.90	-0.45
912.08	-0.45
912.25	18.39
912.43	2.83
912.60	-2.09
912.78	-0.04
912.95	-3.52
913.12	7.13
913.30	-12.12
913.47	-6.59
913.65	4.46
913.82	15.93
914.00	5.49
914.17	-7.62
914.34	15.52
914.52	10.61
914.69	-8.23
914.87	10.20
915.04	11.02
915.21	19.21
915.39	8.15
915.56	-7.21
915.74	4.87
915.91	11.43
916.08	-8.03
916.26	16.96
916.43	-0.04
916.61	-8.64
916.78	7.74
916.95	-1.27
917.13	-6.39
917.30	24.94
917.48	-10.08
917.65	11.22
917.82	-6.59
918.00	1.39
918.17	6.72
918.35	14.29
918.52	13.27
918.69	-5.37
918.87	10.40
919.04	-0.66
919.22	-7.21
919.39	-1.68
919.56	0.98
919.74	12.86
919.91	6.10
920.08	9.99
920.26	3.85
920.43	17.57
920.61	-0.45
920.78	11.22
920.95	-10.69
921.13	14.91
921.30	4.05
921.47	-2.29
921.65	-16.42
921.82	-0.25
921.99	16.55
922.17	11.43
922.34	-8.23
922.51	10.61
922.69	3.03
922.86	4.05
923.04	13.27
923.21	10.20
923.38	-1.88
923.56	0.16
923.73	1.80
923.90	24.13
924.08	2.01
924.25	12.45
924.42	25.76
924.60	11.43
924.77	7.33
924.94	11.63
925.12	11.22
925.29	8.97
925.46	-14.58
925.64	20.03
925.81	-3.73
925.98	10.40
926.16	1.80
926.33	10.40
926.50	-8.64
926.68	-6.39
926.85	7.33
927.02	21.05
927.19	-0.66
927.37	30.88
927.54	9.79
927.71	-18.27
927.89	10.20
928.06	1.80
928.23	7.54
928.41	-4.55
928.58	3.44
928.75	13.07
928.93	24.94
929.10	4.67
929.27	3.85
929.44	9.79
929.62	2.62
929.79	12.04
929.96	-11.51
930.14	0.37
930.31	8.36
930.48	14.09
930.66	3.03
930.83	26.17
931.00	1.19
931.17	26.17
931.35	-0.66
931.52	2.83
931.69	3.85
931.87	13.07
932.04	17.78
932.21	-0.04
932.38	8.36
932.56	18.39
932.73	8.36
932.90	2.42
933.07	3.44
933.25	8.56
933.42	11.22
933.59	-4.55
933.77	5.08
933.94	-0.45
934.11	5.49
934.28	9.17
934.46	2.21
934.63	-0.86
934.80	-3.93
934.97	23.72
935.15	3.85
935.32	1.39
935.49	-17.45
935.66	18.39
935.84	-17.86
936.01	3.85
936.18	-0.66
936.35	-10.49
936.53	2.62
936.70	9.79
936.87	-16.02
937.04	17.78
937.22	2.83
937.39	-8.23
937.56	-5.37
937.73	24.33
937.91	11.84
938.08	16.34
938.25	3.65
938.42	0.16
938.59	-6.59
938.77	10.61
938.94	3.85
939.11	2.21
939.28	-7.21
939.46	6.10
939.63	1.39
939.80	0.37
939.97	11.84
940.14	14.09
940.32	12.25
940.49	20.23
940.66	16.55
940.83	-3.32
941.00	3.24
941.18	-1.47
941.35	15.93
941.52	-9.26
941.69	5.90
941.87	-11.51
942.04	25.35
942.21	-11.10
942.38	-8.44
942.55	5.08
942.73	12.25
942.90	16.34
943.07	6.10
943.24	6.10
943.41	6.72
943.58	-11.10
943.76	9.38
943.93	4.87
944.10	10.61
944.27	4.46
944.44	-9.87
944.62	16.96
944.79	-3.52
944.96	24.74
945.13	20.64
945.30	21.26
945.47	-4.34
945.65	18.39
945.82	11.43
945.99	20.85
946.16	4.67
946.33	-7.00
946.50	-1.68
946.68	11.84
946.85	-2.91
947.02	27.40
947.19	9.99
947.36	-10.28
947.53	3.03
947.71	-9.46
947.88	8.15
948.05	-4.34
948.22	14.91
948.39	13.68
948.56	14.09
948.74	-2.91
948.91	-6.59
949.08	8.36
949.25	3.03
949.42	16.96
949.59	19.82
949.76	10.81
949.94	11.43
950.11	14.09
950.28	23.10
950.45	20.44
950.62	14.50
950.79	2.01
950.96	7.74
951.14	-4.55
951.31	-5.78
951.48	11.43
951.65	-4.14
951.82	15.52
951.99	2.62
952.16	15.11
952.33	-0.66
952.51	20.64
952.68	15.73
952.85	27.61
953.02	-5.78
953.19	9.17
953.36	-2.09
953.53	7.74
953.70	-1.27
953.87	-19.70
954.05	0.37
954.22	-10.69
954.39	15.32
954.56	0.16
954.73	-3.52
954.90	16.75
955.07	1.39
955.24	-0.66
955.41	26.17
955.58	0.16
955.76	3.03
955.93	-0.25
956.10	-8.03
956.27	14.91
956.44	11.22
956.61	7.13
956.78	6.72
956.95	2.62
957.12	-3.11
957.29	12.04
957.46	12.25
957.64	6.10
957.81	7.95
957.98	4.05
958.15	0.37
958.32	11.02
958.49	7.74
958.66	6.51
958.83	17.37
959.00	3.44
959.17	2.01
959.34	-0.86
959.51	-7.00
959.68	15.52
959.85	3.03
960.03	9.38
960.20	0.57
960.37	13.89
960.54	18.39
960.71	19.82
960.88	-5.57
961.05	-9.46
961.22	-1.88
961.39	-0.45
961.56	2.01
961.73	-9.05
961.90	8.56
962.07	16.14
962.24	-6.39
962.41	21.26
962.58	-5.16
962.75	12.66
962.92	6.51
963.09	7.74
963.26	1.60
963.44	-1.27
963.61	3.65
963.78	-7.21
963.95	-3.32
964.12	5.28
964.29	13.89
964.46	6.92
964.63	-7.41
964.80	23.72
964.97	-3.73
965.14	21.26
965.31	-2.09
965.48	19.21
965.65	4.67
965.82	-2.09
965.99	13.68
966.16	7.33
966.33	-10.90
966.50	10.81
966.67	-7.21
966.84	15.73
967.01	-8.64
967.18	2.62
967.35	17.16
967.52	-1.88
967.69	-3.11
967.86	10.40
968.03	-10.28
968.20	28.02
968.37	6.92
968.54	-9.67
968.71	-0.45
968.88	7.13
969.05	-5.37
969.22	8.15
969.39	-10.69
969.56	9.38
969.73	-13.35
969.90	14.91
970.07	21.26
970.24	27.20
970.41	3.65
970.58	12.25
970.75	38.46
970.92	-2.29
971.09	3.85
971.26	-2.09
971.43	3.03
971.60	23.51
971.77	-12.74
971.94	-11.71
972.11	9.17
972.28	-1.47
972.45	4.46
972.62	-0.66
972.79	-2.70
972.96	30.27
973.12	-8.23
973.29	23.31
973.46	-6.80
973.63	-9.67
973.80	8.36
973.97	6.51
974.14	4.05
974.31	8.97
974.48	-1.27
974.65	21.26
974.82	19.82
974.99	3.65
975.16	7.33
975.33	4.67
975.50	-8.23
975.67	2.21
975.84	2.83
976.01	-28.92
976.18	16.55
976.35	6.51
976.51	0.16
976.68	-5.37
976.85	12.66
977.02	-2.50
977.19	-4.55
977.36	8.56
977.53	3.03
977.70	3.24
977.87	-11.30
978.04	4.46
978.21	-3.73
978.38	30.27
978.55	-9.26
978.72	3.65
978.88	-20.11
979.05	0.98
979.22	-19.09
979.39	15.52
979.56	-6.59
979.73	19.82
979.90	21.67
980.07	19.21
980.24	-3.93
980.41	12.66
980.58	19.01
980.75	26.99
980.91	-6.39
981.08	15.11
981.25	12.04
981.42	13.48
981.59	3.03
981.76	5.08
981.93	0.57
982.10	3.85
982.27	6.31
982.44	3.24
982.60	14.70
982.77	12.86
982.94	-8.23
983.11	12.04
983.28	8.36
983.45	-30.35
983.62	-4.96
983.79	5.08
983.95	-4.34
984.12	13.07
984.29	6.72
984.46	-6.80
984.63	1.39
984.80	20.03
984.97	-7.00
985.14	29.04
985.30	21.26
985.47	6.10
985.64	8.97
985.81	6.92
985.98	-7.62
986.15	-2.70
986.32	18.19
986.49	-2.50
986.65	1.19
986.82	2.01
986.99	9.38
987.16	17.78
987.33	10.61
987.50	12.86
987.67	19.21
987.83	21.87
988.00	1.39
988.17	10.81
988.34	7.54
988.51	-19.91
988.68	0.37
988.84	4.05
989.01	-3.93
989.18	2.62
989.35	2.62
989.52	-1.06
989.69	14.50
989.86	-1.88
990.02	-12.94
990.19	13.89
990.36	13.89
990.53	17.57
990.70	7.95
990.87	3.44
991.03	4.87
991.20	16.55
991.37	-20.52
991.54	-5.57
991.71	6.92
991.87	15.11
992.04	4.46
992.21	-4.55
992.38	20.85
992.55	-1.47
992.72	5.08
992.88	-1.06
993.05	-15.61
993.22	5.08
993.39	-10.90
993.56	-1.06
993.72	1.80
993.89	19.41
994.06	12.66
994.23	8.36
994.40	0.98
994.56	15.93
994.73	6.92
994.90	20.64
995.07	7.95
995.24	-5.37
995.40	-13.76
995.57	-3.32
995.74	-0.45
995.91	18.19
996.08	12.25
996.24	-7.21
996.41	11.43
996.58	13.68
996.75	-13.97
996.92	19.41
997.08	-0.66
997.25	-0.86
997.42	-5.57
997.59	19.82
997.75	7.13
997.92	3.65
998.09	15.11
998.26	-1.27
998.43	-4.96
998.59	17.16
998.76	-5.78
998.93	21.87
999.10	14.29
999.26	8.97
999.43	10.81
999.60	8.56
999.77	17.78
999.93	-11.30
1000.10	19.41
1000.27	9.58
1000.44	-1.47
1000.60	3.85
1000.77	-5.98
1000.94	12.66
1001.11	-7.41
1001.28	14.09
1001.44	-11.30
1001.61	3.24
1001.78	5.90
1001.95	19.21
1002.11	13.07
1002.28	-8.85
1002.45	13.68
1002.61	6.10
1002.78	3.65
1002.95	-11.92
1003.12	3.44
1003.28	0.98
1003.45	-5.16
1003.62	10.40
1003.79	-0.86
1003.95	7.33
1004.12	-7.00
1004.29	4.87
1004.46	-2.09
1004.62	-5.16
1004.79	2.42
1004.96	30.06
1005.12	-5.98
1005.29	7.54
1005.46	11.22
1005.63	10.61
1005.79	2.62
1005.96	-4.75
1006.13	-13.35
1006.29	-0.04
1006.46	-8.03
1006.63	20.44
1006.80	11.02
1006.96	8.77
1007.13	3.03
1007.30	-2.50
1007.46	6.92
1007.63	4.05
1007.80	-1.06
1007.97	13.48
1008.13	-16.02
1008.30	10.81
1008.47	-1.47
1008.63	-8.64
1008.80	-5.78
1008.97	28.22
1009.13	5.69
1009.30	5.69
1009.47	-3.11
1009.64	-1.27
1009.80	21.05
1009.97	6.10
1010.14	4.67
1010.30	11.02
1010.47	-13.76
1010.64	-12.33
1010.80	8.97
1010.97	10.20
1011.14	2.83
1011.30	19.01
1011.47	2.42
1011.64	19.62
1011.80	22.90
1011.97	16.34
1012.14	13.27
1012.30	3.03
1012.47	2.83
1012.64	8.77
1012.80	9.99
1012.97	15.11
1013.14	10.61
1013.30	8.77
1013.47	5.69
1013.64	-16.22
1013.80	-11.71
1013.97	11.22
1014.14	2.01
1014.30	18.39
1014.47	-7.82
1014.64	7.33
1014.80	4.05
1014.97	-1.06
1015.14	21.46
1015.30	3.03
1015.47	-38.95
1015.64	24.94
1015.80	9.58
1015.97	20.64
1016.13	-10.49
1016.30	-4.55
1016.47	17.37
1016.63	-2.29
1016.80	5.08
1016.97	1.19
1017.13	-8.64
1017.30	3.65
1017.47	-3.32
1017.63	9.58
1017.80	-14.99
1017.96	17.78
1018.13	30.27
1018.30	-12.94
1018.46	6.51
1018.63	27.61
1018.80	0.57
1018.96	-1.68
1019.13	6.10
1019.29	11.02
1019.46	-11.92
1019.63	6.92
1019.79	-4.75
1019.96	17.57
1020.13	14.70
1020.29	5.49
1020.46	3.24
1020.62	12.25
1020.79	20.23
1020.96	-7.62
1021.12	9.17
1021.29	-0.04
1021.45	10.40
1021.62	11.43
1021.79	-16.02
1021.95	18.60
1022.12	2.21
1022.28	-5.78
1022.45	-8.03
1022.62	8.97
1022.78	0.98
1022.95	-3.52
1023.11	3.65
1023.28	5.08
1023.45	-12.33
1023.61	11.63
1023.78	-21.95
1023.94	3.85
1024.11	12.25
1024.27	9.17
1024.44	2.21
1024.61	14.50
1024.77	2.42
1024.94	5.28
1025.10	-13.97
1025.27	17.78
1025.43	-13.15
1025.60	-3.73
1025.77	17.16
1025.93	9.38
1026.10	7.54
1026.26	11.02
1026.43	11.22
1026.59	19.21
1026.76	-2.50
1026.93	8.56
1027.09	-6.39
1027.26	10.61
1027.42	-4.55
1027.59	1.80
1027.75	0.57
1027.92	27.40
1028.08	-4.14
1028.25	-8.23
1028.42	4.05
1028.58	3.65
1028.75	13.48
1028.91	7.13
1029.08	-6.18
1029.24	7.54
1029.41	22.08
1029.57	-9.87
1029.74	-25.03
1029.91	24.94
1030.07	8.36
1030.24	9.79
1030.40	18.39
1030.57	-2.09
1030.73	-7.21
1030.90	14.29
1031.06	1.19
1031.23	8.77
1031.39	-3.11
1031.56	7.95
1031.72	2.42
1031.89	-16.02
1032.05	23.31
1032.22	9.99
1032.38	-7.00
1032.55	21.46
1032.72	-5.57
1032.88	2.01
1033.05	-22.57
1033.21	3.44
1033.38	-5.37
1033.54	18.19
1033.71	16.75
1033.87	3.03
1034.04	7.13
1034.20	19.62
1034.37	4.87
1034.53	9.79
1034.70	28.02
1034.86	5.28
1035.03	-1.27
1035.19	10.81
1035.36	3.03
1035.52	21.05
1035.69	-12.53
1035.85	4.87
1036.02	24.74
1036.18	13.07
1036.35	-7.00
1036.51	14.91
1036.68	-11.92
1036.84	8.56
1037.01	-3.73
1037.17	23.10
1037.34	-1.47
1037.50	17.37
1037.67	6.10
>>>>>Finisci Dati dello Spettro Elaborati<<<<<
