337.57	-82.67
337.79	-82.67
338.02	-82.67
338.24	-56.87
338.47	-58.71
338.69	11.12
338.92	4.37
339.14	3.75
339.36	48.60
339.59	56.79
339.81	18.50
340.04	21.36
340.26	52.29
340.49	26.28
340.71	50.65
340.93	37.54
341.16	15.22
341.38	-7.31
341.61	19.52
341.83	79.94
342.05	39.59
342.28	16.24
342.50	41.43
342.73	20.13
342.95	53.31
343.17	7.44
343.40	18.91
343.62	-4.03
343.85	23.41
344.07	14.40
344.29	-15.50
344.52	-3.42
344.74	34.27
344.97	5.39
345.19	-11.61
345.41	41.64
345.64	2.52
345.86	47.37
346.08	32.83
346.31	3.14
346.53	15.83
346.76	4.77
346.98	64.78
347.20	42.25
347.43	28.33
347.65	26.07
347.87	34.27
348.10	-2.60
348.32	44.10
348.54	43.48
348.77	14.61
348.99	40.20
349.21	69.70
349.44	37.13
349.66	29.15
349.88	27.30
350.11	23.62
350.33	17.27
350.55	63.35
350.78	-13.66
351.00	74.82
351.22	63.76
351.45	-2.19
351.67	-13.25
351.89	11.74
352.12	-3.83
352.34	49.42
352.56	26.89
352.79	18.09
353.01	12.97
353.23	5.39
353.45	58.02
353.68	61.71
353.90	36.93
354.12	37.95
354.35	21.98
354.57	38.57
354.79	44.51
355.01	54.75
355.24	3.14
355.46	40.41
355.68	-3.42
355.91	46.14
356.13	42.05
356.35	14.61
356.57	43.28
356.80	0.47
357.02	1.50
357.24	-0.35
357.46	24.23
357.69	21.98
357.91	49.63
358.13	-10.38
358.35	34.27
358.58	47.99
358.80	7.03
359.02	37.75
359.24	35.70
359.47	51.06
359.69	43.69
359.91	-20.01
360.13	46.96
360.36	-9.36
360.58	43.89
360.80	16.45
361.02	27.10
361.25	36.52
361.47	46.96
361.69	62.12
361.91	23.21
362.13	17.47
362.36	71.13
362.58	18.50
362.80	54.54
363.02	-10.38
363.25	30.58
363.47	19.93
363.69	63.76
363.91	123.76
364.13	31.40
364.36	43.28
364.58	4.37
364.80	21.77
365.02	57.20
365.24	16.65
365.47	-6.08
365.69	9.28
365.91	10.92
366.13	10.51
366.35	-0.35
366.57	19.73
366.80	17.27
367.02	36.52
367.24	41.64
367.46	55.97
367.68	45.53
367.90	50.03
368.13	36.72
368.35	30.58
368.57	66.62
368.79	46.96
369.01	55.36
369.23	12.56
369.46	36.72
369.68	31.81
369.90	14.61
370.12	30.99
370.34	20.95
370.56	58.02
370.78	27.71
371.01	22.80
371.23	29.35
371.45	29.35
371.67	24.64
371.89	87.92
372.11	54.34
372.33	-5.46
372.56	45.94
372.78	72.97
373.00	26.89
373.22	37.34
373.44	18.91
373.66	33.24
373.88	40.00
374.10	9.08
374.32	15.83
374.55	23.21
374.77	13.79
374.99	57.41
375.21	25.87
375.43	50.85
375.65	35.29
375.87	57.61
376.09	45.32
376.31	55.36
376.53	37.95
376.75	41.23
376.98	46.14
377.20	61.71
377.42	29.76
377.64	6.82
377.86	44.51
378.08	44.10
378.30	32.42
378.52	46.35
378.74	17.27
378.96	26.07
379.18	35.70
379.40	58.43
379.62	79.73
379.84	15.42
380.07	74.61
380.29	32.42
380.51	1.09
380.73	54.13
380.95	6.82
381.17	32.63
381.39	2.73
381.61	37.75
381.83	37.75
382.05	43.07
382.27	11.33
382.49	20.75
382.71	4.16
382.93	39.18
383.15	45.12
383.37	48.60
383.59	29.56
383.81	62.53
384.03	-9.15
384.25	26.69
384.47	3.96
384.69	27.71
384.91	31.81
385.13	52.70
385.35	37.95
385.57	64.58
385.79	49.83
386.01	-5.26
386.23	-9.15
386.45	47.17
386.67	10.30
386.89	36.31
387.11	47.17
387.33	39.39
387.55	34.27
387.77	53.11
387.99	14.81
388.21	26.48
388.43	17.06
388.65	21.98
388.87	15.83
389.09	27.71
389.31	74.61
389.53	11.33
389.75	39.18
389.97	13.17
390.19	49.63
390.41	15.22
390.63	19.93
390.85	18.91
391.07	46.35
391.29	81.98
391.51	8.05
391.72	55.77
391.94	22.39
392.16	14.20
392.38	38.57
392.60	4.98
392.82	-9.36
393.04	13.38
393.26	3.75
393.48	27.10
393.70	34.88
393.92	47.37
394.14	32.63
394.36	20.95
394.58	104.10
394.80	18.09
395.01	0.47
395.23	55.97
395.45	11.33
395.67	40.00
395.89	51.88
396.11	35.08
396.33	25.25
396.55	54.13
396.77	41.23
396.99	71.13
397.21	38.98
397.42	52.29
397.64	8.05
397.86	7.85
398.08	9.69
398.30	17.68
398.52	26.89
398.74	26.28
398.96	22.59
399.17	39.80
399.39	23.82
399.61	74.41
399.83	7.03
400.05	92.02
400.27	52.29
400.49	42.66
400.71	-14.89
400.92	21.16
401.14	17.06
401.36	58.02
401.58	67.03
401.80	62.32
402.02	30.37
402.24	42.87
402.45	10.30
402.67	65.39
402.89	12.15
403.11	97.75
403.33	61.50
403.55	26.28
403.76	16.45
403.98	41.43
404.20	57.20
404.42	82.60
404.64	38.98
404.86	39.18
405.07	11.74
405.29	60.27
405.51	14.81
405.73	60.27
405.95	31.60
406.17	75.02
406.38	10.92
406.60	26.07
406.82	27.10
407.04	39.39
407.26	41.02
407.47	8.67
407.69	6.82
407.91	57.82
408.13	53.93
408.35	54.13
408.56	47.17
408.78	44.51
409.00	35.49
409.22	-2.60
409.44	16.65
409.65	26.07
409.87	58.02
410.09	65.39
410.31	21.98
410.52	61.09
410.74	87.51
410.96	11.94
411.18	20.34
411.40	53.72
411.61	50.65
411.83	24.44
412.05	38.98
412.27	-5.26
412.48	33.86
412.70	30.17
412.92	9.69
413.14	23.82
413.35	31.40
413.57	47.78
413.79	20.95
414.01	47.78
414.22	38.16
414.44	73.59
414.66	10.51
414.87	40.41
415.09	36.52
415.31	46.96
415.53	38.16
415.74	73.38
415.96	45.73
416.18	76.86
416.40	55.97
416.61	58.02
416.83	53.11
417.05	7.85
417.26	2.32
417.48	20.95
417.70	58.64
417.92	68.06
418.13	34.68
418.35	27.51
418.57	39.18
418.78	59.87
419.00	88.74
419.22	72.56
419.43	69.49
419.65	52.70
419.87	32.01
420.09	59.46
420.30	42.25
420.52	-3.01
420.74	31.60
420.95	28.94
421.17	50.85
421.39	74.20
421.60	21.98
421.82	56.38
422.04	55.36
422.25	53.93
422.47	37.95
422.69	33.45
422.90	18.29
423.12	80.96
423.34	35.29
423.55	24.03
423.77	21.77
423.99	-4.44
424.20	76.45
424.42	-7.92
424.64	58.84
424.85	7.44
425.07	51.26
425.28	54.13
425.50	43.28
425.72	99.39
425.93	25.46
426.15	76.66
426.37	39.18
426.58	54.54
426.80	58.23
427.01	27.92
427.23	65.60
427.45	69.70
427.66	24.03
427.88	26.48
428.10	17.06
428.31	49.01
428.53	46.55
428.74	47.99
428.96	57.20
429.18	24.23
429.39	19.93
429.61	42.46
429.82	36.31
430.04	125.20
430.26	57.00
430.47	13.17
430.69	-2.19
430.90	9.89
431.12	19.32
431.34	117.82
431.55	32.22
431.77	72.97
431.98	15.83
432.20	51.47
432.41	55.36
432.63	75.43
432.85	53.11
433.06	20.54
433.28	38.98
433.49	52.70
433.71	-3.62
433.92	31.40
434.14	30.78
434.35	12.56
434.57	36.72
434.79	22.80
435.00	72.56
435.22	46.76
435.43	17.27
435.65	20.54
435.86	60.48
436.08	16.24
436.29	0.06
436.51	47.78
436.72	73.59
436.94	93.25
437.16	42.46
437.37	43.48
437.59	68.67
437.80	98.16
438.02	34.68
438.23	82.60
438.45	117.21
438.66	25.05
438.88	63.76
439.09	53.72
439.31	57.00
439.52	72.77
439.74	24.03
439.95	101.23
440.17	29.56
440.38	47.58
440.60	14.61
440.81	13.79
441.03	66.83
441.24	23.00
441.46	63.55
441.67	76.45
441.89	90.99
442.10	56.38
442.32	43.48
442.53	-0.55
442.75	55.97
442.96	23.21
443.18	54.54
443.39	60.27
443.61	29.76
443.82	60.27
444.04	30.17
444.25	70.92
444.46	56.38
444.68	66.21
444.89	11.53
445.11	30.58
445.32	90.79
445.54	65.80
445.75	46.14
445.97	109.22
446.18	133.80
446.40	17.88
446.61	20.75
446.82	23.62
447.04	28.53
447.25	58.02
447.47	36.52
447.68	51.47
447.90	50.65
448.11	34.88
448.32	40.00
448.54	101.64
448.75	15.42
448.97	72.15
449.18	94.07
449.40	41.64
449.61	34.88
449.82	12.35
450.04	62.73
450.25	16.24
450.47	7.64
450.68	98.16
450.89	84.85
451.11	59.66
451.32	57.61
451.54	84.24
451.75	27.71
451.96	69.70
452.18	42.66
452.39	9.28
452.61	29.96
452.82	59.05
453.03	40.61
453.25	28.74
453.46	70.31
453.68	67.24
453.89	83.62
454.10	130.11
454.32	90.18
454.53	32.63
454.74	83.42
454.96	78.09
455.17	77.27
455.39	63.76
455.60	101.03
455.81	66.21
456.03	91.81
456.24	90.79
456.45	80.14
456.67	68.67
456.88	61.50
457.09	120.49
457.31	69.08
457.52	109.02
457.73	175.99
457.95	46.76
458.16	78.50
458.37	77.89
458.59	41.43
458.80	68.06
459.01	117.62
459.23	131.95
459.44	107.58
459.65	130.72
459.87	119.46
460.08	103.28
460.29	102.26
460.51	94.48
460.72	134.62
460.93	113.73
461.15	115.57
461.36	117.41
461.57	83.42
461.79	119.05
462.00	80.96
462.21	86.90
462.42	170.25
462.64	116.39
462.85	115.98
463.06	103.28
463.28	105.74
463.49	120.89
463.70	145.27
463.92	117.21
464.13	121.92
464.34	169.43
464.55	155.91
464.77	118.64
464.98	122.12
465.19	130.11
465.40	119.67
465.62	115.77
465.83	170.87
466.04	129.50
466.26	160.83
466.47	120.08
466.68	139.53
466.89	138.51
467.11	139.12
467.32	115.77
467.53	151.41
467.74	152.23
467.96	145.68
468.17	159.40
468.38	167.79
468.59	178.03
468.81	161.44
469.02	199.33
469.23	219.20
469.44	223.09
469.66	203.43
469.87	262.61
470.08	214.90
470.29	268.35
470.50	296.20
470.72	310.33
470.93	350.88
471.14	353.95
471.35	407.82
471.57	444.68
471.78	501.41
471.99	451.44
472.20	455.94
472.41	556.29
472.63	534.79
472.84	547.69
473.05	548.51
473.26	621.62
473.47	717.67
473.69	759.66
473.90	925.34
474.11	1270.01
474.32	1697.63
474.53	2318.37
474.75	3196.12
474.96	4278.07
475.17	5706.12
475.38	7736.47
475.59	9795.70
475.80	11402.13
476.02	14468.76
476.23	16248.03
476.44	19325.52
476.65	22014.09
476.86	24785.20
477.08	27077.08
477.29	30260.85
477.50	33310.89
477.71	35262.40
477.92	36920.64
478.13	39896.75
478.34	40922.99
478.56	41592.67
478.77	43745.70
478.98	43868.17
479.19	44890.72
479.40	43759.01
479.61	45712.57
479.83	44029.34
480.04	44392.45
480.25	42466.33
480.46	42875.31
480.67	42125.35
480.88	39972.93
481.09	39403.80
481.30	37569.44
481.52	37084.48
481.73	34410.24
481.94	32450.95
482.15	30547.16
482.36	27166.17
482.57	24495.00
482.78	22201.27
482.99	20096.99
483.21	17721.75
483.42	15254.56
483.63	12604.08
483.84	10076.69
484.05	8481.73
484.26	6626.47
484.47	5262.73
484.68	3763.82
484.89	2709.73
485.10	1900.99
485.32	1346.81
485.53	988.00
485.74	776.04
485.95	645.38
486.16	584.15
486.37	550.97
486.58	495.06
486.79	467.00
487.00	464.34
487.21	429.52
487.42	446.93
487.63	404.33
487.85	439.97
488.06	421.74
488.27	452.46
488.48	380.37
488.69	414.57
488.90	418.05
489.11	420.72
489.32	424.81
489.53	425.84
489.74	398.19
489.95	447.75
490.16	412.32
490.37	418.05
490.58	438.13
490.79	426.66
491.00	396.55
491.21	427.07
491.42	467.21
491.63	411.71
491.84	407.82
492.06	400.85
492.27	396.76
492.48	413.96
492.69	398.39
492.90	444.27
493.11	455.53
493.32	385.70
493.53	392.86
493.74	341.46
493.95	375.66
494.16	353.54
494.37	366.86
494.58	391.43
494.79	317.50
495.00	317.70
495.21	310.13
495.42	335.52
495.63	306.03
495.84	296.41
496.05	308.28
496.26	274.29
496.47	308.28
496.68	272.24
496.89	255.45
497.10	279.82
497.31	290.26
497.52	246.44
497.73	237.83
497.94	225.34
498.15	228.21
498.36	246.44
498.57	263.84
498.78	247.25
498.98	223.09
499.19	267.73
499.40	227.80
499.61	218.79
499.82	190.73
500.03	191.96
500.24	209.37
500.45	193.39
500.66	218.99
500.87	246.84
501.08	182.54
501.29	199.74
501.50	224.11
501.71	145.06
501.92	201.79
502.13	184.79
502.34	153.87
502.55	220.02
502.76	152.43
502.97	191.14
503.17	180.90
503.38	175.78
503.59	173.53
503.80	164.93
504.01	144.86
504.22	139.94
504.43	199.13
504.64	113.11
504.85	152.02
505.06	154.28
505.27	149.36
505.48	153.46
505.68	136.66
505.89	135.64
506.10	148.95
506.31	134.82
506.52	115.77
506.73	134.62
506.94	176.80
507.15	132.98
507.36	126.42
507.57	138.51
507.77	121.71
507.98	69.90
508.19	103.69
508.40	104.51
508.61	90.58
508.82	123.35
509.03	105.74
509.24	117.62
509.45	105.74
509.65	139.12
509.86	149.98
510.07	91.20
510.28	132.77
510.49	110.25
510.70	121.92
510.91	113.11
511.11	66.21
511.32	191.34
511.53	139.53
511.74	75.43
511.95	103.90
512.16	64.78
512.37	116.18
512.57	118.03
512.78	102.05
512.99	123.56
513.20	96.52
513.41	95.09
513.62	85.06
513.82	126.22
514.03	57.61
514.24	119.46
514.45	110.45
514.66	109.43
514.87	78.30
515.07	81.98
515.28	111.47
515.49	90.18
515.70	98.98
515.91	107.99
516.11	92.84
516.32	92.84
516.53	132.77
516.74	106.56
516.95	132.36
517.16	142.81
517.36	143.01
517.57	114.55
517.78	120.08
517.99	51.06
518.20	130.93
518.40	119.46
518.61	138.30
518.82	92.22
519.03	108.20
519.23	85.67
519.44	119.26
519.65	125.20
519.86	111.68
520.07	107.79
520.27	134.62
520.48	95.30
520.69	59.46
520.90	76.25
521.10	119.46
521.31	100.62
521.52	161.85
521.73	104.72
521.94	126.42
522.14	111.88
522.35	114.96
522.56	142.60
522.77	144.65
522.97	84.85
523.18	126.83
523.39	120.69
523.60	81.98
523.80	95.30
524.01	88.13
524.22	107.38
524.43	71.95
524.63	104.92
524.84	103.90
525.05	66.21
525.25	97.55
525.46	123.15
525.67	124.38
525.88	112.91
526.08	103.08
526.29	102.87
526.50	112.91
526.71	124.17
526.91	99.60
527.12	124.38
527.33	86.69
527.53	104.10
527.74	104.31
527.95	111.47
528.16	116.59
528.36	96.52
528.57	103.28
528.78	87.72
528.98	109.84
529.19	119.67
529.40	71.74
529.60	114.14
529.81	162.06
530.02	134.82
530.22	101.85
530.43	96.11
530.64	123.56
530.85	66.83
531.05	115.98
531.26	121.30
531.47	124.17
531.67	122.94
531.88	108.20
532.09	109.02
532.29	102.05
532.50	63.35
532.71	67.03
532.91	106.35
533.12	118.64
533.33	102.26
533.53	66.21
533.74	60.48
533.95	103.49
534.15	118.23
534.36	90.99
534.56	98.16
534.77	126.83
534.98	46.96
535.18	117.21
535.39	106.56
535.60	109.02
535.80	112.70
536.01	73.79
536.22	83.01
536.42	102.67
536.63	99.39
536.83	71.33
537.04	107.17
537.25	67.03
537.45	72.77
537.66	130.52
537.87	73.59
538.07	146.90
538.28	105.94
538.48	82.60
538.69	56.38
538.90	76.66
539.10	51.06
539.31	98.98
539.51	100.62
539.72	101.64
539.93	101.64
540.13	85.26
540.34	84.85
540.54	68.26
540.75	49.83
540.96	98.37
541.16	98.57
541.37	72.36
541.57	105.13
541.78	39.59
541.99	68.67
542.19	76.04
542.40	109.84
542.60	60.89
542.81	51.26
543.01	88.13
543.22	67.65
543.43	125.40
543.63	80.14
543.84	82.19
544.04	95.50
544.25	139.74
544.45	51.47
544.66	49.01
544.87	85.26
545.07	134.21
545.28	53.31
545.48	95.50
545.69	85.67
545.89	82.80
546.10	71.33
546.30	93.45
546.51	85.26
546.71	87.51
546.92	73.18
547.13	102.26
547.33	72.56
547.54	153.87
547.74	111.88
547.95	53.72
548.15	48.81
548.36	121.51
548.56	71.74
548.77	104.31
548.97	91.61
549.18	113.93
549.38	65.60
549.59	87.72
549.79	98.57
550.00	90.99
550.20	84.03
550.41	78.50
550.61	117.62
550.82	79.32
551.02	98.16
551.23	102.46
551.43	61.09
551.64	79.73
551.84	58.84
552.05	79.94
552.25	92.63
552.46	100.62
552.66	138.30
552.87	112.29
553.07	79.53
553.28	76.66
553.48	90.18
553.69	56.38
553.89	94.89
554.10	120.69
554.30	128.27
554.51	103.49
554.71	99.80
554.92	77.68
555.12	118.64
555.32	100.21
555.53	109.22
555.73	61.50
555.94	130.52
556.14	155.10
556.35	93.86
556.55	74.82
556.76	108.20
556.96	112.09
557.17	111.06
557.37	115.16
557.57	122.53
557.78	117.62
557.98	60.89
558.19	99.80
558.39	71.54
558.60	116.80
558.80	108.81
559.00	64.78
559.21	79.73
559.41	90.38
559.62	110.25
559.82	110.04
560.03	76.66
560.23	73.18
560.43	88.33
560.64	109.02
560.84	128.27
561.05	63.96
561.25	68.88
561.45	134.41
561.66	98.78
561.86	103.49
562.07	101.23
562.27	130.52
562.47	82.80
562.68	70.92
562.88	79.53
563.09	131.13
563.29	76.86
563.49	73.59
563.70	55.36
563.90	136.87
564.11	110.65
564.31	92.22
564.51	61.50
564.72	63.76
564.92	118.23
565.12	133.59
565.33	94.07
565.53	114.55
565.74	68.26
565.94	62.94
566.14	124.38
566.35	137.69
566.55	77.27
566.75	105.53
566.96	93.45
567.16	84.85
567.36	90.58
567.57	77.48
567.77	89.36
567.98	93.66
568.18	66.42
568.38	46.76
568.59	85.87
568.79	66.21
568.99	102.87
569.20	134.21
569.40	93.45
569.60	40.61
569.81	105.13
570.01	119.05
570.21	96.32
570.42	60.27
570.62	106.97
570.82	74.61
571.03	86.90
571.23	79.73
571.43	68.88
571.63	103.49
571.84	84.24
572.04	113.73
572.24	127.86
572.45	120.08
572.65	94.27
572.85	65.19
573.06	97.75
573.26	117.00
573.46	71.95
573.67	59.05
573.87	104.51
574.07	111.06
574.27	77.07
574.48	144.65
574.68	72.15
574.88	75.22
575.09	56.18
575.29	70.11
575.49	89.97
575.69	105.33
575.90	84.24
576.10	92.22
576.30	93.04
576.51	87.72
576.71	65.19
576.91	116.39
577.11	65.60
577.32	121.71
577.52	85.87
577.72	86.28
577.92	90.38
578.13	51.26
578.33	102.67
578.53	68.06
578.73	55.56
578.94	111.06
579.14	77.27
579.34	99.80
579.54	41.02
579.75	137.07
579.95	96.93
580.15	72.56
580.35	155.51
580.56	50.85
580.76	107.17
580.96	81.98
581.16	116.18
581.37	81.16
581.57	56.38
581.77	80.34
581.97	67.85
582.17	96.93
582.38	49.22
582.58	93.86
582.78	53.93
582.98	92.22
583.19	82.19
583.39	75.02
583.59	41.02
583.79	67.65
583.99	94.68
584.20	76.66
584.40	69.08
584.60	97.34
584.80	59.05
585.00	27.92
585.21	93.86
585.41	87.51
585.61	107.58
585.81	74.41
586.01	59.66
586.22	68.06
586.42	76.25
586.62	95.09
586.82	69.70
587.02	73.79
587.22	115.98
587.43	34.88
587.63	82.39
587.83	125.20
588.03	73.38
588.23	78.30
588.43	59.66
588.64	116.80
588.84	80.34
589.04	36.93
589.24	55.56
589.44	60.27
589.64	89.15
589.85	70.51
590.05	48.81
590.25	59.66
590.45	77.07
590.65	74.82
590.85	59.05
591.05	55.97
591.26	54.54
591.46	102.26
591.66	62.53
591.86	71.74
592.06	142.40
592.26	45.73
592.46	105.13
592.67	73.18
592.87	127.65
593.07	75.02
593.27	103.08
593.47	102.05
593.67	58.02
593.87	66.83
594.07	86.08
594.28	113.52
594.48	86.28
594.68	71.74
594.88	123.35
595.08	104.92
595.28	83.83
595.48	115.57
595.68	111.06
595.88	70.51
596.08	99.39
596.29	104.92
596.49	59.87
596.69	57.82
596.89	68.26
597.09	88.54
597.29	93.25
597.49	57.20
597.69	74.00
597.89	126.22
598.09	83.83
598.29	77.27
598.50	101.64
598.70	78.09
598.90	80.96
599.10	120.69
599.30	107.58
599.50	102.26
599.70	136.87
599.90	112.09
600.10	86.28
600.30	77.68
600.50	120.89
600.70	119.87
600.90	74.61
601.10	108.20
601.30	102.26
601.50	81.57
601.71	69.49
601.91	82.80
602.11	72.77
602.31	98.98
602.51	119.05
602.71	71.95
602.91	77.07
603.11	121.92
603.31	74.20
603.51	93.45
603.71	107.38
603.91	118.03
604.11	134.41
604.31	115.37
604.51	101.64
604.71	109.84
604.91	142.60
605.11	134.00
605.31	84.65
605.51	131.95
605.71	92.22
605.91	60.48
606.11	116.39
606.31	131.54
606.51	145.27
606.71	130.93
606.91	134.62
607.11	130.11
607.31	101.85
607.51	158.78
607.71	108.81
607.91	99.19
608.11	96.52
608.31	95.30
608.51	139.12
608.71	151.61
608.91	95.91
609.11	113.73
609.31	140.56
609.51	119.05
609.71	98.37
609.91	125.61
610.11	137.07
610.31	123.35
610.51	111.27
610.71	131.54
610.91	114.34
611.11	134.82
611.31	99.80
611.51	119.26
611.71	163.70
611.91	138.30
612.11	105.74
612.31	124.99
612.51	147.72
612.71	145.68
612.90	100.42
613.10	139.12
613.30	162.67
613.50	117.82
613.70	134.62
613.90	146.08
614.10	122.74
614.30	130.52
614.50	169.64
614.70	125.81
614.90	124.17
615.10	129.91
615.30	137.89
615.50	99.60
615.70	93.86
615.90	145.27
616.09	149.77
616.29	163.08
616.49	125.61
616.69	134.41
616.89	127.04
617.09	129.70
617.29	147.52
617.49	109.84
617.69	152.64
617.89	125.20
618.09	130.52
618.28	166.77
618.48	115.77
618.68	166.15
618.88	117.82
619.08	123.97
619.28	150.39
619.48	116.80
619.68	121.10
619.88	102.46
620.08	116.39
620.27	131.13
620.47	114.14
620.67	130.11
620.87	168.61
621.07	127.04
621.27	113.52
621.47	156.12
621.67	117.00
621.86	154.07
622.06	145.68
622.26	133.39
622.46	154.28
622.66	131.54
622.86	132.16
623.06	119.46
623.25	138.10
623.45	172.30
623.65	120.49
623.85	152.64
624.05	108.61
624.25	108.40
624.45	145.27
624.64	151.41
624.84	137.89
625.04	128.47
625.24	162.67
625.44	139.74
625.64	168.20
625.83	139.33
626.03	142.19
626.23	159.81
626.43	141.17
626.63	163.49
626.83	135.03
627.02	163.90
627.22	177.21
627.42	168.00
627.62	156.73
627.82	167.18
628.02	152.23
628.21	172.09
628.41	163.90
628.61	177.42
628.81	192.37
629.01	138.51
629.20	142.40
629.40	152.84
629.60	147.52
629.80	137.28
630.00	172.91
630.19	188.68
630.39	147.52
630.59	179.67
630.79	127.45
630.99	145.27
631.18	151.82
631.38	121.51
631.58	144.04
631.78	131.34
631.98	161.03
632.17	161.03
632.37	143.63
632.57	126.01
632.77	167.79
632.96	202.20
633.16	179.88
633.36	158.17
633.56	178.65
633.76	128.88
633.95	119.67
634.15	156.32
634.35	189.71
634.55	135.64
634.74	132.36
634.94	141.17
635.14	110.04
635.34	154.28
635.53	124.38
635.73	143.01
635.93	180.29
636.13	158.17
636.32	147.93
636.52	120.08
636.72	162.06
636.92	161.85
637.11	181.10
637.31	159.60
637.51	146.08
637.70	124.79
637.90	105.13
638.10	157.96
638.30	119.67
638.49	106.35
638.69	163.49
638.89	126.42
639.09	104.31
639.28	126.42
639.48	159.60
639.68	135.84
639.87	111.47
640.07	88.54
640.27	128.68
640.47	95.91
640.66	57.20
640.86	110.86
641.06	119.46
641.25	119.46
641.45	104.92
641.65	104.92
641.84	87.92
642.04	121.30
642.24	92.02
642.44	98.37
642.63	101.64
642.83	71.74
643.03	94.48
643.22	67.44
643.42	97.34
643.62	109.02
643.81	85.87
644.01	78.30
644.21	130.72
644.40	110.86
644.60	94.89
644.80	83.21
644.99	103.49
645.19	53.72
645.39	79.73
645.58	53.31
645.78	80.14
645.98	65.39
646.17	41.02
646.37	30.58
646.57	86.49
646.76	66.01
646.96	47.17
647.16	55.97
647.35	52.29
647.55	75.22
647.75	98.16
647.94	54.75
648.14	107.79
648.33	89.56
648.53	74.61
648.73	51.26
648.92	62.32
649.12	30.37
649.32	53.11
649.51	11.53
649.71	73.18
649.90	92.63
650.10	78.30
650.30	74.00
650.49	53.11
650.69	77.27
650.89	69.08
651.08	62.94
651.28	93.45
651.47	81.57
651.67	50.24
651.87	74.20
652.06	80.14
652.26	69.70
652.45	46.55
652.65	78.50
652.85	73.59
653.04	70.51
653.24	32.63
653.43	80.75
653.63	42.05
653.83	40.82
654.02	40.41
654.22	59.25
654.41	110.86
654.61	68.26
654.81	35.70
655.00	84.44
655.20	66.62
655.39	44.92
655.59	71.33
655.78	66.01
655.98	52.90
656.18	59.87
656.37	103.08
656.57	70.11
656.76	50.85
656.96	117.62
657.15	51.47
657.35	52.29
657.55	86.69
657.74	90.79
657.94	25.05
658.13	65.39
658.33	67.24
658.52	83.62
658.72	37.75
658.91	66.21
659.11	38.16
659.30	138.10
659.50	46.14
659.70	68.47
659.89	17.68
660.09	54.34
660.28	55.77
660.48	28.33
660.67	39.18
660.87	83.83
661.06	65.19
661.26	74.20
661.45	35.90
661.65	28.94
661.84	109.63
662.04	55.97
662.23	53.93
662.43	77.48
662.62	94.27
662.82	80.55
663.01	42.66
663.21	56.79
663.41	45.53
663.60	81.16
663.80	57.61
663.99	72.36
664.19	55.97
664.38	44.30
664.58	26.48
664.77	64.37
664.97	53.11
665.16	78.30
665.35	95.30
665.55	58.43
665.74	15.42
665.94	102.26
666.13	41.23
666.33	47.37
666.52	97.34
666.72	97.55
666.91	16.45
667.11	52.49
667.30	15.22
667.50	47.78
667.69	20.34
667.89	53.52
668.08	93.45
668.28	30.78
668.47	58.02
668.67	70.51
668.86	52.70
669.05	74.61
669.25	81.98
669.44	30.78
669.64	46.35
669.83	35.49
670.03	47.37
670.22	103.08
670.42	43.07
670.61	42.66
670.81	44.51
671.00	43.28
671.19	19.52
671.39	51.88
671.58	74.41
671.78	67.65
671.97	68.47
672.17	95.50
672.36	34.06
672.55	65.39
672.75	46.96
672.94	54.13
673.14	52.29
673.33	82.60
673.53	45.32
673.72	54.54
673.91	75.43
674.11	76.04
674.30	292.51
674.50	77.27
674.69	62.32
674.88	61.91
675.08	47.17
675.27	41.23
675.47	38.16
675.66	24.44
675.85	29.35
676.05	69.70
676.24	2.93
676.44	12.56
676.63	42.25
676.82	50.44
677.02	100.21
677.21	80.55
677.41	26.07
677.60	90.58
677.79	65.19
677.99	85.06
678.18	83.83
678.37	87.51
678.57	61.91
678.76	49.63
678.96	55.97
679.15	37.54
679.34	71.33
679.54	41.64
679.73	50.85
679.92	69.70
680.12	63.35
680.31	63.35
680.51	52.70
680.70	46.55
680.89	101.85
681.09	93.04
681.28	62.12
681.47	86.28
681.67	55.36
681.86	84.44
682.05	47.58
682.25	38.98
682.44	26.07
682.63	43.48
682.83	48.60
683.02	84.24
683.21	74.00
683.41	69.29
683.60	46.14
683.79	67.24
683.99	42.87
684.18	70.72
684.37	13.99
684.57	40.20
684.76	80.14
684.95	77.89
685.15	66.83
685.34	37.13
685.53	45.73
685.73	29.76
685.92	17.88
686.11	47.58
686.31	24.23
686.50	28.94
686.69	9.69
686.88	40.41
687.08	87.51
687.27	48.40
687.46	78.71
687.66	71.95
687.85	46.96
688.04	54.34
688.24	37.95
688.43	63.96
688.62	64.99
688.81	33.45
689.01	63.76
689.20	61.71
689.39	62.94
689.59	15.01
689.78	94.27
689.97	71.33
690.16	24.44
690.36	31.40
690.55	41.64
690.74	41.23
690.93	77.27
691.13	73.59
691.32	69.49
691.51	40.41
691.70	53.31
691.90	38.16
692.09	42.87
692.28	25.05
692.48	20.54
692.67	71.33
692.86	64.17
693.05	26.48
693.25	70.11
693.44	39.18
693.63	64.58
693.82	32.42
694.01	51.67
694.21	20.13
694.40	42.25
694.59	49.42
694.78	2.32
694.98	35.90
695.17	62.12
695.36	5.18
695.55	57.82
695.75	64.99
695.94	38.57
696.13	65.60
696.32	20.54
696.51	64.17
696.71	61.30
696.90	32.83
697.09	97.55
697.28	34.06
697.48	77.27
697.67	60.89
697.86	65.39
698.05	52.08
698.24	64.17
698.44	49.83
698.63	55.97
698.82	54.75
699.01	110.65
699.20	56.18
699.40	18.70
699.59	114.14
699.78	40.82
699.97	77.68
700.16	40.00
700.36	66.42
700.55	35.90
700.74	54.13
700.93	61.50
701.12	45.73
701.31	57.41
701.51	12.15
701.70	37.13
701.89	40.20
702.08	64.78
702.27	45.73
702.46	40.61
702.66	19.52
702.85	51.88
703.04	78.50
703.23	29.35
703.42	50.65
703.61	86.28
703.81	59.25
704.00	59.66
704.19	52.90
704.38	84.65
704.57	85.87
704.76	52.70
704.96	55.97
705.15	97.75
705.34	48.81
705.53	62.32
705.72	40.41
705.91	94.27
706.10	27.10
706.30	45.12
706.49	4.77
706.68	-12.22
706.87	9.69
707.06	-16.11
707.25	49.83
707.44	34.06
707.63	6.82
707.83	43.69
708.02	85.06
708.21	25.25
708.40	19.93
708.59	43.28
708.78	51.26
708.97	41.23
709.16	9.08
709.35	69.90
709.55	49.22
709.74	55.36
709.93	29.56
710.12	59.66
710.31	68.06
710.50	-5.26
710.69	35.49
710.88	39.18
711.07	41.23
711.26	29.35
711.46	43.28
711.65	71.13
711.84	29.35
712.03	7.44
712.22	80.55
712.41	44.51
712.60	49.22
712.79	32.01
712.98	17.06
713.17	19.32
713.36	60.89
713.55	41.23
713.75	33.45
713.94	25.66
714.13	95.30
714.32	61.71
714.51	75.02
714.70	63.55
714.89	12.76
715.08	9.69
715.27	55.56
715.46	34.88
715.65	73.38
715.84	22.59
716.03	-1.37
716.22	17.27
716.41	68.26
716.60	34.68
716.79	24.44
716.99	44.30
717.18	38.16
717.37	85.87
717.56	6.82
717.75	-10.79
717.94	51.88
718.13	42.66
718.32	57.41
718.51	28.53
718.70	17.06
718.89	4.16
719.08	46.35
719.27	27.92
719.46	23.21
719.65	103.08
719.84	26.48
720.03	44.30
720.22	61.91
720.41	33.65
720.60	17.47
720.79	13.17
720.98	35.29
721.17	-3.83
721.36	10.51
721.55	78.30
721.74	44.30
721.93	46.76
722.12	30.78
722.31	39.80
722.50	32.63
722.69	15.22
722.88	-7.51
723.07	46.76
723.26	76.66
723.45	40.61
723.64	29.35
723.83	26.69
724.02	64.17
724.21	40.41
724.40	49.63
724.59	13.38
724.78	64.99
724.97	50.24
725.16	28.12
725.35	29.15
725.54	21.77
725.73	47.99
725.92	53.31
726.11	58.64
726.30	41.64
726.49	57.00
726.68	56.38
726.87	39.80
727.06	42.87
727.25	63.76
727.43	37.95
727.62	45.53
727.81	21.57
728.00	27.10
728.19	61.71
728.38	50.65
728.57	34.06
728.76	17.88
728.95	75.43
729.14	63.35
729.33	29.96
729.52	64.58
729.71	26.07
729.90	15.42
730.09	36.72
730.28	83.01
730.47	55.56
730.65	4.37
730.84	40.00
731.03	90.38
731.22	68.88
731.41	10.92
731.60	32.83
731.79	33.86
731.98	34.47
732.17	38.57
732.36	58.43
732.55	27.51
732.74	21.77
732.92	21.16
733.11	35.49
733.30	43.48
733.49	29.76
733.68	32.83
733.87	21.16
734.06	6.21
734.25	8.46
734.44	64.78
734.63	67.03
734.81	21.57
735.00	45.12
735.19	32.01
735.38	38.16
735.57	56.79
735.76	41.23
735.95	64.78
736.14	46.76
736.33	29.96
736.51	25.25
736.70	36.11
736.89	17.47
737.08	11.12
737.27	56.18
737.46	33.24
737.65	-3.62
737.83	24.03
738.02	-11.81
738.21	56.38
738.40	53.11
738.59	58.02
738.78	10.10
738.97	21.57
739.16	73.18
739.34	56.59
739.53	23.00
739.72	34.68
739.91	30.17
740.10	20.13
740.29	66.01
740.47	96.93
740.66	50.85
740.85	-3.01
741.04	21.57
741.23	21.57
741.42	32.63
741.60	52.29
741.79	42.46
741.98	-20.62
742.17	-2.39
742.36	59.25
742.55	51.06
742.73	26.89
742.92	31.19
743.11	32.22
743.30	10.10
743.49	81.78
743.68	17.06
743.86	56.59
744.05	27.71
744.24	50.85
744.43	31.60
744.62	39.80
744.80	29.76
744.99	-4.85
745.18	62.73
745.37	13.79
745.56	9.89
745.74	43.28
745.93	38.16
746.12	47.99
746.31	24.44
746.50	26.69
746.68	38.36
746.87	43.89
747.06	47.37
747.25	74.41
747.44	116.80
747.62	26.89
747.81	-2.80
748.00	57.41
748.19	64.78
748.37	42.25
748.56	24.44
748.75	31.60
748.94	59.25
749.13	23.62
749.31	10.30
749.50	25.05
749.69	22.39
749.88	43.89
750.06	47.58
750.25	23.00
750.44	51.67
750.63	6.41
750.81	80.96
751.00	63.96
751.19	21.57
751.38	11.53
751.56	39.18
751.75	49.42
751.94	27.51
752.13	-2.39
752.31	65.60
752.50	21.57
752.69	49.63
752.88	42.87
753.06	72.36
753.25	7.85
753.44	19.32
753.63	28.74
753.81	7.44
754.00	43.07
754.19	62.73
754.37	43.89
754.56	57.00
754.75	10.10
754.94	24.84
755.12	26.07
755.31	-2.19
755.50	25.87
755.69	58.02
755.87	-1.16
756.06	14.20
756.25	-1.16
756.43	50.44
756.62	-8.95
756.81	42.25
756.99	14.61
757.18	36.11
757.37	44.71
757.56	39.18
757.74	14.61
757.93	39.80
758.12	47.17
758.30	48.19
758.49	-6.28
758.68	56.59
758.86	24.84
759.05	19.73
759.24	42.66
759.42	55.56
759.61	48.40
759.80	40.00
759.99	59.46
760.17	25.25
760.36	34.68
760.55	-4.24
760.73	30.17
760.92	19.73
761.11	40.82
761.29	39.80
761.48	51.67
761.67	41.43
761.85	67.85
762.04	35.70
762.23	38.16
762.41	37.13
762.60	34.47
762.79	26.69
762.97	71.33
763.16	23.82
763.34	14.81
763.53	18.70
763.72	4.98
763.90	56.79
764.09	34.27
764.28	70.72
764.46	68.88
764.65	65.39
764.84	15.63
765.02	41.64
765.21	8.46
765.40	32.42
765.58	58.02
765.77	54.13
765.95	67.65
766.14	29.15
766.33	7.85
766.51	32.22
766.70	48.40
766.89	29.15
767.07	36.52
767.26	80.96
767.44	11.53
767.63	51.88
767.82	30.37
768.00	43.69
768.19	43.48
768.37	42.66
768.56	26.48
768.75	15.83
768.93	28.53
769.12	24.44
769.30	47.99
769.49	33.24
769.68	33.65
769.86	54.13
770.05	42.25
770.23	75.43
770.42	-3.01
770.61	52.49
770.79	69.08
770.98	67.65
771.16	37.75
771.35	15.42
771.54	23.00
771.72	79.94
771.91	45.32
772.09	34.27
772.28	-6.49
772.46	10.10
772.65	36.11
772.84	27.71
773.02	57.61
773.21	24.64
773.39	30.78
773.58	33.65
773.76	1.50
773.95	37.34
774.13	15.42
774.32	78.50
774.51	14.20
774.69	91.40
774.88	29.35
775.06	75.02
775.25	30.78
775.43	43.07
775.62	85.87
775.80	34.47
775.99	68.67
776.18	42.25
776.36	49.42
776.55	35.90
776.73	67.24
776.92	44.92
777.10	62.73
777.29	96.52
777.47	35.70
777.66	96.11
777.84	26.28
778.03	98.78
778.21	73.79
778.40	80.96
778.58	81.98
778.77	80.55
778.95	87.72
779.14	78.50
779.33	78.71
779.51	84.44
779.70	43.48
779.88	80.55
780.07	117.82
780.25	90.18
780.44	67.24
780.62	60.89
780.81	36.11
780.99	80.75
781.18	62.94
781.36	48.81
781.55	83.83
781.73	99.39
781.92	99.19
782.10	89.15
782.29	103.08
782.47	67.85
782.66	99.39
782.84	106.35
783.03	111.88
783.21	80.14
783.39	83.01
783.58	77.68
783.76	105.33
783.95	115.16
784.13	136.87
784.32	110.65
784.50	70.92
784.69	134.62
784.87	135.23
785.06	138.30
785.24	165.95
785.43	102.26
785.61	112.09
785.80	128.68
785.98	93.86
786.17	127.45
786.35	108.20
786.53	97.34
786.72	88.54
786.90	110.25
787.09	114.96
787.27	149.16
787.46	130.93
787.64	127.86
787.83	132.98
788.01	103.90
788.19	112.70
788.38	106.15
788.56	122.12
788.75	105.53
788.93	72.97
789.12	137.07
789.30	155.30
789.49	132.57
789.67	169.23
789.85	109.84
790.04	128.06
790.22	151.20
790.41	122.94
790.59	123.97
790.77	104.92
790.96	95.30
791.14	102.05
791.33	120.28
791.51	130.32
791.70	118.03
791.88	90.79
792.06	127.04
792.25	110.65
792.43	102.87
792.62	185.00
792.80	181.31
792.98	127.86
793.17	157.96
793.35	128.27
793.54	91.20
793.72	136.46
793.90	121.10
794.09	145.88
794.27	127.45
794.46	111.06
794.64	126.22
794.82	90.18
795.01	102.87
795.19	131.95
795.37	144.86
795.56	139.12
795.74	93.45
795.93	116.80
796.11	130.11
796.29	98.57
796.48	114.96
796.66	131.13
796.84	109.63
797.03	125.20
797.21	153.87
797.40	108.61
797.58	118.03
797.76	118.44
797.95	114.75
798.13	106.76
798.31	100.62
798.50	120.28
798.68	83.83
798.86	97.75
799.05	104.72
799.23	133.39
799.42	114.55
799.60	103.69
799.78	109.84
799.97	124.79
800.15	123.35
800.33	136.66
800.52	101.85
800.70	85.87
800.88	116.18
801.07	89.15
801.25	92.02
801.43	114.75
801.62	75.22
801.80	102.67
801.98	62.32
802.17	118.85
802.35	98.78
802.53	127.04
802.72	58.43
802.90	41.84
803.08	56.59
803.26	85.06
803.45	92.22
803.63	102.67
803.81	112.70
804.00	79.73
804.18	49.42
804.36	107.17
804.55	61.91
804.73	79.53
804.91	43.28
805.10	82.19
805.28	15.63
805.46	54.54
805.64	99.60
805.83	92.63
806.01	81.98
806.19	41.23
806.38	48.60
806.56	122.74
806.74	89.56
806.92	63.35
807.11	81.57
807.29	60.27
807.47	56.38
807.66	23.82
807.84	96.52
808.02	84.65
808.20	38.77
808.39	13.99
808.57	52.29
808.75	43.28
808.94	85.67
809.12	70.51
809.30	91.20
809.48	44.71
809.67	96.32
809.85	84.85
810.03	37.75
810.21	45.53
810.40	45.32
810.58	41.02
810.76	114.14
810.94	5.39
811.13	46.35
811.31	107.79
811.49	35.90
811.67	52.08
811.86	63.96
812.04	47.37
812.22	78.50
812.40	61.09
812.59	98.78
812.77	72.97
812.95	52.29
813.13	16.65
813.32	59.87
813.50	28.74
813.68	33.24
813.86	-10.18
814.04	21.36
814.23	57.00
814.41	50.24
814.59	68.47
814.77	46.76
814.96	16.86
815.14	53.31
815.32	14.81
815.50	38.77
815.68	58.23
815.87	32.83
816.05	17.88
816.23	37.34
816.41	42.25
816.59	39.80
816.78	52.29
816.96	13.58
817.14	84.44
817.32	59.05
817.50	81.57
817.69	-0.35
817.87	29.35
818.05	44.51
818.23	78.30
818.41	44.30
818.60	57.41
818.78	35.08
818.96	47.37
819.14	51.26
819.32	31.81
819.51	32.83
819.69	68.67
819.87	55.36
820.05	6.00
820.23	65.80
820.41	34.68
820.60	61.50
820.78	27.92
820.96	60.89
821.14	6.41
821.32	29.15
821.50	-5.06
821.69	50.65
821.87	30.58
822.05	64.17
822.23	24.44
822.41	54.75
822.59	20.13
822.78	4.98
822.96	43.48
823.14	9.28
823.32	34.47
823.50	62.94
823.68	46.14
823.86	27.51
824.05	58.64
824.23	25.87
824.41	53.93
824.59	48.19
824.77	38.98
824.95	7.85
825.13	33.24
825.32	50.03
825.50	-8.33
825.68	14.61
825.86	13.17
826.04	41.23
826.22	7.03
826.40	24.84
826.58	22.59
826.77	22.18
826.95	80.34
827.13	8.46
827.31	29.96
827.49	44.92
827.67	38.57
827.85	25.46
828.03	-10.58
828.22	42.46
828.40	44.71
828.58	7.44
828.76	18.50
828.94	33.24
829.12	41.43
829.30	43.07
829.48	17.68
829.66	25.05
829.84	48.19
830.03	38.36
830.21	47.17
830.39	53.11
830.57	66.21
830.75	63.14
830.93	8.87
831.11	-6.69
831.29	69.08
831.47	6.41
831.65	6.21
831.83	25.66
832.02	-9.97
832.20	20.75
832.38	9.28
832.56	-0.55
832.74	27.30
832.92	-5.67
833.10	45.53
833.28	-2.19
833.46	41.64
833.64	57.61
833.82	53.93
834.00	16.86
834.18	16.04
834.36	40.82
834.54	16.45
834.73	81.78
834.91	-2.39
835.09	31.40
835.27	13.79
835.45	37.34
835.63	-13.25
835.81	47.17
835.99	35.08
836.17	52.70
836.35	34.88
836.53	13.17
836.71	64.37
836.89	60.48
837.07	39.59
837.25	35.08
837.43	26.48
837.61	41.43
837.79	54.34
837.97	54.54
838.15	19.93
838.33	29.96
838.51	23.41
838.69	46.35
838.87	9.08
839.05	-10.79
839.23	47.99
839.41	19.11
839.59	27.51
839.78	38.98
839.96	49.83
840.14	45.32
840.32	21.16
840.50	20.13
840.68	34.27
840.86	18.91
841.04	26.69
841.22	18.09
841.40	69.08
841.58	61.50
841.76	17.47
841.94	15.42
842.12	34.27
842.30	9.08
842.48	46.35
842.66	20.54
842.84	36.72
843.02	56.59
843.20	3.34
843.38	44.10
843.55	51.88
843.73	65.19
843.91	35.29
844.09	54.95
844.27	41.02
844.45	14.61
844.63	39.59
844.81	30.58
844.99	49.63
845.17	49.63
845.35	67.65
845.53	13.58
845.71	36.11
845.89	9.49
846.07	64.37
846.25	5.18
846.43	12.15
846.61	67.24
846.79	36.31
846.97	13.79
847.15	28.33
847.33	25.46
847.51	44.92
847.69	19.52
847.87	34.27
848.05	27.51
848.23	8.05
848.41	49.01
848.58	10.51
848.76	57.61
848.94	7.64
849.12	15.42
849.30	41.23
849.48	9.49
849.66	16.45
849.84	49.83
850.02	43.28
850.20	64.17
850.38	29.15
850.56	-9.56
850.74	9.08
850.92	37.54
851.10	-21.64
851.27	45.12
851.45	8.05
851.63	60.07
851.81	15.42
851.99	34.68
852.17	40.61
852.35	48.19
852.53	70.51
852.71	19.11
852.89	49.42
853.07	31.40
853.24	13.58
853.42	34.88
853.60	47.78
853.78	37.13
853.96	-9.56
854.14	11.74
854.32	32.42
854.50	68.67
854.68	51.67
854.86	45.32
855.03	7.44
855.21	-17.96
855.39	69.90
855.57	28.74
855.75	-0.14
855.93	69.29
856.11	33.45
856.29	63.96
856.47	11.74
856.64	22.39
856.82	37.54
857.00	36.31
857.18	40.20
857.36	28.33
857.54	0.88
857.72	16.45
857.90	24.64
858.07	32.83
858.25	7.44
858.43	-2.19
858.61	73.59
858.79	18.91
858.97	28.12
859.15	61.71
859.32	-15.91
859.50	63.76
859.68	69.70
859.86	17.68
860.04	13.99
860.22	34.27
860.40	39.59
860.57	35.90
860.75	42.66
860.93	31.40
861.11	1.29
861.29	33.65
861.47	-14.27
861.64	86.90
861.82	6.00
862.00	56.59
862.18	29.56
862.36	15.83
862.54	2.73
862.71	32.42
862.89	66.01
863.07	49.63
863.25	9.28
863.43	39.39
863.61	22.59
863.78	16.45
863.96	7.85
864.14	21.16
864.32	79.94
864.50	17.88
864.67	20.54
864.85	37.75
865.03	58.02
865.21	33.45
865.39	31.81
865.57	-6.49
865.74	68.26
865.92	47.58
866.10	34.68
866.28	40.82
866.46	7.03
866.63	53.11
866.81	47.58
866.99	62.73
867.17	-7.72
867.34	11.53
867.52	10.51
867.70	25.25
867.88	45.73
868.06	-0.96
868.23	24.44
868.41	64.37
868.59	44.10
868.77	-22.26
868.95	24.64
869.12	20.75
869.30	47.37
869.48	44.10
869.66	40.00
869.83	18.50
870.01	30.37
870.19	46.35
870.37	30.78
870.55	32.22
870.72	22.18
870.90	19.52
871.08	-5.26
871.26	62.73
871.43	50.85
871.61	21.16
871.79	30.58
871.97	4.57
872.14	105.33
872.32	35.90
872.50	18.29
872.68	17.47
872.85	46.55
873.03	59.66
873.21	29.56
873.39	7.85
873.56	26.07
873.74	66.01
873.92	45.32
874.10	19.11
874.27	1.50
874.45	27.10
874.63	44.51
874.80	53.52
874.98	70.92
875.16	33.86
875.34	46.35
875.51	55.97
875.69	41.23
875.87	4.57
876.05	3.96
876.22	0.68
876.40	38.36
876.58	15.01
876.75	-25.74
876.93	-6.69
877.11	2.93
877.29	20.13
877.46	32.42
877.64	61.91
877.82	10.71
877.99	11.12
878.17	1.70
878.35	42.46
878.52	42.05
878.70	95.91
878.88	3.34
879.06	52.70
879.23	12.35
879.41	56.18
879.59	26.48
879.76	-2.60
879.94	-6.69
880.12	22.18
880.29	45.32
880.47	2.93
880.65	32.63
880.82	24.23
881.00	2.93
881.18	4.77
881.36	39.80
881.53	52.90
881.71	75.43
881.89	11.12
882.06	43.48
882.24	48.81
882.42	10.30
882.59	54.95
882.77	18.91
882.95	35.29
883.12	28.12
883.30	63.96
883.48	24.23
883.65	58.23
883.83	16.24
884.01	15.01
884.18	4.77
884.36	11.33
884.54	6.41
884.71	50.03
884.89	19.73
885.06	-1.37
885.24	63.96
885.42	28.94
885.59	11.12
885.77	16.24
885.95	34.88
886.12	55.15
886.30	38.57
886.48	54.95
886.65	38.36
886.83	58.43
887.01	-8.74
887.18	13.38
887.36	64.78
887.53	16.24
887.71	38.98
887.89	35.29
888.06	-0.75
888.24	62.53
888.42	57.00
888.59	54.95
888.77	14.20
888.94	19.11
889.12	32.22
889.30	66.62
889.47	42.87
889.65	56.59
889.82	26.07
890.00	32.83
890.18	36.93
890.35	24.44
890.53	36.31
890.71	12.56
890.88	101.23
891.06	18.09
891.23	17.47
891.41	47.37
891.59	28.33
891.76	52.49
891.94	51.06
892.11	31.81
892.29	12.76
892.46	93.04
892.64	15.63
892.82	39.18
892.99	8.87
893.17	43.89
893.34	48.60
893.52	38.98
893.70	5.18
893.87	27.30
894.05	57.82
894.22	-13.04
894.40	59.87
894.57	9.28
894.75	81.37
894.93	-1.57
895.10	58.64
895.28	83.21
895.45	49.22
895.63	69.49
895.80	45.73
895.98	61.09
896.16	33.24
896.33	53.31
896.51	24.23
896.68	90.99
896.86	76.25
897.03	33.45
897.21	31.60
897.38	-18.78
897.56	12.15
897.74	114.96
897.91	70.31
898.09	6.00
898.26	54.13
898.44	28.74
898.61	36.31
898.79	16.04
898.96	41.43
899.14	18.09
899.31	39.59
899.49	11.12
899.67	26.48
899.84	68.47
900.02	20.54
900.19	29.35
900.37	66.62
900.54	74.82
900.72	-13.04
900.89	36.72
901.07	51.67
901.24	14.20
901.42	-1.37
901.59	-2.80
901.77	96.73
901.94	64.37
902.12	14.40
902.29	37.54
902.47	52.29
902.64	26.69
902.82	14.40
902.99	61.91
903.17	32.63
903.34	107.58
903.52	71.54
903.69	32.22
903.87	16.04
904.04	23.00
904.22	61.71
904.39	34.68
904.57	54.13
904.74	21.57
904.92	56.18
905.09	61.50
905.27	31.19
905.44	52.29
905.62	42.05
905.79	59.87
905.97	49.63
906.14	59.87
906.32	69.90
906.49	56.79
906.67	4.37
906.84	40.20
907.02	17.68
907.19	100.82
907.37	64.37
907.54	22.39
907.72	106.76
907.89	37.34
908.06	37.13
908.24	36.72
908.41	67.85
908.59	42.25
908.76	25.87
908.94	86.08
909.11	133.18
909.29	55.36
909.46	97.75
909.64	42.66
909.81	42.87
909.99	64.17
910.16	33.04
910.33	38.77
910.51	72.36
910.68	11.33
910.86	43.48
911.03	11.94
911.21	19.11
911.38	47.58
911.56	30.37
911.73	34.27
911.90	50.65
912.08	16.04
912.25	73.59
912.43	19.93
912.60	40.82
912.78	54.13
912.95	48.60
913.12	74.82
913.30	70.11
913.47	67.65
913.65	79.12
913.82	18.09
914.00	67.65
914.17	-3.42
914.34	41.43
914.52	27.30
914.69	21.98
914.87	41.43
915.04	64.17
915.21	8.67
915.39	37.13
915.56	54.54
915.74	27.30
915.91	56.79
916.08	55.36
916.26	22.39
916.43	13.17
916.61	26.07
916.78	45.53
916.95	40.00
917.13	86.90
917.30	34.27
917.48	59.46
917.65	17.27
917.82	40.20
918.00	51.06
918.17	42.46
918.35	38.36
918.52	28.94
918.69	41.23
918.87	55.77
919.04	52.49
919.22	47.17
919.39	77.68
919.56	58.02
919.74	123.35
919.91	64.17
920.08	80.75
920.26	54.54
920.43	69.49
920.61	53.72
920.78	19.73
920.95	66.01
921.13	71.33
921.30	31.19
921.47	45.73
921.65	73.38
921.82	26.07
921.99	66.42
922.17	72.36
922.34	81.16
922.51	21.36
922.69	44.10
922.86	41.64
923.04	34.27
923.21	22.59
923.38	41.64
923.56	96.52
923.73	53.31
923.90	49.63
924.08	27.71
924.25	54.13
924.42	21.98
924.60	52.70
924.77	64.78
924.94	62.32
925.12	54.34
925.29	94.89
925.46	31.40
925.64	55.15
925.81	117.62
925.98	62.32
926.16	65.60
926.33	53.31
926.50	8.05
926.68	25.66
926.85	26.48
927.02	70.51
927.19	54.34
927.37	76.04
927.54	90.58
927.71	64.78
927.89	88.33
928.06	45.94
928.23	28.33
928.41	81.78
928.58	83.42
928.75	58.64
928.93	49.22
929.10	33.04
929.27	74.61
929.44	86.69
929.62	41.43
929.79	68.26
929.96	109.02
930.14	45.12
930.31	94.48
930.48	81.78
930.66	125.61
930.83	48.19
931.00	79.32
931.17	98.98
931.35	20.54
931.52	60.89
931.69	130.11
931.87	41.84
932.04	49.63
932.21	80.14
932.38	90.79
932.56	83.21
932.73	85.06
932.90	88.74
933.07	74.61
933.25	59.87
933.42	48.60
933.59	72.56
933.77	62.12
933.94	61.09
934.11	108.61
934.28	58.02
934.46	95.50
934.63	70.11
934.80	64.99
934.97	59.05
935.15	83.01
935.32	87.31
935.49	100.01
935.66	63.96
935.84	55.56
936.01	99.39
936.18	72.36
936.35	57.82
936.53	112.91
936.70	94.89
936.87	95.50
937.04	92.43
937.22	63.96
937.39	83.01
937.56	119.26
937.73	77.68
937.91	73.38
938.08	63.96
938.25	57.41
938.42	69.49
938.59	74.61
938.77	59.25
938.94	75.22
939.11	34.68
939.28	77.07
939.46	97.14
939.63	53.31
939.80	63.55
939.97	45.73
940.14	85.87
940.32	103.90
940.49	77.27
940.66	133.80
940.83	123.35
941.00	115.16
941.18	83.21
941.35	67.03
941.52	81.98
941.69	70.72
941.87	74.00
942.04	94.07
942.21	68.67
942.38	105.53
942.55	87.10
942.73	80.34
942.90	71.74
943.07	63.35
943.24	83.42
943.41	71.54
943.58	80.55
943.76	79.94
943.93	107.58
944.10	125.40
944.27	144.04
944.44	60.27
944.62	120.69
944.79	76.25
944.96	100.01
945.13	140.96
945.30	80.34
945.47	80.96
945.65	123.76
945.82	100.62
945.99	108.20
946.16	129.91
946.33	136.66
946.50	80.96
946.68	133.18
946.85	138.10
947.02	124.58
947.19	164.11
947.36	121.30
947.53	144.65
947.71	145.68
947.88	142.81
948.05	160.01
948.22	127.86
948.39	101.64
948.56	134.62
948.74	123.97
948.91	154.07
949.08	172.50
949.25	134.62
949.42	170.87
949.59	157.14
949.76	205.68
949.94	184.79
950.11	161.44
950.28	206.50
950.45	207.52
950.62	196.67
950.79	301.73
950.96	335.73
951.14	458.81
951.31	673.64
951.48	857.96
951.65	1114.36
951.82	1420.74
951.99	1761.93
952.16	2253.24
952.33	2675.33
952.51	3269.65
952.68	4113.41
952.85	4880.78
953.02	5724.96
953.19	6672.35
953.36	7837.03
953.53	8953.58
953.70	10454.54
953.87	11911.87
954.05	13176.49
954.22	14672.33
954.39	16342.65
954.56	17941.29
954.73	20032.27
954.90	22039.49
955.07	24061.03
955.24	25648.62
955.41	27535.00
955.58	29337.01
955.76	31396.45
955.93	33253.75
956.10	35153.04
956.27	37167.01
956.44	39297.10
956.61	41117.34
956.78	42599.25
956.95	44695.75
957.12	46988.25
957.29	48895.11
957.46	50965.81
957.64	52543.16
957.81	53648.24
957.98	54817.22
958.15	55804.76
958.32	56973.33
958.49	58470.39
958.66	59408.98
958.83	59154.41
959.00	59656.58
959.17	60245.57
959.34	60636.32
959.51	60911.37
959.68	60576.32
959.85	60187.20
960.03	59669.27
960.20	59614.80
960.37	58792.95
960.54	57442.72
960.71	56692.75
960.88	55625.97
961.05	54342.71
961.22	53519.02
961.39	51503.61
961.56	49812.19
961.73	48538.56
961.90	46482.61
962.07	44409.04
962.24	42678.71
962.41	40880.80
962.58	39055.65
962.75	36822.75
962.92	34779.90
963.09	32774.12
963.26	31236.91
963.44	29356.26
963.61	26884.16
963.78	24996.55
963.95	23020.46
964.12	21398.27
964.29	19559.19
964.46	17798.55
964.63	16402.04
964.80	14890.03
964.97	13393.58
965.14	12098.64
965.31	10839.55
965.48	9576.16
965.65	8485.62
965.82	7404.91
965.99	6446.05
966.16	5654.30
966.33	4783.10
966.50	4106.45
966.67	3428.98
966.84	2960.81
967.01	2425.27
967.18	2081.42
967.35	1701.11
967.52	1386.74
967.69	1121.74
967.86	937.83
968.03	812.08
968.20	632.48
968.37	535.20
968.54	467.41
968.71	442.22
968.88	369.72
969.05	302.34
969.22	300.30
969.39	230.05
969.56	292.72
969.73	207.32
969.90	216.94
970.07	206.09
970.24	205.68
970.41	174.76
970.58	244.18
970.75	187.66
970.92	191.96
971.09	179.47
971.26	145.27
971.43	166.36
971.60	235.58
971.77	132.36
971.94	203.63
972.11	156.73
972.28	139.74
972.45	125.81
972.62	122.94
972.79	135.84
972.96	165.54
973.12	121.51
973.29	115.77
973.46	146.49
973.63	101.23
973.80	142.81
973.97	111.27
974.14	173.12
974.31	83.01
974.48	136.05
974.65	126.83
974.82	134.00
974.99	87.10
975.16	103.69
975.33	146.08
975.50	131.34
975.67	135.03
975.84	137.69
976.01	82.19
976.18	97.14
976.35	80.55
976.51	138.51
976.68	100.42
976.85	110.04
977.02	51.47
977.19	71.33
977.36	57.82
977.53	75.84
977.70	82.60
977.87	100.21
978.04	73.79
978.21	67.24
978.38	105.53
978.55	82.39
978.72	39.39
978.88	61.30
979.05	60.07
979.22	57.20
979.39	36.72
979.56	65.60
979.73	54.75
979.90	72.97
980.07	80.96
980.24	29.35
980.41	80.55
980.58	82.60
980.75	95.09
980.91	58.23
981.08	74.20
981.25	74.61
981.42	96.52
981.59	45.73
981.76	58.23
981.93	44.51
982.10	41.84
982.27	51.88
982.44	59.87
982.60	47.37
982.77	57.41
982.94	71.74
983.11	39.39
983.28	30.99
983.45	72.77
983.62	35.90
983.79	53.72
983.95	87.51
984.12	41.64
984.29	45.73
984.46	37.95
984.63	19.11
984.80	61.09
984.97	87.10
985.14	52.08
985.30	43.28
985.47	62.12
985.64	93.86
985.81	43.69
985.98	47.78
986.15	76.86
986.32	50.44
986.49	41.23
986.65	21.16
986.82	15.83
986.99	66.21
987.16	50.44
987.33	45.32
987.50	81.37
987.67	50.85
987.83	40.00
988.00	83.42
988.17	64.99
988.34	64.99
988.51	33.86
988.68	59.87
988.84	28.33
989.01	39.39
989.18	61.30
989.35	46.96
989.52	22.18
989.69	25.25
989.86	42.66
990.02	30.17
990.19	64.78
990.36	-12.02
990.53	128.06
990.70	41.84
990.87	83.01
991.03	58.64
991.20	34.68
991.37	20.34
991.54	23.21
991.71	23.62
991.87	35.49
992.04	39.59
992.21	51.67
992.38	74.61
992.55	57.61
992.72	22.18
992.88	30.17
993.05	23.82
993.22	45.12
993.39	43.28
993.56	41.23
993.72	36.93
993.89	57.61
994.06	47.78
994.23	21.16
994.40	35.90
994.56	22.39
994.73	29.56
994.90	37.95
995.07	35.70
995.24	44.92
995.40	58.84
995.57	31.19
995.74	43.89
995.91	65.80
996.08	33.45
996.24	47.58
996.41	83.01
996.58	24.64
996.75	2.93
996.92	36.31
997.08	54.13
997.25	32.22
997.42	52.49
997.59	70.11
997.75	41.84
997.92	78.30
998.09	24.64
998.26	45.12
998.43	37.34
998.59	1.70
998.76	36.93
998.93	70.92
999.10	40.61
999.26	35.49
999.43	18.70
999.60	41.23
999.77	83.42
999.93	32.63
1000.10	31.40
1000.27	12.35
1000.44	21.36
1000.60	43.48
1000.77	54.13
1000.94	19.11
1001.11	64.58
1001.28	48.19
1001.44	34.68
1001.61	22.59
1001.78	4.37
1001.95	62.94
1002.11	26.89
1002.28	73.18
1002.45	40.20
1002.61	41.23
1002.78	21.98
1002.95	58.43
1003.12	48.19
1003.28	71.74
1003.45	-8.95
1003.62	11.74
1003.79	22.80
1003.95	28.94
1004.12	13.17
1004.29	6.21
1004.46	42.46
1004.62	20.95
1004.79	8.67
1004.96	65.39
1005.12	63.96
1005.29	13.58
1005.46	49.01
1005.63	66.83
1005.79	11.53
1005.96	47.37
1006.13	38.77
1006.29	59.87
1006.46	8.46
1006.63	57.61
1006.80	34.27
1006.96	26.28
1007.13	18.91
1007.30	13.99
1007.46	60.68
1007.63	25.25
1007.80	46.76
1007.97	46.35
1008.13	-11.81
1008.30	3.75
1008.47	19.93
1008.63	56.38
1008.80	55.97
1008.97	45.94
1009.13	8.87
1009.30	22.80
1009.47	13.99
1009.64	32.01
1009.80	32.42
1009.97	59.05
1010.14	80.55
1010.30	37.13
1010.47	-5.87
1010.64	51.67
1010.80	37.34
1010.97	10.71
1011.14	13.79
1011.30	107.99
1011.47	36.93
1011.64	85.87
1011.80	22.39
1011.97	24.84
1012.14	25.66
1012.30	16.45
1012.47	54.75
1012.64	58.02
1012.80	21.57
1012.97	37.75
1013.14	30.17
1013.30	71.13
1013.47	64.78
1013.64	34.06
1013.80	18.29
1013.97	52.70
1014.14	12.15
1014.30	42.25
1014.47	60.48
1014.64	50.44
1014.80	41.02
1014.97	11.74
1015.14	43.89
1015.30	85.87
1015.47	29.56
1015.64	57.61
1015.80	31.19
1015.97	55.56
1016.13	12.56
1016.30	29.35
1016.47	28.12
1016.63	39.59
1016.80	7.03
1016.97	6.21
1017.13	1.50
1017.30	54.75
1017.47	19.93
1017.63	53.72
1017.80	54.54
1017.96	51.88
1018.13	63.14
1018.30	29.76
1018.46	35.08
1018.63	49.01
1018.80	31.60
1018.96	54.95
1019.13	31.40
1019.29	38.98
1019.46	33.65
1019.63	29.56
1019.79	21.16
1019.96	64.58
1020.13	18.50
1020.29	56.59
1020.46	64.78
1020.62	76.45
1020.79	92.22
1020.96	60.07
1021.12	64.58
1021.29	35.49
1021.45	72.77
1021.62	36.93
1021.79	-13.66
1021.95	28.53
1022.12	65.60
1022.28	9.08
1022.45	52.08
1022.62	90.79
1022.78	52.70
1022.95	27.10
1023.11	62.53
1023.28	12.97
1023.45	12.76
1023.61	36.52
1023.78	60.89
1023.94	43.07
1024.11	9.89
1024.27	75.43
1024.44	34.68
1024.61	53.93
1024.77	23.00
1024.94	32.42
1025.10	20.54
1025.27	44.10
1025.43	49.22
1025.60	15.22
1025.77	51.26
1025.93	28.74
1026.10	25.46
1026.26	16.86
1026.43	44.92
1026.59	37.54
1026.76	-2.19
1026.93	49.22
1027.09	29.15
1027.26	42.66
1027.42	50.24
1027.59	36.31
1027.75	28.33
1027.92	50.85
1028.08	18.29
1028.25	26.89
1028.42	25.87
1028.58	21.36
1028.75	29.76
1028.91	-3.62
1029.08	94.07
1029.24	30.99
1029.41	23.00
1029.57	23.00
1029.74	37.95
1029.91	8.05
1030.07	3.14
1030.24	40.82
1030.40	16.65
1030.57	35.49
1030.73	75.43
1030.90	61.91
1031.06	48.19
1031.23	34.68
1031.39	63.35
1031.56	36.11
1031.72	27.30
1031.89	58.84
1032.05	64.37
1032.22	35.70
1032.38	14.81
1032.55	67.85
1032.72	48.60
1032.88	24.03
1033.05	16.24
1033.21	45.73
1033.38	-10.79
1033.54	25.66
1033.71	21.36
1033.87	66.83
1034.04	14.40
1034.20	40.61
1034.37	26.28
1034.53	62.32
1034.70	61.50
1034.86	-19.80
1035.03	44.92
1035.19	39.59
1035.36	58.43
1035.52	1.09
1035.69	36.93
1035.85	84.85
1036.02	70.11
1036.18	42.87
1036.35	24.84
1036.51	91.40
1036.68	43.89
1036.84	13.17
1037.01	27.10
1037.17	40.00
1037.34	35.29
1037.50	30.78
1037.67	62.32
