337.57	-27.17
337.79	-27.17
338.02	-27.17
338.24	-31.02
338.47	-30.07
338.69	4.95
338.92	16.35
339.14	9.59
339.36	25.40
339.59	32.63
339.81	7.96
340.04	12.87
340.26	28.64
340.49	10.45
340.71	31.64
340.93	15.43
341.16	20.96
341.38	10.04
341.61	15.84
341.83	46.15
342.05	27.72
342.28	29.02
342.50	35.54
342.73	24.17
342.95	41.03
343.17	17.99
343.40	27.14
343.62	11.10
343.85	31.71
344.07	10.86
344.29	20.82
344.52	9.53
344.74	29.32
344.97	15.84
345.19	22.02
345.41	32.46
345.64	29.53
345.86	27.99
346.08	32.26
346.31	7.20
346.53	18.16
346.76	9.70
346.98	49.36
347.20	31.23
347.43	28.20
347.65	23.59
347.87	46.49
348.10	14.51
348.32	43.15
348.54	39.97
348.77	41.17
348.99	38.44
349.21	33.97
349.44	29.46
349.66	32.60
349.88	27.68
350.11	31.30
350.33	18.88
350.55	49.26
350.78	21.06
351.00	58.20
351.22	34.17
351.45	22.19
351.67	22.77
351.89	31.10
352.12	18.33
352.34	41.47
352.56	28.37
352.79	21.20
353.01	22.91
353.23	36.01
353.45	38.44
353.68	46.49
353.90	36.15
354.12	38.44
354.35	24.00
354.57	40.21
354.79	33.79
355.01	49.84
355.24	24.20
355.46	42.46
355.68	17.44
355.91	45.23
356.13	29.80
356.35	23.18
356.57	39.43
356.80	22.80
357.02	11.71
357.24	30.72
357.46	27.79
357.69	35.26
357.91	38.10
358.13	25.12
358.35	28.40
358.58	40.86
358.80	27.62
359.02	42.53
359.24	28.74
359.47	44.20
359.69	28.16
359.91	20.14
360.13	49.02
360.36	32.39
360.58	29.15
360.80	28.67
361.02	26.97
361.25	40.69
361.47	38.03
361.69	57.86
361.91	34.92
362.13	29.66
362.36	55.02
362.58	30.52
362.80	36.42
363.02	27.48
363.25	50.49
363.47	34.85
363.69	45.77
363.91	81.10
364.13	39.80
364.36	45.60
364.58	26.11
364.80	44.31
365.02	59.29
365.24	31.78
365.47	25.81
365.69	26.01
365.91	24.03
366.13	37.69
366.35	31.64
366.57	46.90
366.80	36.87
367.02	36.32
367.24	41.75
367.46	53.45
367.68	48.78
367.90	59.43
368.13	49.80
368.35	43.39
368.57	64.86
368.79	57.41
369.01	48.03
369.23	38.50
369.46	46.18
369.68	52.06
369.90	38.91
370.12	53.35
370.34	36.05
370.56	57.76
370.78	34.48
371.01	56.56
371.23	38.85
371.45	46.59
371.67	46.15
371.89	70.04
372.11	61.10
372.33	34.58
372.56	53.49
372.78	66.83
373.00	50.96
373.22	59.02
373.44	51.54
373.66	71.07
373.88	45.74
374.10	49.77
374.32	56.01
374.55	72.91
374.77	59.77
374.99	74.41
375.21	57.35
375.43	73.32
375.65	71.48
375.87	70.76
376.09	79.53
376.31	74.82
376.53	66.66
376.75	77.72
376.98	88.20
377.20	90.59
377.42	75.47
377.64	79.36
377.86	85.68
378.08	95.44
378.30	96.53
378.52	99.94
378.74	96.60
378.96	107.08
379.18	102.16
379.40	114.86
379.62	130.36
379.84	114.04
380.07	136.33
380.29	110.70
380.51	116.74
380.73	133.63
380.95	111.38
381.17	131.35
381.39	128.89
381.61	118.58
381.83	130.80
382.05	136.19
382.27	124.08
382.49	144.49
382.71	120.90
382.93	148.48
383.15	146.60
383.37	145.78
383.59	149.88
383.81	164.63
384.03	132.75
384.25	145.72
384.47	135.58
384.69	145.75
384.91	141.52
385.13	166.50
385.35	133.12
385.57	170.43
385.79	154.42
386.01	131.65
386.23	139.44
386.45	157.56
386.67	141.45
386.89	147.29
387.11	149.85
387.33	153.16
387.55	152.24
387.77	158.89
387.99	134.25
388.21	137.69
388.43	144.83
388.65	151.79
388.87	127.69
389.09	147.08
389.31	161.79
389.53	142.64
389.75	153.81
389.97	149.61
390.19	159.33
390.41	146.26
390.63	148.92
390.85	163.84
391.07	161.83
391.29	170.74
391.51	141.72
391.72	159.44
391.94	166.37
392.16	168.79
392.38	170.22
392.60	162.78
392.82	168.21
393.04	178.48
393.26	183.02
393.48	191.97
393.70	194.87
393.92	201.97
394.14	223.68
394.36	220.47
394.58	271.70
394.80	258.56
395.01	245.59
395.23	293.03
395.45	272.45
395.67	304.98
395.89	318.05
396.11	354.44
396.33	336.55
396.55	387.75
396.77	416.73
396.99	460.49
397.21	453.39
397.42	534.90
397.64	574.66
397.86	658.66
398.08	754.44
398.30	938.01
398.52	1230.70
398.74	1443.55
398.96	1707.91
399.17	2169.45
399.39	2760.77
399.61	3260.61
399.83	4002.72
400.05	4776.96
400.27	5534.77
400.49	6419.19
400.71	7503.42
400.92	8620.96
401.14	9687.44
401.36	11188.26
401.58	13688.01
401.80	14897.82
402.02	15506.57
402.24	17904.44
402.45	19143.77
402.67	22353.96
402.89	24223.92
403.11	25894.38
403.33	28640.88
403.55	30202.66
403.76	33186.14
403.98	34945.11
404.20	38827.17
404.42	40911.56
404.64	42405.82
404.86	47382.25
405.07	49165.18
405.29	50068.37
405.51	50878.75
405.73	51710.12
405.95	53382.39
406.17	56223.09
406.38	54107.27
406.60	56572.72
406.82	58602.97
407.04	59813.87
407.26	59883.60
407.47	61565.02
407.69	59847.79
407.91	60981.34
408.13	60341.56
408.35	58736.60
408.56	58023.29
408.78	53637.29
409.00	56119.26
409.22	53741.23
409.44	52305.43
409.65	49373.49
409.87	48189.29
410.09	47965.04
410.31	45170.17
410.52	42759.10
410.74	38562.50
410.96	35491.40
411.18	33382.03
411.40	30884.33
411.61	29178.10
411.83	25887.15
412.05	23595.57
412.27	22440.35
412.48	19523.15
412.70	17656.16
412.92	16101.78
413.14	14313.32
413.35	13272.31
413.57	10701.97
413.79	9639.31
414.01	8236.49
414.22	6859.74
414.44	6101.00
414.66	4857.44
414.87	4013.54
415.09	3311.77
415.31	2650.52
415.53	2030.12
415.74	1647.18
415.96	1244.83
416.18	1024.70
416.40	789.63
416.61	693.85
416.83	601.94
417.05	539.68
417.26	538.58
417.48	521.07
417.70	525.75
417.92	503.19
418.13	501.52
418.35	537.46
418.57	508.31
418.78	520.63
419.00	503.56
419.22	508.58
419.43	494.76
419.65	480.46
419.87	460.49
420.09	470.97
420.30	474.48
420.52	427.76
420.74	460.52
420.95	465.30
421.17	483.66
421.39	481.82
421.60	448.06
421.82	468.03
422.04	483.32
422.25	476.12
422.47	466.63
422.69	459.46
422.90	455.54
423.12	478.92
423.34	465.95
423.55	451.65
423.77	444.48
423.99	453.56
424.20	466.15
424.42	458.47
424.64	459.53
424.85	447.59
425.07	495.68
425.28	486.02
425.50	479.19
425.72	502.95
425.93	484.62
426.15	480.15
426.37	485.03
426.58	487.04
426.80	502.64
427.01	488.41
427.23	512.44
427.45	517.39
427.66	483.56
427.88	486.29
428.10	486.09
428.31	507.59
428.53	493.39
428.74	540.26
428.96	559.23
429.18	549.58
429.39	523.77
429.61	541.49
429.82	532.10
430.04	599.31
430.26	583.98
430.47	565.58
430.69	539.61
430.90	610.78
431.12	583.09
431.34	619.24
431.55	581.08
431.77	653.03
431.98	601.56
432.20	590.33
432.41	611.29
432.63	611.32
432.85	662.32
433.06	599.07
433.28	651.63
433.49	615.28
433.71	652.01
433.92	621.63
434.14	621.53
434.35	632.86
434.57	630.64
434.79	641.09
435.00	635.08
435.22	626.17
435.43	644.57
435.65	626.31
435.86	610.20
436.08	596.85
436.29	576.88
436.51	579.85
436.72	582.62
436.94	559.68
437.16	587.46
437.37	566.54
437.59	547.29
437.80	554.35
438.02	548.14
438.23	527.22
438.45	525.92
438.66	465.20
438.88	485.54
439.09	473.02
439.31	453.73
439.52	468.44
439.74	426.70
439.95	444.92
440.17	424.24
440.38	399.25
440.60	379.32
440.81	384.71
441.03	372.39
441.24	330.92
441.46	345.12
441.67	346.62
441.89	343.79
442.10	318.63
442.32	289.76
442.53	281.05
442.75	301.19
442.96	291.84
443.18	296.38
443.39	276.51
443.61	258.83
443.82	276.00
444.04	240.02
444.25	258.56
444.46	218.79
444.68	228.08
444.89	213.91
445.11	219.58
445.32	241.08
445.54	252.28
445.75	240.88
445.97	248.87
446.18	262.28
446.40	218.45
446.61	208.32
446.82	231.94
447.04	218.79
447.25	247.91
447.47	220.71
447.68	228.97
447.90	220.57
448.11	234.80
448.32	225.69
448.54	239.85
448.75	209.75
448.97	243.88
449.18	247.12
449.40	222.11
449.61	203.30
449.82	202.58
450.04	213.13
450.25	202.34
450.47	208.18
450.68	235.86
450.89	203.91
451.11	192.75
451.32	213.03
451.54	216.81
451.75	199.99
451.96	204.46
452.18	186.40
452.39	188.59
452.61	185.96
452.82	204.05
453.03	178.24
453.25	179.37
453.46	163.36
453.68	172.37
453.89	174.35
454.10	197.94
454.32	172.54
454.53	152.37
454.74	161.96
454.96	147.97
455.17	150.36
455.39	140.29
455.60	167.73
455.81	151.65
456.03	155.85
456.24	138.62
456.45	136.19
456.67	120.18
456.88	128.65
457.09	148.04
457.31	132.37
457.52	142.51
457.73	147.73
457.95	121.99
458.16	125.58
458.37	133.29
458.59	137.39
458.80	122.74
459.01	142.13
459.23	137.46
459.44	140.63
459.65	141.69
459.87	141.62
460.08	122.71
460.29	117.90
460.51	126.64
460.72	145.17
460.93	125.03
461.15	128.10
461.36	138.14
461.57	107.15
461.79	124.21
462.00	95.71
462.21	110.46
462.42	149.54
462.64	117.21
462.85	123.56
463.06	121.93
463.28	130.80
463.49	145.44
463.70	141.24
463.92	125.58
464.13	123.67
464.34	133.46
464.55	131.65
464.77	122.30
464.98	127.63
465.19	106.36
465.40	132.06
465.62	121.96
465.83	142.00
466.04	127.86
466.26	129.26
466.47	121.11
466.68	136.50
466.89	140.80
467.11	127.76
467.32	132.34
467.53	118.82
467.74	126.33
467.96	125.34
468.17	128.99
468.38	139.71
468.59	145.27
468.81	132.47
469.02	149.85
469.23	147.05
469.44	149.23
469.66	133.53
469.87	146.88
470.08	114.79
470.29	140.08
470.50	134.25
470.72	131.35
470.93	145.51
471.14	123.09
471.35	133.70
471.57	148.17
471.78	147.35
471.99	123.56
472.20	116.33
472.41	138.14
472.63	120.53
472.84	117.66
473.05	115.75
473.26	127.76
473.47	132.64
473.69	126.06
473.90	124.42
474.11	134.55
474.32	134.14
474.53	130.73
474.75	126.50
474.96	118.82
475.17	134.42
475.38	109.47
475.59	134.04
475.80	104.45
476.02	123.63
476.23	133.84
476.44	112.98
476.65	111.07
476.86	143.60
477.08	142.58
477.29	121.11
477.50	132.30
477.71	124.66
477.92	137.63
478.13	118.41
478.34	136.47
478.56	129.64
478.77	122.44
478.98	126.67
479.19	136.50
479.40	102.23
479.61	134.59
479.83	117.32
480.04	132.10
480.25	120.70
480.46	133.09
480.67	137.35
480.88	124.21
481.09	138.10
481.30	130.22
481.52	135.51
481.73	122.44
481.94	141.79
482.15	132.40
482.36	138.75
482.57	154.01
482.78	134.49
482.99	140.02
483.21	135.13
483.42	138.34
483.63	142.81
483.84	142.06
484.05	125.51
484.26	142.54
484.47	152.64
484.68	149.95
484.89	153.57
485.10	127.28
485.32	133.36
485.53	142.64
485.74	141.86
485.95	159.68
486.16	158.65
486.37	155.20
486.58	148.04
486.79	135.75
487.00	137.90
487.21	136.81
487.42	137.63
487.63	142.20
487.85	152.58
488.06	134.93
488.27	140.60
488.48	135.37
488.69	143.16
488.90	135.41
489.11	137.73
489.32	148.38
489.53	129.09
489.74	140.05
489.95	138.96
490.16	149.91
490.37	137.97
490.58	149.98
490.79	129.98
491.00	126.64
491.21	143.19
491.42	148.34
491.63	135.58
491.84	144.49
492.06	124.38
492.27	146.54
492.48	149.10
492.69	152.88
492.90	150.15
493.11	183.09
493.32	143.12
493.53	148.28
493.74	125.27
493.95	143.74
494.16	143.29
494.37	159.57
494.58	173.53
494.79	168.93
495.00	147.80
495.21	154.04
495.42	156.16
495.63	146.81
495.84	152.61
496.05	148.82
496.26	146.02
496.47	158.99
496.68	154.59
496.89	154.56
497.10	166.81
497.31	163.77
497.52	146.77
497.73	150.63
497.94	146.60
498.15	156.30
498.36	156.13
498.57	162.13
498.78	137.52
498.98	127.52
499.19	163.02
499.40	156.54
499.61	153.40
499.82	143.29
500.03	144.90
500.24	138.14
500.45	126.53
500.66	140.43
500.87	158.17
501.08	142.58
501.29	144.59
501.50	147.12
501.71	114.83
501.92	140.08
502.13	118.99
502.34	124.08
502.55	154.62
502.76	129.88
502.97	152.41
503.17	142.23
503.38	125.54
503.59	142.44
503.80	137.69
504.01	134.96
504.22	115.37
504.43	158.41
504.64	120.25
504.85	135.75
505.06	128.51
505.27	124.38
505.48	117.21
505.68	126.06
505.89	127.28
506.10	126.98
506.31	111.62
506.52	119.33
506.73	121.00
506.94	149.78
507.15	121.96
507.36	109.67
507.57	131.14
507.77	126.36
507.98	102.81
508.19	118.75
508.40	115.95
508.61	126.67
508.82	120.36
509.03	122.78
509.24	123.73
509.45	117.62
509.65	132.13
509.86	138.10
510.07	119.81
510.28	139.40
510.49	132.68
510.70	133.02
510.91	131.04
511.11	127.35
511.32	160.60
511.53	138.55
511.74	129.64
511.95	136.12
512.16	125.82
512.37	137.29
512.57	150.60
512.78	151.35
512.99	157.39
513.20	123.63
513.41	133.60
513.62	135.07
513.82	150.70
514.03	130.32
514.24	146.81
514.45	150.90
514.66	141.69
514.87	129.98
515.07	146.19
515.28	159.98
515.49	144.69
515.70	142.68
515.91	145.82
516.11	142.85
516.32	127.05
516.53	159.40
516.74	152.41
516.95	157.66
517.16	170.77
517.36	166.06
517.57	156.43
517.78	161.25
517.99	141.38
518.20	168.45
518.40	162.68
518.61	165.10
518.82	141.55
519.03	170.74
519.23	150.02
519.44	157.94
519.65	164.15
519.86	158.14
520.07	158.48
520.27	166.67
520.48	153.16
520.69	144.28
520.90	153.91
521.10	167.53
521.31	154.97
521.52	176.98
521.73	158.96
521.94	169.03
522.14	159.13
522.35	173.77
522.56	176.91
522.77	167.90
522.97	154.15
523.18	176.74
523.39	157.05
523.60	143.80
523.80	152.99
524.01	146.81
524.22	136.84
524.43	139.54
524.63	147.39
524.84	150.73
525.05	128.75
525.25	148.21
525.46	149.06
525.67	155.85
525.88	146.77
526.08	138.62
526.29	136.47
526.50	139.26
526.71	137.08
526.91	133.80
527.12	142.10
527.33	142.61
527.53	142.95
527.74	145.92
527.95	127.42
528.16	144.15
528.36	140.39
528.57	131.76
528.78	128.55
528.98	148.04
529.19	150.22
529.40	132.81
529.60	140.53
529.81	158.00
530.02	158.07
530.22	144.08
530.43	134.66
530.64	134.76
530.85	128.79
531.05	130.60
531.26	142.61
531.47	158.75
531.67	149.27
531.88	145.07
532.09	127.73
532.29	136.23
532.50	120.15
532.71	118.75
532.91	132.64
533.12	145.48
533.33	117.08
533.53	118.65
533.74	112.78
533.95	121.72
534.15	130.73
534.36	126.06
534.56	121.31
534.77	150.32
534.98	109.98
535.18	135.92
535.39	126.36
535.60	125.65
535.80	124.45
536.01	118.89
536.22	119.47
536.42	119.60
536.63	109.43
536.83	108.44
537.04	122.71
537.25	121.62
537.45	92.40
537.66	122.54
537.87	110.49
538.07	128.89
538.28	119.81
538.48	114.55
538.69	97.49
538.90	121.21
539.10	99.36
539.31	115.10
539.51	116.94
539.72	118.99
539.93	115.27
540.13	119.91
540.34	111.92
540.54	108.31
540.75	101.68
540.96	113.73
541.16	106.12
541.37	98.82
541.57	124.38
541.78	101.92
541.99	111.04
542.19	114.96
542.40	129.64
542.60	105.47
542.81	105.71
543.01	135.10
543.22	116.46
543.43	131.45
543.63	119.98
543.84	127.05
544.04	118.31
544.25	131.52
544.45	112.44
544.66	100.42
544.87	116.05
545.07	142.99
545.28	117.90
545.48	123.29
545.69	117.39
545.89	104.11
546.10	119.81
546.30	123.56
546.51	119.26
546.71	126.98
546.92	117.32
547.13	132.44
547.33	126.02
547.54	162.48
547.74	131.99
547.95	113.26
548.15	111.55
548.36	149.37
548.56	123.05
548.77	143.98
548.97	131.00
549.18	153.60
549.38	131.82
549.59	148.72
549.79	142.61
550.00	147.49
550.20	153.36
550.41	137.83
550.61	160.56
550.82	157.25
551.02	164.49
551.23	161.59
551.43	144.52
551.64	147.46
551.84	149.71
552.05	155.41
552.25	153.84
552.46	169.68
552.66	183.19
552.87	161.55
553.07	160.53
553.28	155.55
553.48	168.04
553.69	162.78
553.89	165.89
554.10	185.62
554.30	188.45
554.51	181.15
554.71	172.71
554.92	183.60
555.12	182.07
555.32	191.25
555.53	180.74
555.73	171.90
555.94	190.84
556.14	198.62
556.35	183.88
556.55	181.52
556.76	185.51
556.96	191.25
557.17	191.86
557.37	203.40
557.57	204.56
557.78	191.83
557.98	188.38
558.19	202.79
558.39	185.82
558.60	194.83
558.80	200.60
559.00	195.31
559.21	195.07
559.41	210.57
559.62	209.89
559.82	206.61
560.03	195.89
560.23	200.46
560.43	199.07
560.64	204.53
560.84	215.07
561.05	204.56
561.25	196.81
561.45	223.33
561.66	222.07
561.86	217.29
562.07	205.99
562.27	215.62
562.47	202.31
562.68	206.61
562.88	210.43
563.09	218.01
563.29	209.48
563.49	207.56
563.70	187.08
563.90	213.47
564.11	197.90
564.31	198.59
564.51	192.51
564.72	180.70
564.92	192.51
565.12	202.44
565.33	180.09
565.53	190.67
565.74	165.75
565.94	161.04
566.14	177.08
566.35	175.96
566.55	145.24
566.75	154.76
566.96	149.13
567.16	144.69
567.36	136.43
567.57	141.35
567.77	123.87
567.98	123.63
568.18	110.46
568.38	108.92
568.59	114.31
568.79	106.33
568.99	121.89
569.20	120.83
569.40	97.79
569.60	79.84
569.81	111.55
570.01	102.71
570.21	98.44
570.42	84.11
570.62	94.11
570.82	82.88
571.03	79.81
571.23	81.00
571.43	74.45
571.63	88.82
571.84	79.09
572.04	89.74
572.24	90.59
572.45	97.18
572.65	81.00
572.85	93.80
573.06	82.91
573.26	89.16
573.46	73.08
573.67	77.66
573.87	90.15
574.07	95.68
574.27	75.30
574.48	109.74
574.68	85.95
574.88	72.71
575.09	65.91
575.29	78.99
575.49	75.64
575.69	95.68
575.90	90.45
576.10	94.07
576.30	83.94
576.51	94.58
576.71	72.98
576.91	100.83
577.11	79.98
577.32	98.85
577.52	77.69
577.72	81.00
577.92	82.60
578.13	81.03
578.33	94.11
578.53	80.90
578.73	70.18
578.94	88.88
579.14	75.10
579.34	91.55
579.54	73.15
579.75	89.81
579.95	90.15
580.15	84.38
580.35	114.21
580.56	81.51
580.76	98.44
580.96	88.95
581.16	97.08
581.37	83.70
581.57	71.92
581.77	96.84
581.97	71.78
582.17	96.67
582.38	82.50
582.58	100.42
582.78	84.86
582.98	102.54
583.19	83.05
583.39	89.43
583.59	73.63
583.79	99.64
583.99	108.20
584.20	92.78
584.40	90.32
584.60	111.31
584.80	97.38
585.00	87.62
585.21	105.51
585.41	107.01
585.61	104.28
585.81	98.99
586.01	90.69
586.22	110.29
586.42	104.62
586.62	111.75
586.82	107.38
587.02	113.77
587.22	125.68
587.43	93.87
587.63	102.54
587.83	138.31
588.03	116.36
588.23	120.32
588.43	113.12
588.64	148.96
588.84	122.23
589.04	85.57
589.24	118.92
589.44	124.04
589.64	130.05
589.85	122.20
590.05	121.75
590.25	124.28
590.45	130.94
590.65	123.19
590.85	124.25
591.05	126.09
591.26	125.24
591.46	148.28
591.66	135.75
591.86	132.51
592.06	170.02
592.26	118.20
592.46	145.99
592.67	142.23
592.87	155.61
593.07	139.33
593.27	154.25
593.47	158.99
593.67	140.77
593.87	142.78
594.07	158.45
594.28	159.40
594.48	148.41
594.68	148.45
594.88	185.48
595.08	162.92
595.28	155.27
595.48	173.84
595.68	165.27
595.88	151.07
596.08	163.09
596.29	176.44
596.49	148.24
596.69	159.06
596.89	149.27
597.09	166.67
597.29	175.24
597.49	155.85
597.69	151.83
597.89	172.82
598.09	167.66
598.29	172.58
598.50	176.26
598.70	165.04
598.90	161.69
599.10	183.94
599.30	180.53
599.50	174.39
599.70	198.21
599.90	181.90
600.10	185.45
600.30	171.21
600.50	185.17
600.70	180.33
600.90	177.25
601.10	181.38
601.30	188.76
601.50	161.79
601.71	158.04
601.91	178.89
602.11	167.66
602.31	199.51
602.51	183.16
602.71	174.73
602.91	181.08
603.11	198.35
603.31	177.49
603.51	173.23
603.71	187.90
603.91	194.18
604.11	192.85
604.31	191.59
604.51	191.35
604.71	193.47
604.91	203.37
605.11	197.94
605.31	188.96
605.51	212.17
605.71	178.62
605.91	184.32
606.11	198.14
606.31	202.24
606.51	209.48
606.71	207.26
606.91	202.04
607.11	212.68
607.31	198.14
607.51	212.55
607.71	216.64
607.91	203.23
608.11	185.21
608.31	198.72
608.51	208.62
608.71	212.82
608.91	191.86
609.11	202.24
609.31	215.28
609.51	220.43
609.71	203.64
609.91	210.64
610.11	212.34
610.31	213.16
610.51	206.95
610.71	206.10
610.91	218.56
611.11	223.81
611.31	212.34
611.51	194.94
611.71	231.97
611.91	220.67
612.11	215.72
612.31	215.72
612.51	222.79
612.71	234.87
612.90	216.85
613.10	226.10
613.30	218.15
613.50	223.88
613.70	223.81
613.90	242.76
614.10	227.26
614.30	218.25
614.50	239.21
614.70	231.76
614.90	226.17
615.10	234.29
615.30	235.04
615.50	220.23
615.70	222.82
615.90	244.36
616.09	232.45
616.29	244.33
616.49	234.02
616.69	242.11
616.89	231.42
617.09	232.55
617.29	235.93
617.49	228.35
617.69	242.35
617.89	244.02
618.09	238.86
618.28	251.83
618.48	238.11
618.68	255.96
618.88	244.70
619.08	241.29
619.28	246.20
619.48	236.30
619.68	235.04
619.88	241.42
620.08	216.78
620.27	239.48
620.47	234.09
620.67	249.72
620.87	249.14
621.07	242.21
621.27	238.93
621.47	265.86
621.67	240.26
621.86	244.50
622.06	260.37
622.26	251.22
622.46	259.72
622.66	235.18
622.86	237.02
623.06	249.92
623.25	252.38
623.45	269.69
623.65	240.50
623.85	241.49
624.05	233.13
624.25	232.34
624.45	252.42
624.64	248.56
624.84	234.09
625.04	245.04
625.24	271.22
625.44	252.07
625.64	252.62
625.83	241.19
626.03	249.58
626.23	253.68
626.43	259.72
626.63	254.60
626.83	252.52
627.02	258.08
627.22	278.53
627.42	269.86
627.62	252.52
627.82	264.53
628.02	250.67
628.21	263.82
628.41	258.01
628.61	275.35
628.81	271.05
629.01	264.26
629.20	252.35
629.40	260.54
629.60	254.29
629.80	254.36
630.00	258.59
630.19	271.26
630.39	254.09
630.59	270.85
630.79	247.91
630.99	255.73
631.18	264.29
631.38	254.46
631.58	252.82
631.78	247.98
631.98	252.82
632.17	261.60
632.37	239.92
632.57	253.81
632.77	248.42
632.96	253.95
633.16	234.22
633.36	233.13
633.56	237.33
633.76	225.14
633.95	203.26
634.15	222.24
634.35	235.31
634.55	209.31
634.74	199.41
634.94	203.81
635.14	178.48
635.34	202.99
635.53	189.99
635.73	193.30
635.93	184.80
636.13	172.85
636.32	176.16
636.52	148.96
636.72	170.80
636.92	169.37
637.11	155.48
637.31	156.30
637.51	147.39
637.70	128.55
637.90	126.36
638.10	135.54
638.30	112.71
638.49	116.70
638.69	127.32
638.89	114.72
639.09	98.48
639.28	113.15
639.48	112.91
639.68	115.00
639.87	86.63
640.07	87.76
640.27	85.88
640.47	85.13
640.66	79.16
640.86	97.14
641.06	82.33
641.25	102.50
641.45	70.42
641.65	90.11
641.84	70.52
642.04	100.29
642.24	75.27
642.44	69.19
642.63	71.10
642.83	73.22
643.03	72.84
643.22	65.16
643.42	79.84
643.62	92.95
643.81	85.57
644.01	64.65
644.21	86.77
644.40	101.27
644.60	84.28
644.80	91.41
644.99	75.23
645.19	60.28
645.39	88.03
645.58	64.07
645.78	72.74
645.98	65.16
646.17	74.11
646.37	60.52
646.57	71.00
646.76	65.47
646.96	47.93
647.16	69.50
647.35	64.65
647.55	75.74
647.75	71.34
647.94	76.39
648.14	80.80
648.33	81.38
648.53	74.45
648.73	68.44
648.92	60.35
649.12	62.06
649.32	59.91
649.51	54.55
649.71	70.21
649.90	77.48
650.10	66.19
650.30	67.52
650.49	64.65
650.69	77.38
650.89	68.54
651.08	63.49
651.28	78.20
651.47	70.93
651.67	63.83
651.87	63.97
652.06	59.60
652.26	66.05
652.45	54.89
652.65	65.37
652.85	66.97
653.04	62.23
653.24	47.04
653.43	63.69
653.63	60.11
653.83	53.56
654.02	53.86
654.22	44.41
654.41	83.80
654.61	63.56
654.81	61.03
655.00	72.67
655.20	61.34
655.39	57.35
655.59	61.48
655.78	63.83
655.98	53.80
656.18	61.61
656.37	69.19
656.57	58.47
656.76	62.16
656.96	94.07
657.15	60.93
657.35	67.76
657.55	64.62
657.74	85.20
657.94	50.89
658.13	67.48
658.33	55.64
658.52	58.10
658.72	52.60
658.91	61.75
659.11	57.52
659.30	90.56
659.50	45.54
659.70	58.57
659.89	41.88
660.09	50.28
660.28	52.87
660.48	51.27
660.67	50.21
660.87	53.66
661.06	67.42
661.26	62.67
661.45	43.35
661.65	48.51
661.84	76.43
662.04	66.70
662.23	67.38
662.43	59.53
662.62	73.15
662.82	62.91
663.01	47.28
663.21	65.57
663.41	53.01
663.60	65.09
663.80	53.93
663.99	58.13
664.19	57.62
664.38	58.54
664.58	47.99
664.77	64.10
664.97	56.36
665.16	58.30
665.35	74.07
665.55	58.98
665.74	45.23
665.94	69.26
666.13	54.51
666.33	64.62
666.52	67.79
666.72	74.69
666.91	39.46
667.11	51.99
667.30	62.09
667.50	47.82
667.69	43.52
667.89	62.84
668.08	78.10
668.28	48.74
668.47	47.75
668.67	65.64
668.86	58.68
669.05	60.93
669.25	65.64
669.44	47.79
669.64	48.64
669.83	46.90
670.03	53.52
670.22	77.14
670.42	42.16
670.61	43.80
670.81	44.00
671.00	44.75
671.19	41.64
671.39	60.49
671.58	58.44
671.78	59.22
671.97	63.59
672.17	66.32
672.36	46.63
672.55	51.13
672.75	40.04
672.94	51.30
673.14	51.00
673.33	57.82
673.53	46.80
673.72	56.97
673.91	49.97
674.11	53.59
674.30	93.15
674.50	50.69
674.69	55.64
674.88	51.65
675.08	56.46
675.27	44.75
675.47	45.02
675.66	44.34
675.85	28.47
676.05	55.20
676.24	26.59
676.44	45.23
676.63	52.94
676.82	47.79
677.02	73.76
677.21	50.66
677.41	39.53
677.60	75.37
677.79	49.39
677.99	65.61
678.18	49.97
678.37	72.47
678.57	47.24
678.76	49.84
678.96	40.62
679.15	48.13
679.34	51.99
679.54	43.59
679.73	47.31
679.92	57.93
680.12	40.93
680.31	47.89
680.51	31.61
680.70	41.51
680.89	51.30
681.09	57.28
681.28	37.89
681.47	51.82
681.67	36.39
681.86	51.51
682.05	42.77
682.25	37.75
682.44	24.65
682.63	40.28
682.83	37.14
683.02	56.39
683.21	51.30
683.41	40.59
683.60	39.15
683.79	42.60
683.99	46.73
684.18	51.48
684.37	23.49
684.57	33.62
684.76	40.11
684.95	41.24
685.15	48.98
685.34	31.23
685.53	46.63
685.73	31.92
685.92	29.83
686.11	38.47
686.31	24.17
686.50	42.53
686.69	28.67
686.88	35.67
687.08	49.91
687.27	33.66
687.46	46.05
687.66	37.04
687.85	38.64
688.04	37.65
688.24	27.62
688.43	38.74
688.62	43.97
688.81	34.68
689.01	33.32
689.20	38.64
689.39	26.59
689.59	25.98
689.78	46.15
689.97	40.18
690.16	23.66
690.36	30.76
690.55	37.24
690.74	25.57
690.93	45.09
691.13	33.18
691.32	45.33
691.51	31.34
691.70	35.47
691.90	38.54
692.09	33.83
692.28	18.64
692.48	19.70
692.67	40.89
692.86	39.97
693.05	26.11
693.25	34.48
693.44	22.97
693.63	37.04
693.82	32.70
694.01	33.90
694.21	35.19
694.40	14.27
694.59	30.55
694.78	21.44
694.98	26.52
695.17	30.62
695.36	16.73
695.55	33.18
695.75	39.26
695.94	18.57
696.13	49.60
696.32	27.79
696.51	24.03
696.71	33.66
696.90	15.91
697.09	58.17
697.28	30.45
697.48	38.64
697.67	38.40
697.86	30.62
698.05	43.22
698.24	45.64
698.44	31.99
698.63	34.31
698.82	30.52
699.01	48.71
699.20	32.63
699.40	20.28
699.59	56.94
699.78	18.64
699.97	43.86
700.16	19.32
700.36	38.33
700.55	29.87
700.74	27.34
700.93	36.93
701.12	29.36
701.31	32.26
701.51	17.89
701.70	31.10
701.89	31.88
702.08	31.61
702.27	31.06
702.46	34.31
702.66	24.65
702.85	30.55
703.04	57.96
703.23	18.54
703.42	33.76
703.61	33.01
703.81	37.04
704.00	29.25
704.19	30.35
704.38	38.98
704.57	39.70
704.76	21.06
704.96	22.29
705.15	34.78
705.34	28.71
705.53	31.88
705.72	20.52
705.91	45.57
706.10	24.68
706.30	19.97
706.49	19.94
706.68	18.61
706.87	15.47
707.06	6.93
707.25	31.44
707.44	24.89
707.63	24.03
707.83	20.62
708.02	52.81
708.21	13.76
708.40	21.61
708.59	24.65
708.78	44.17
708.97	25.84
709.16	16.66
709.35	23.90
709.55	27.65
709.74	18.16
709.93	23.69
710.12	28.16
710.31	27.92
710.50	7.34
710.69	31.61
710.88	19.36
711.07	30.07
711.26	28.30
711.46	36.29
711.65	37.04
711.84	20.52
712.03	10.79
712.22	40.89
712.41	27.92
712.60	43.28
712.79	33.28
712.98	15.47
713.17	26.46
713.36	38.03
713.55	13.52
713.75	35.77
713.94	19.15
714.13	45.81
714.32	25.09
714.51	46.59
714.70	37.55
714.89	24.99
715.08	9.32
715.27	24.34
715.46	21.03
715.65	48.33
715.84	16.45
716.03	5.70
716.22	8.64
716.41	31.88
716.60	14.65
716.79	19.56
716.99	19.73
717.18	19.05
717.37	39.67
717.56	20.48
717.75	17.92
717.94	31.71
718.13	13.69
718.32	31.75
718.51	14.13
718.70	15.23
718.89	19.80
719.08	20.89
719.27	14.78
719.46	20.86
719.65	35.91
719.84	15.36
720.03	30.52
720.22	24.51
720.41	17.41
720.60	7.89
720.79	4.95
720.98	15.29
721.17	3.01
721.36	1.54
721.55	36.53
721.74	31.34
721.93	19.80
722.12	21.98
722.31	29.90
722.50	35.74
722.69	7.55
722.88	15.84
723.07	26.87
723.26	47.93
723.45	25.98
723.64	28.54
723.83	17.31
724.02	31.27
724.21	17.27
724.40	39.70
724.59	11.16
724.78	30.42
724.97	23.21
725.16	37.62
725.35	7.44
725.54	5.16
725.73	24.68
725.92	29.25
726.11	35.02
726.30	28.26
726.49	22.53
726.68	31.37
726.87	15.77
727.06	16.08
727.25	30.42
727.43	26.01
727.62	30.42
727.81	21.27
728.00	17.24
728.19	33.18
728.38	40.21
728.57	18.43
728.76	12.50
728.95	41.78
729.14	30.86
729.33	29.05
729.52	40.21
729.71	25.47
729.90	14.82
730.09	17.04
730.28	44.14
730.47	32.60
730.65	17.75
730.84	19.49
731.03	47.21
731.22	33.49
731.41	16.08
731.60	19.66
731.79	15.36
731.98	21.85
732.17	16.42
732.36	40.66
732.55	23.83
732.74	29.32
732.92	28.06
733.11	22.97
733.30	22.56
733.49	11.40
733.68	13.21
733.87	15.23
734.06	-0.30
734.25	12.29
734.44	33.35
734.63	41.58
734.81	20.11
735.00	24.51
735.19	16.80
735.38	22.63
735.57	30.01
735.76	22.02
735.95	17.07
736.14	31.85
736.33	19.08
736.51	13.01
736.70	28.47
736.89	16.80
737.08	16.25
737.27	31.10
737.46	24.92
737.65	9.66
737.83	11.44
738.02	9.94
738.21	18.30
738.40	36.42
738.59	31.81
738.78	8.19
738.97	18.03
739.16	42.26
739.34	28.40
739.53	17.44
739.72	19.42
739.91	26.69
740.10	10.21
740.29	40.48
740.47	46.36
740.66	40.28
740.85	2.80
741.04	16.52
741.23	6.25
741.42	21.64
741.60	32.05
741.79	37.31
741.98	5.05
742.17	19.19
742.36	24.95
742.55	25.70
742.73	17.62
742.92	13.93
743.11	24.72
743.30	18.33
743.49	40.14
743.68	19.80
743.86	36.59
744.05	17.92
744.24	33.21
744.43	12.97
744.62	20.65
744.80	18.71
744.99	15.33
745.18	34.55
745.37	8.81
745.56	23.18
745.74	18.23
745.93	34.82
746.12	21.64
746.31	10.58
746.50	20.58
746.68	9.32
746.87	21.54
747.06	32.39
747.25	43.11
747.44	53.22
747.62	15.81
747.81	7.65
748.00	27.55
748.19	22.74
748.37	22.05
748.56	29.73
748.75	13.18
748.94	32.63
749.13	26.83
749.31	1.98
749.50	25.88
749.69	10.17
749.88	24.72
750.06	21.34
750.25	12.32
750.44	25.88
750.63	18.84
750.81	40.38
751.00	40.07
751.19	23.42
751.38	7.89
751.56	24.92
751.75	29.63
751.94	26.66
752.13	18.40
752.31	45.26
752.50	10.72
752.69	36.59
752.88	24.24
753.06	34.58
753.25	9.97
753.44	19.87
753.63	15.81
753.81	12.36
754.00	24.85
754.19	43.76
754.37	16.76
754.56	30.79
754.75	18.33
754.94	22.80
755.12	19.36
755.31	14.85
755.50	24.82
755.69	31.71
755.87	20.07
756.06	10.69
756.25	0.79
756.43	40.55
756.62	0.48
756.81	28.33
756.99	26.80
757.18	25.94
757.37	35.64
757.56	25.88
757.74	19.63
757.93	25.50
758.12	36.32
758.30	34.31
758.49	5.91
758.68	44.03
758.86	22.09
759.05	20.65
759.24	18.78
759.42	39.70
759.61	23.49
759.80	20.55
759.99	24.85
760.17	18.84
760.36	19.29
760.55	20.89
760.73	23.79
760.92	20.69
761.11	31.10
761.29	34.34
761.48	35.09
761.67	28.67
761.85	23.83
762.04	13.83
762.23	25.98
762.41	32.16
762.60	16.86
762.79	9.25
762.97	34.65
763.16	17.07
763.34	5.16
763.53	23.25
763.72	19.25
763.90	32.12
764.09	38.64
764.28	41.82
764.46	29.90
764.65	37.65
764.84	17.00
765.02	21.85
765.21	6.42
765.40	31.58
765.58	45.26
765.77	43.62
765.95	30.82
766.14	17.44
766.33	10.52
766.51	32.63
766.70	33.35
766.89	33.15
767.07	33.08
767.26	44.92
767.44	20.55
767.63	28.50
767.82	22.94
768.00	30.96
768.19	14.44
768.37	34.89
768.56	24.24
768.75	14.61
768.93	20.72
769.12	22.97
769.30	30.14
769.49	30.18
769.68	23.52
769.86	34.92
770.05	31.81
770.23	43.90
770.42	14.27
770.61	32.98
770.79	23.35
770.98	35.54
771.16	25.60
771.35	24.78
771.54	16.93
771.72	38.16
771.91	26.25
772.09	26.22
772.28	12.32
772.46	27.82
772.65	24.03
772.84	14.65
773.02	32.63
773.21	25.64
773.39	28.57
773.58	17.27
773.76	6.76
773.95	36.08
774.13	8.54
774.32	46.80
774.51	9.53
774.69	52.77
774.88	25.09
775.06	40.42
775.25	7.79
775.43	22.87
775.62	41.17
775.80	20.82
775.99	24.44
776.18	22.09
776.36	32.74
776.55	20.45
776.73	22.50
776.92	36.32
777.10	33.49
777.29	35.13
777.47	14.07
777.66	39.32
777.84	21.20
778.03	41.92
778.21	41.75
778.40	31.75
778.58	22.22
778.77	43.69
778.95	37.65
779.14	37.28
779.33	22.26
779.51	24.07
779.70	14.61
779.88	22.84
780.07	30.18
780.25	26.32
780.44	20.52
780.62	18.78
780.81	-3.72
780.99	27.96
781.18	9.36
781.36	12.80
781.55	16.83
781.73	29.25
781.92	24.99
782.10	19.63
782.29	30.11
782.47	16.32
782.66	22.50
782.84	30.31
783.03	19.63
783.21	27.21
783.39	8.67
783.58	16.22
783.76	18.74
783.95	24.72
784.13	30.55
784.32	26.08
784.50	14.17
784.69	32.12
784.87	39.26
785.06	33.18
785.24	45.33
785.43	16.08
785.61	16.90
785.80	24.51
785.98	22.36
786.17	25.26
786.35	11.98
786.53	18.37
786.72	12.32
786.90	21.68
787.09	28.64
787.27	31.27
787.46	26.05
787.64	31.51
787.83	23.55
788.01	22.70
788.19	17.89
788.38	21.95
788.56	30.04
788.75	15.09
788.93	12.56
789.12	32.60
789.30	31.23
789.49	34.72
789.67	37.38
789.85	21.71
790.04	24.51
790.22	28.54
790.41	10.28
790.59	28.47
790.77	21.95
790.96	13.89
791.14	9.70
791.33	18.67
791.51	29.46
791.70	30.24
791.88	17.62
792.06	24.24
792.25	21.30
792.43	11.54
792.62	41.00
792.80	40.45
792.98	33.83
793.17	32.26
793.35	17.72
793.54	5.74
793.72	33.35
793.90	25.53
794.09	38.20
794.27	32.60
794.46	19.60
794.64	21.78
794.82	9.12
795.01	25.50
795.19	20.07
795.37	29.53
795.56	35.54
795.74	13.76
795.93	14.24
796.11	32.36
796.29	27.86
796.48	31.51
796.66	26.46
796.84	22.70
797.03	28.06
797.21	43.49
797.40	11.92
797.58	14.78
797.76	16.39
797.95	26.49
798.13	9.63
798.31	24.72
798.50	26.39
798.68	8.74
798.86	17.92
799.05	41.17
799.23	29.05
799.42	22.56
799.60	11.16
799.78	24.65
799.97	13.11
800.15	24.27
800.33	27.10
800.52	6.56
800.70	23.25
800.88	23.28
801.07	13.45
801.25	32.70
801.43	28.23
801.62	24.27
801.80	16.39
801.98	16.93
802.17	26.90
802.35	29.77
802.53	32.19
802.72	10.45
802.90	15.02
803.08	17.27
803.26	20.18
803.45	38.95
803.63	28.06
803.81	31.85
804.00	13.31
804.18	16.59
804.36	25.43
804.55	20.11
804.73	23.66
804.91	0.58
805.10	25.57
805.28	7.75
805.46	12.09
805.64	32.87
805.83	22.26
806.01	28.23
806.19	22.43
806.38	9.49
806.56	38.61
806.74	22.94
806.92	37.96
807.11	28.85
807.29	25.47
807.47	17.92
807.66	17.72
807.84	27.31
808.02	34.48
808.20	23.21
808.39	-6.58
808.57	25.70
808.75	18.95
808.94	35.06
809.12	20.11
809.30	31.95
809.48	20.55
809.67	30.93
809.85	34.68
810.03	19.46
810.21	16.69
810.40	20.96
810.58	33.35
810.76	39.49
810.94	-0.71
811.13	28.95
811.31	41.10
811.49	18.54
811.67	29.63
811.86	33.38
812.04	24.37
812.22	34.17
812.40	21.30
812.59	25.36
812.77	42.16
812.95	31.68
813.13	12.56
813.32	38.40
813.50	17.34
813.68	24.48
813.86	4.92
814.04	16.73
814.23	23.04
814.41	21.06
814.59	23.08
814.77	31.81
814.96	17.58
815.14	27.28
815.32	15.40
815.50	31.99
815.68	28.03
815.87	29.43
816.05	19.19
816.23	21.92
816.41	26.29
816.59	25.40
816.78	27.99
816.96	27.51
817.14	42.77
817.32	28.95
817.50	39.46
817.69	16.25
817.87	20.11
818.05	24.34
818.23	35.47
818.41	31.71
818.60	32.29
818.78	31.81
818.96	26.46
819.14	18.43
819.32	14.85
819.51	16.35
819.69	28.44
819.87	29.08
820.05	9.39
820.23	38.13
820.41	17.17
820.60	29.73
820.78	16.97
820.96	29.05
821.14	-3.55
821.32	23.62
821.50	-3.03
821.69	20.11
821.87	16.76
822.05	31.99
822.23	27.75
822.41	31.34
822.59	10.72
822.78	17.24
822.96	17.72
823.14	12.46
823.32	12.32
823.50	30.18
823.68	28.64
823.86	20.82
824.05	27.07
824.23	15.74
824.41	30.21
824.59	20.86
824.77	29.12
824.95	12.29
825.13	20.14
825.32	27.68
825.50	16.05
825.68	16.39
825.86	7.55
826.04	26.46
826.22	9.32
826.40	23.49
826.58	4.00
826.77	11.23
826.95	18.06
827.13	19.73
827.31	23.42
827.49	21.98
827.67	13.89
827.85	18.09
828.03	7.44
828.22	20.00
828.40	25.77
828.58	14.75
828.76	17.75
828.94	26.59
829.12	23.62
829.30	24.72
829.48	9.22
829.66	14.34
829.84	20.07
830.03	21.34
830.21	29.25
830.39	27.55
830.57	45.74
830.75	30.21
830.93	6.15
831.11	5.16
831.29	28.09
831.47	6.83
831.65	18.81
831.83	23.83
832.02	1.81
832.20	16.80
832.38	20.82
832.56	11.61
832.74	14.30
832.92	3.52
833.10	18.26
833.28	13.89
833.46	26.22
833.64	34.72
833.82	18.06
834.00	25.12
834.18	18.13
834.36	31.00
834.54	13.76
834.73	43.32
834.91	11.06
835.09	24.07
835.27	35.77
835.45	28.61
835.63	7.27
835.81	33.69
835.99	24.85
836.17	32.26
836.35	16.49
836.53	15.87
836.71	35.47
836.89	24.17
837.07	25.02
837.25	12.46
837.43	12.94
837.61	33.08
837.79	24.65
837.97	26.42
838.15	21.17
838.33	30.65
838.51	23.66
838.69	27.04
838.87	2.46
839.05	21.47
839.23	24.00
839.41	10.79
839.59	7.07
839.78	22.63
839.96	32.67
840.14	24.95
840.32	15.40
840.50	8.02
840.68	17.72
840.86	20.31
841.04	15.23
841.22	21.68
841.40	29.36
841.58	37.00
841.76	11.13
841.94	6.42
842.12	13.72
842.30	24.07
842.48	28.06
842.66	13.01
842.84	15.16
843.02	32.50
843.20	9.63
843.38	27.72
843.55	10.38
843.73	27.51
843.91	24.17
844.09	34.85
844.27	27.31
844.45	21.61
844.63	23.52
844.81	26.11
844.99	25.64
845.17	31.99
845.35	37.89
845.53	11.03
845.71	28.44
845.89	18.71
846.07	35.88
846.25	22.84
846.43	19.05
846.61	27.62
846.79	20.04
846.97	7.51
847.15	15.84
847.33	14.03
847.51	15.87
847.69	21.17
847.87	24.37
848.05	24.03
848.23	13.35
848.41	22.46
848.58	10.86
848.76	18.54
848.94	2.60
849.12	17.96
849.30	24.00
849.48	11.37
849.66	5.87
849.84	35.19
850.02	23.35
850.20	32.43
850.38	11.68
850.56	2.56
850.74	16.93
850.92	18.23
851.10	10.31
851.27	25.30
851.45	18.95
851.63	35.26
851.81	18.81
851.99	27.55
852.17	28.95
852.35	29.53
852.53	46.29
852.71	15.87
852.89	25.84
853.07	13.96
853.24	19.73
853.42	25.70
853.60	35.77
853.78	27.89
853.96	9.73
854.14	11.61
854.32	20.04
854.50	33.73
854.68	23.45
854.86	21.37
855.03	2.19
855.21	3.21
855.39	32.16
855.57	17.75
855.75	5.16
855.93	34.37
856.11	24.78
856.29	34.95
856.47	13.83
856.64	18.26
856.82	10.52
857.00	22.19
857.18	20.28
857.36	34.41
857.54	15.19
857.72	24.10
857.90	10.14
858.07	27.41
858.25	9.05
858.43	10.04
858.61	36.08
858.79	8.78
858.97	10.52
859.15	26.59
859.32	14.37
859.50	35.30
859.68	37.99
859.86	26.42
860.04	17.82
860.22	34.65
860.40	17.21
860.57	22.56
860.75	16.35
860.93	24.48
861.11	18.26
861.29	34.78
861.47	0.51
861.64	41.10
861.82	10.48
862.00	25.23
862.18	14.00
862.36	22.84
862.54	3.89
862.71	18.47
862.89	21.40
863.07	25.40
863.25	2.39
863.43	14.37
863.61	14.51
863.78	26.97
863.96	14.00
864.14	16.01
864.32	36.66
864.50	25.47
864.67	7.34
864.85	22.91
865.03	30.69
865.21	28.09
865.39	29.87
865.57	10.58
865.74	43.62
865.92	28.88
866.10	20.35
866.28	28.09
866.46	9.29
866.63	36.73
866.81	32.53
866.99	37.58
867.17	12.84
867.34	8.47
867.52	5.57
867.70	13.89
867.88	27.48
868.06	8.02
868.23	18.40
868.41	35.94
868.59	28.13
868.77	2.70
868.95	13.52
869.12	23.73
869.30	24.85
869.48	28.50
869.66	15.19
869.83	23.76
870.01	23.04
870.19	23.35
870.37	17.68
870.55	24.48
870.72	19.77
870.90	21.51
871.08	7.20
871.26	26.29
871.43	13.55
871.61	12.77
871.79	14.37
871.97	14.34
872.14	54.92
872.32	12.56
872.50	8.40
872.68	11.20
872.85	26.29
873.03	32.63
873.21	14.82
873.39	13.55
873.56	11.16
873.74	40.52
873.92	12.26
874.10	21.71
874.27	10.58
874.45	18.37
874.63	18.23
874.80	24.65
874.98	25.50
875.16	16.73
875.34	22.80
875.51	21.68
875.69	20.45
875.87	11.47
876.05	13.49
876.22	8.84
876.40	12.50
876.58	12.22
876.75	-8.91
876.93	23.73
877.11	8.06
877.29	7.89
877.46	18.95
877.64	28.91
877.82	13.25
877.99	21.75
878.17	0.82
878.35	15.40
878.52	9.59
878.70	41.88
878.88	6.25
879.06	26.25
879.23	5.05
879.41	38.06
879.59	29.29
879.76	9.46
879.94	-3.00
880.12	19.39
880.29	27.48
880.47	13.21
880.65	18.91
880.82	12.02
881.00	10.72
881.18	-1.64
881.36	19.32
881.53	42.70
881.71	27.58
881.89	11.47
882.06	24.03
882.24	19.53
882.42	1.68
882.59	37.96
882.77	19.36
882.95	20.69
883.12	12.19
883.30	26.42
883.48	8.33
883.65	37.92
883.83	22.53
884.01	29.49
884.18	3.83
884.36	14.61
884.54	15.74
884.71	20.48
884.89	-3.48
885.06	11.10
885.24	31.58
885.42	29.15
885.59	19.05
885.77	11.78
885.95	19.05
886.12	25.47
886.30	28.91
886.48	32.46
886.65	12.26
886.83	22.12
887.01	12.32
887.18	15.84
887.36	31.41
887.53	11.44
887.71	17.82
887.89	16.83
888.06	4.71
888.24	34.24
888.42	28.40
888.59	22.36
888.77	4.30
888.94	7.79
889.12	12.43
889.30	33.01
889.47	17.10
889.65	36.42
889.82	17.51
890.00	28.78
890.18	19.90
890.35	21.10
890.53	12.60
890.71	10.07
890.88	29.25
891.06	22.05
891.23	13.69
891.41	31.47
891.59	11.03
891.76	32.53
891.94	16.49
892.11	16.18
892.29	15.29
892.46	44.68
892.64	6.76
892.82	24.17
892.99	-1.81
893.17	28.54
893.34	23.38
893.52	28.37
893.70	4.47
893.87	8.64
894.05	30.93
894.22	3.28
894.40	22.39
894.57	18.16
894.75	21.17
894.93	10.11
895.10	25.94
895.28	25.91
895.45	24.89
895.63	40.04
895.80	26.76
895.98	24.07
896.16	21.10
896.33	27.62
896.51	17.31
896.68	34.34
896.86	27.99
897.03	23.93
897.21	15.84
897.38	9.29
897.56	14.85
897.74	50.86
897.91	36.63
898.09	8.47
898.26	28.26
898.44	19.19
898.61	18.67
898.79	6.80
898.96	12.36
899.14	8.81
899.31	12.60
899.49	14.82
899.67	9.32
899.84	30.35
900.02	8.26
900.19	16.90
900.37	24.41
900.54	26.90
900.72	-4.61
900.89	23.73
901.07	24.41
901.24	19.08
901.42	9.90
901.59	6.32
901.77	39.63
901.94	31.00
902.12	5.12
902.29	14.65
902.47	22.26
902.64	12.67
902.82	2.49
902.99	29.97
903.17	20.82
903.34	46.49
903.52	29.32
903.69	16.69
903.87	1.95
904.04	19.12
904.22	22.67
904.39	17.99
904.57	24.48
904.74	7.89
904.92	15.02
905.09	31.44
905.27	3.38
905.44	36.87
905.62	18.67
905.79	24.17
905.97	13.86
906.14	19.77
906.32	27.82
906.49	38.57
906.67	-1.67
906.84	19.60
907.02	13.25
907.19	38.74
907.37	19.60
907.54	19.01
907.72	36.18
907.89	18.95
908.06	10.52
908.24	18.71
908.41	31.03
908.59	13.66
908.76	22.91
908.94	29.32
909.11	61.07
909.29	23.59
909.46	37.14
909.64	27.48
909.81	10.24
909.99	14.65
910.16	21.98
910.33	26.32
910.51	20.18
910.68	14.54
910.86	21.44
911.03	7.72
911.21	8.19
911.38	18.30
911.56	3.93
911.73	19.77
911.90	20.72
912.08	9.39
912.25	31.71
912.43	15.60
912.60	17.65
912.78	15.12
912.95	20.82
913.12	25.81
913.30	14.48
913.47	20.11
913.65	28.78
913.82	13.08
914.00	21.40
914.17	16.73
914.34	23.38
914.52	10.69
914.69	4.71
914.87	19.77
915.04	21.13
915.21	8.19
915.39	12.77
915.56	22.50
915.74	6.62
915.91	26.15
916.08	30.07
916.26	12.53
916.43	8.33
916.61	14.54
916.78	23.66
916.95	20.62
917.13	31.03
917.30	6.62
917.48	23.76
917.65	9.53
917.82	13.52
918.00	20.72
918.17	17.27
918.35	23.79
918.52	14.30
918.69	13.42
918.87	24.24
919.04	19.49
919.22	29.05
919.39	19.46
919.56	19.63
919.74	41.24
919.91	27.68
920.08	25.23
920.26	19.77
920.43	24.54
920.61	17.21
920.78	8.50
920.95	20.65
921.13	29.15
921.30	6.32
921.47	26.93
921.65	26.80
921.82	20.11
921.99	12.91
922.17	30.72
922.34	28.54
922.51	7.96
922.69	13.11
922.86	21.47
923.04	17.82
923.21	4.03
923.38	14.37
923.56	45.77
923.73	13.52
923.90	12.70
924.08	8.64
924.25	15.53
924.42	12.94
924.60	21.81
924.77	19.66
924.94	22.87
925.12	19.42
925.29	36.83
925.46	5.09
925.64	21.13
925.81	32.50
925.98	29.87
926.16	19.63
926.33	27.31
926.50	11.10
926.68	11.57
926.85	7.99
927.02	29.53
927.19	17.00
927.37	35.71
927.54	28.26
927.71	21.78
927.89	28.50
928.06	12.12
928.23	15.67
928.41	30.31
928.58	29.15
928.75	18.06
928.93	8.84
929.10	19.56
929.27	22.16
929.44	29.63
929.62	9.56
929.79	30.69
929.96	39.36
930.14	13.79
930.31	35.84
930.48	31.23
930.66	37.17
930.83	15.98
931.00	30.96
931.17	25.47
931.35	5.67
931.52	17.96
931.69	27.04
931.87	19.32
932.04	16.76
932.21	35.02
932.38	33.21
932.56	42.23
932.73	20.72
932.90	37.58
933.07	22.09
933.25	27.00
933.42	14.24
933.59	35.50
933.77	20.45
933.94	19.63
934.11	49.50
934.28	24.61
934.46	24.13
934.63	21.13
934.80	17.21
934.97	13.14
935.15	25.36
935.32	31.41
935.49	29.05
935.66	18.71
935.84	20.69
936.01	37.31
936.18	17.31
936.35	9.01
936.53	55.57
936.70	32.63
936.87	26.52
937.04	38.23
937.22	26.66
937.39	31.37
937.56	28.95
937.73	16.25
937.91	8.23
938.08	14.99
938.25	20.45
938.42	22.53
938.59	16.80
938.77	22.63
938.94	18.06
939.11	5.63
939.28	13.55
939.46	24.34
939.63	2.77
939.80	20.58
939.97	8.71
940.14	21.51
940.32	23.11
940.49	11.23
940.66	45.23
940.83	34.55
941.00	23.76
941.18	17.62
941.35	24.31
941.52	20.82
941.69	18.23
941.87	13.35
942.04	23.59
942.21	11.57
942.38	27.58
942.55	19.32
942.73	14.13
942.90	13.38
943.07	8.98
943.24	15.77
943.41	1.20
943.58	27.07
943.76	12.63
943.93	24.51
944.10	21.68
944.27	45.26
944.44	-1.81
944.62	34.10
944.79	16.08
944.96	24.68
945.13	36.49
945.30	12.46
945.47	19.56
945.65	21.37
945.82	18.40
945.99	30.18
946.16	32.33
946.33	30.59
946.50	15.43
946.68	35.16
946.85	16.15
947.02	27.04
947.19	26.97
947.36	10.89
947.53	30.55
947.71	37.92
947.88	18.64
948.05	11.68
948.22	14.65
948.39	11.27
948.56	26.93
948.74	19.56
948.91	27.24
949.08	38.91
949.25	12.87
949.42	23.76
949.59	15.29
949.76	35.43
949.94	15.36
950.11	8.98
950.28	32.16
950.45	13.11
950.62	4.75
950.79	27.34
950.96	3.45
951.14	13.83
951.31	14.65
951.48	7.03
951.65	20.58
951.82	14.85
951.99	7.10
952.16	33.15
952.33	25.09
952.51	25.16
952.68	16.42
952.85	36.46
953.02	17.14
953.19	21.75
953.36	34.85
953.53	10.07
953.70	28.85
953.87	30.69
954.05	17.38
954.22	26.56
954.39	23.55
954.56	12.19
954.73	32.02
954.90	8.19
955.07	5.50
955.24	23.90
955.41	25.67
955.58	36.66
955.76	3.42
955.93	19.63
956.10	19.42
956.27	34.24
956.44	21.81
956.61	27.82
956.78	21.75
956.95	32.91
957.12	18.57
957.29	33.25
957.46	24.03
957.64	22.67
957.81	32.53
957.98	31.71
958.15	14.61
958.32	1.85
958.49	14.78
958.66	19.39
958.83	22.60
959.00	26.39
959.17	14.30
959.34	17.85
959.51	15.91
959.68	58.30
959.85	20.45
960.03	24.20
960.20	-3.96
960.37	37.72
960.54	26.90
960.71	11.92
960.88	40.66
961.05	18.84
961.22	13.14
961.39	18.74
961.56	43.32
961.73	28.44
961.90	4.61
962.07	25.16
962.24	7.55
962.41	22.74
962.58	24.20
962.75	34.85
962.92	24.68
963.09	9.15
963.26	1.13
963.44	35.50
963.61	13.89
963.78	19.70
963.95	21.44
964.12	25.77
964.29	0.51
964.46	30.93
964.63	8.95
964.80	32.16
964.97	22.53
965.14	21.68
965.31	12.87
965.48	20.55
965.65	14.88
965.82	9.66
965.99	13.72
966.16	21.78
966.33	11.61
966.50	17.92
966.67	12.43
966.84	28.26
967.01	24.65
967.18	27.24
967.35	12.43
967.52	19.25
967.69	3.45
967.86	12.15
968.03	44.17
968.20	2.67
968.37	7.48
968.54	15.81
968.71	18.43
968.88	41.27
969.05	21.54
969.22	32.43
969.39	4.20
969.56	47.62
969.73	13.04
969.90	11.64
970.07	22.33
970.24	21.75
970.41	-4.98
970.58	39.02
970.75	23.35
970.92	23.04
971.09	31.34
971.26	16.76
971.43	15.74
971.60	48.30
971.77	12.05
971.94	32.67
972.11	15.16
972.28	13.83
972.45	11.85
972.62	0.34
972.79	31.95
972.96	33.93
973.12	11.74
973.29	22.63
973.46	17.75
973.63	4.68
973.80	27.72
973.97	13.21
974.14	35.36
974.31	6.49
974.48	17.44
974.65	18.09
974.82	16.01
974.99	14.13
975.16	5.33
975.33	32.70
975.50	24.82
975.67	21.92
975.84	34.82
976.01	7.00
976.18	15.26
976.35	13.59
976.51	38.03
976.68	23.11
976.85	21.06
977.02	14.58
977.19	12.46
977.36	11.81
977.53	17.68
977.70	30.59
977.87	14.07
978.04	28.33
978.21	11.13
978.38	28.57
978.55	10.17
978.72	2.70
978.88	10.35
979.05	24.41
979.22	20.79
979.39	1.71
979.56	23.08
979.73	10.86
979.90	18.13
980.07	27.68
980.24	16.11
980.41	29.36
980.58	33.56
980.75	33.59
980.91	21.51
981.08	15.53
981.25	26.69
981.42	29.83
981.59	12.46
981.76	24.68
981.93	31.37
982.10	2.77
982.27	21.81
982.44	15.43
982.60	25.36
982.77	25.16
982.94	21.13
983.11	28.61
983.28	15.40
983.45	24.99
983.62	14.75
983.79	24.92
983.95	28.13
984.12	9.39
984.29	15.06
984.46	6.52
984.63	8.64
984.80	35.81
984.97	27.38
985.14	24.03
985.30	9.87
985.47	27.86
985.64	26.05
985.81	15.23
985.98	11.47
986.15	19.08
986.32	22.33
986.49	22.26
986.65	11.30
986.82	17.24
986.99	29.15
987.16	25.26
987.33	11.20
987.50	42.05
987.67	12.46
987.83	16.32
988.00	32.22
988.17	33.93
988.34	20.65
988.51	22.74
988.68	18.50
988.84	20.21
989.01	3.96
989.18	26.93
989.35	15.57
989.52	13.35
989.69	12.46
989.86	16.35
990.02	26.15
990.19	30.72
990.36	1.61
990.53	56.97
990.70	16.83
990.87	39.02
991.03	18.47
991.20	11.30
991.37	6.08
991.54	10.58
991.71	12.32
991.87	28.78
992.04	22.53
992.21	40.62
992.38	40.14
992.55	29.60
992.72	11.23
992.88	27.89
993.05	16.35
993.22	31.92
993.39	22.74
993.56	14.24
993.72	25.12
993.89	26.97
994.06	20.18
994.23	24.58
994.40	25.50
994.56	22.12
994.73	17.55
994.90	13.66
995.07	20.93
995.24	27.92
995.40	23.28
995.57	27.58
995.74	33.25
995.91	25.81
996.08	27.68
996.24	27.07
996.41	36.15
996.58	23.76
996.75	4.10
996.92	24.13
997.08	28.26
997.25	10.72
997.42	17.92
997.59	23.69
997.75	24.03
997.92	45.88
998.09	-0.58
998.26	22.22
998.43	14.13
998.59	23.42
998.76	13.31
998.93	15.19
999.10	32.80
999.26	11.20
999.43	12.39
999.60	17.31
999.77	32.19
999.93	15.87
1000.10	19.01
1000.27	18.54
1000.44	11.40
1000.60	9.83
1000.77	27.58
1000.94	1.81
1001.11	27.75
1001.28	22.80
1001.44	26.11
1001.61	13.49
1001.78	14.75
1001.95	30.96
1002.11	12.19
1002.28	36.76
1002.45	19.53
1002.61	24.20
1002.78	14.20
1002.95	44.55
1003.12	23.52
1003.28	34.27
1003.45	11.37
1003.62	1.23
1003.79	16.66
1003.95	9.70
1004.12	16.32
1004.29	6.69
1004.46	26.59
1004.62	22.91
1004.79	6.93
1004.96	28.26
1005.12	40.28
1005.29	3.07
1005.46	33.38
1005.63	22.26
1005.79	2.49
1005.96	24.82
1006.13	21.10
1006.29	24.00
1006.46	7.72
1006.63	31.51
1006.80	26.49
1006.96	21.81
1007.13	12.63
1007.30	22.60
1007.46	43.52
1007.63	15.84
1007.80	20.41
1007.97	24.58
1008.13	9.12
1008.30	11.06
1008.47	15.36
1008.63	18.26
1008.80	25.02
1008.97	23.42
1009.13	9.49
1009.30	16.86
1009.47	12.63
1009.64	18.71
1009.80	6.56
1009.97	31.95
1010.14	29.22
1010.30	25.70
1010.47	3.38
1010.64	21.71
1010.80	19.39
1010.97	8.78
1011.14	8.47
1011.30	52.19
1011.47	14.95
1011.64	37.79
1011.80	16.25
1011.97	17.10
1012.14	19.25
1012.30	18.33
1012.47	28.78
1012.64	34.55
1012.80	16.93
1012.97	34.03
1013.14	13.45
1013.30	35.47
1013.47	38.37
1013.64	18.91
1013.80	12.84
1013.97	25.64
1014.14	10.07
1014.30	24.68
1014.47	28.20
1014.64	19.01
1014.80	28.30
1014.97	16.66
1015.14	22.16
1015.30	35.23
1015.47	19.46
1015.64	34.99
1015.80	25.81
1015.97	16.15
1016.13	8.60
1016.30	30.93
1016.47	11.88
1016.63	21.06
1016.80	6.80
1016.97	11.47
1017.13	0.51
1017.30	17.75
1017.47	18.61
1017.63	19.42
1017.80	19.53
1017.96	29.83
1018.13	41.37
1018.30	29.39
1018.46	25.77
1018.63	28.03
1018.80	22.77
1018.96	26.11
1019.13	10.35
1019.29	20.24
1019.46	19.49
1019.63	28.44
1019.79	10.72
1019.96	28.91
1020.13	15.09
1020.29	27.62
1020.46	30.01
1020.62	30.79
1020.79	46.94
1020.96	29.12
1021.12	21.23
1021.29	17.96
1021.45	25.43
1021.62	12.77
1021.79	5.33
1021.95	26.32
1022.12	33.56
1022.28	12.12
1022.45	20.04
1022.62	40.59
1022.78	21.51
1022.95	18.40
1023.11	29.56
1023.28	17.48
1023.45	21.85
1023.61	25.64
1023.78	27.82
1023.94	20.62
1024.11	14.58
1024.27	41.54
1024.44	23.18
1024.61	38.16
1024.77	12.36
1024.94	27.45
1025.10	6.08
1025.27	26.90
1025.43	24.41
1025.60	12.36
1025.77	35.23
1025.93	16.22
1026.10	30.24
1026.26	18.30
1026.43	22.19
1026.59	31.85
1026.76	12.80
1026.93	23.73
1027.09	17.99
1027.26	19.29
1027.42	21.64
1027.59	29.46
1027.75	19.19
1027.92	19.15
1028.08	20.79
1028.25	16.59
1028.42	28.50
1028.58	17.17
1028.75	20.65
1028.91	1.13
1029.08	42.74
1029.24	31.23
1029.41	6.52
1029.57	9.76
1029.74	17.34
1029.91	15.36
1030.07	-1.74
1030.24	37.41
1030.40	15.12
1030.57	24.65
1030.73	37.72
1030.90	38.40
1031.06	30.14
1031.23	33.52
1031.39	16.39
1031.56	14.03
1031.72	14.99
1031.89	34.07
1032.05	40.04
1032.22	24.48
1032.38	18.81
1032.55	40.96
1032.72	22.19
1032.88	13.42
1033.05	27.21
1033.21	25.94
1033.38	9.32
1033.54	11.44
1033.71	20.52
1033.87	47.24
1034.04	6.28
1034.20	30.79
1034.37	23.25
1034.53	19.73
1034.70	29.56
1034.86	6.11
1035.03	33.35
1035.19	23.69
1035.36	29.73
1035.52	7.89
1035.69	27.21
1035.85	40.18
1036.02	28.20
1036.18	22.87
1036.35	23.93
1036.51	51.78
1036.68	16.35
1036.84	18.91
1037.01	14.88
1037.17	34.99
1037.34	19.70
1037.50	20.65
1037.67	36.97
