337.57	3.08
337.79	3.08
338.02	3.08
338.24	3.29
338.47	4.41
338.69	4.28
338.92	-0.40
339.14	-5.82
339.36	2.16
339.59	-6.88
339.81	3.29
340.04	-2.04
340.26	-7.77
340.49	-6.61
340.71	4.41
340.93	-4.77
341.16	10.15
341.38	-3.74
341.61	-0.64
341.83	-5.11
342.05	-2.24
342.28	0.59
342.50	-8.21
342.73	-1.01
342.95	3.87
343.17	-7.33
343.40	11.75
343.62	-8.69
343.85	3.56
344.07	-0.57
344.29	-1.66
344.52	5.92
344.74	3.80
344.97	-0.23
345.19	0.05
345.41	3.83
345.64	4.11
345.86	0.59
346.08	3.19
346.31	2.67
346.53	5.81
346.76	-2.28
346.98	5.64
347.20	-2.96
347.43	3.60
347.65	7.35
347.87	4.52
348.10	2.71
348.32	3.49
348.54	1.62
348.77	-1.32
348.99	-3.54
349.21	2.64
349.44	3.08
349.66	2.03
349.88	-5.69
350.11	3.90
350.33	6.63
350.55	7.76
350.78	7.45
351.00	6.77
351.22	-2.79
351.45	9.71
351.67	3.22
351.89	4.72
352.12	-0.23
352.34	2.09
352.56	-6.71
352.79	2.23
353.01	9.33
353.23	4.62
353.45	-0.43
353.68	-4.39
353.90	-1.32
354.12	3.70
354.35	4.07
354.57	3.36
354.79	-1.93
355.01	7.90
355.24	-12.00
355.46	11.21
355.68	-4.84
355.91	9.60
356.13	-1.83
356.35	5.54
356.57	-1.05
356.80	9.06
357.02	-1.29
357.24	-0.60
357.46	-7.67
357.69	0.80
357.91	0.15
358.13	1.45
358.35	-3.26
358.58	7.45
358.80	-5.86
359.02	14.31
359.24	-0.81
359.47	6.29
359.69	-3.23
359.91	8.41
360.13	4.93
360.36	11.04
360.58	-2.65
360.80	7.62
361.02	4.62
361.25	-3.16
361.47	0.39
361.69	2.40
361.91	2.54
362.13	7.25
362.36	2.03
362.58	-2.04
362.80	7.52
363.02	6.43
363.25	-1.46
363.47	1.38
363.69	0.39
363.91	3.39
364.13	-4.84
364.36	4.41
364.58	-5.45
364.80	6.26
365.02	-0.26
365.24	7.96
365.47	4.41
365.69	-0.94
365.91	-3.16
366.13	-3.20
366.35	2.23
366.57	3.49
366.80	3.80
367.02	0.22
367.24	3.90
367.46	14.25
367.68	-1.25
367.90	7.28
368.13	6.09
368.35	0.42
368.57	0.69
368.79	6.74
369.01	2.71
369.23	6.97
369.46	-4.29
369.68	6.84
369.90	1.85
370.12	-2.72
370.34	-2.86
370.56	7.49
370.78	5.00
371.01	11.62
371.23	-5.96
371.45	4.93
371.67	1.38
371.89	7.32
372.11	1.24
372.33	-3.50
372.56	-0.64
372.78	2.20
373.00	4.48
373.22	2.98
373.44	0.76
373.66	11.00
373.88	1.27
374.10	2.20
374.32	3.56
374.55	10.25
374.77	-0.50
374.99	1.14
375.21	-2.28
375.43	9.33
375.65	1.85
375.87	4.76
376.09	-5.86
376.31	8.07
376.53	-3.74
376.75	8.89
376.98	5.99
377.20	9.33
377.42	2.16
377.64	6.94
377.86	1.92
378.08	14.35
378.30	-4.36
378.52	0.11
378.74	-1.49
378.96	10.46
379.18	-3.13
379.40	2.74
379.62	-3.64
379.84	5.44
380.07	1.99
380.29	6.60
380.51	-1.01
380.73	4.69
380.95	7.59
381.17	0.76
381.39	-0.33
381.61	5.95
381.83	3.90
382.05	3.05
382.27	2.44
382.49	-2.04
382.71	-1.97
382.93	6.05
383.15	-3.09
383.37	12.85
383.59	-1.97
383.81	1.24
384.03	-7.84
384.25	-0.74
384.47	5.88
384.69	11.21
384.91	3.08
385.13	16.60
385.35	2.44
385.57	14.07
385.79	0.32
386.01	6.12
386.23	1.41
386.45	8.58
386.67	10.35
386.89	6.70
387.11	1.89
387.33	1.89
387.55	1.68
387.77	5.40
387.99	8.54
388.21	1.89
388.43	5.17
388.65	-3.40
388.87	-1.25
389.09	5.64
389.31	5.64
389.53	-1.42
389.75	5.75
389.97	5.17
390.19	6.02
390.41	7.93
390.63	5.23
390.85	9.23
391.07	2.54
391.29	8.20
391.51	3.90
391.72	7.66
391.94	0.83
392.16	8.92
392.38	-8.83
392.60	10.49
392.82	-2.10
393.04	6.39
393.26	2.50
393.48	8.03
393.70	2.16
393.92	7.28
394.14	-5.11
394.36	3.73
394.58	0.66
394.80	17.35
395.01	-1.93
395.23	10.90
395.45	-1.29
395.67	2.67
395.89	2.06
396.11	12.23
396.33	5.00
396.55	10.32
396.77	-3.78
396.99	-0.36
397.21	-0.84
397.42	1.55
397.64	6.39
397.86	11.28
398.08	-6.61
398.30	4.65
398.52	-12.17
398.74	6.57
398.96	1.96
399.17	-0.60
399.39	-1.32
399.61	7.15
399.83	1.48
400.05	15.30
400.27	-0.67
400.49	1.89
400.71	-2.21
400.92	12.27
401.14	-5.65
401.36	13.60
401.58	-0.98
401.80	5.06
402.02	5.61
402.24	5.20
402.45	0.25
402.67	10.59
402.89	0.18
403.11	2.95
403.33	-2.10
403.55	-2.28
403.76	1.34
403.98	3.43
404.20	-5.38
404.42	10.46
404.64	3.80
404.86	6.46
405.07	2.09
405.29	10.56
405.51	4.93
405.73	7.83
405.95	-2.92
406.17	7.69
406.38	0.35
406.60	0.25
406.82	1.51
407.04	4.31
407.26	2.88
407.47	1.17
407.69	-4.12
407.91	7.04
408.13	1.55
408.35	3.66
408.56	-5.04
408.78	7.86
409.00	2.47
409.22	5.92
409.44	8.24
409.65	5.47
409.87	0.32
410.09	9.13
410.31	1.31
410.52	4.52
410.74	1.75
410.96	10.46
411.18	-0.81
411.40	5.17
411.61	2.57
411.83	10.05
412.05	8.82
412.27	6.60
412.48	2.26
412.70	4.93
412.92	2.88
413.14	5.58
413.35	2.40
413.57	6.05
413.79	7.18
414.01	10.39
414.22	3.25
414.44	3.29
414.66	-1.29
414.87	1.68
415.09	-5.21
415.31	10.22
415.53	3.49
415.74	-1.93
415.96	-6.27
416.18	6.70
416.40	1.89
416.61	11.04
416.83	-1.29
417.05	7.90
417.26	-0.12
417.48	0.76
417.70	-1.52
417.92	2.50
418.13	0.08
418.35	1.68
418.57	-0.81
418.78	-3.67
419.00	9.60
419.22	11.17
419.43	-2.04
419.65	-2.62
419.87	4.07
420.09	2.74
420.30	4.96
420.52	10.83
420.74	5.51
420.95	9.23
421.17	3.08
421.39	7.28
421.60	-4.63
421.82	13.84
422.04	7.35
422.25	-0.98
422.47	-4.90
422.69	8.44
422.90	0.32
423.12	4.24
423.34	-7.40
423.55	9.50
423.77	-0.64
423.99	1.72
424.20	5.00
424.42	5.61
424.64	0.35
424.85	3.49
425.07	-0.64
425.28	2.40
425.50	0.56
425.72	9.13
425.93	3.22
426.15	0.93
426.37	0.73
426.58	10.56
426.80	-2.31
427.01	11.07
427.23	4.14
427.45	-4.66
427.66	2.47
427.88	10.18
428.10	-4.36
428.31	13.66
428.53	1.45
428.74	10.56
428.96	-1.73
429.18	9.43
429.39	1.27
429.61	1.92
429.82	-0.60
430.04	8.41
430.26	8.03
430.47	7.66
430.69	4.41
430.90	15.17
431.12	2.50
431.34	8.72
431.55	-0.81
431.77	4.82
431.98	2.13
432.20	2.61
432.41	3.49
432.63	6.94
432.85	-1.52
433.06	4.52
433.28	0.28
433.49	15.88
433.71	1.41
433.92	14.07
434.14	7.62
434.35	-0.33
434.57	0.32
434.79	12.37
435.00	12.13
435.22	3.22
435.43	-0.91
435.65	4.45
435.86	1.17
436.08	15.99
436.29	-3.13
436.51	3.56
436.72	2.23
436.94	1.21
437.16	5.92
437.37	4.45
437.59	4.76
437.80	9.84
438.02	-5.07
438.23	3.25
438.45	10.32
438.66	9.43
438.88	2.20
439.09	8.00
439.31	9.50
439.52	8.07
439.74	6.57
439.95	7.73
440.17	5.34
440.38	6.63
440.60	3.36
440.81	3.22
441.03	0.66
441.24	15.58
441.46	1.96
441.67	10.73
441.89	-2.82
442.10	15.24
442.32	-0.53
442.53	1.24
442.75	1.10
442.96	3.70
443.18	2.23
443.39	15.61
443.61	3.49
443.82	5.58
444.04	-9.61
444.25	10.29
444.46	2.95
444.68	10.22
444.89	-5.76
445.11	0.63
445.32	5.47
445.54	10.08
445.75	4.21
445.97	3.80
446.18	-7.53
446.40	9.06
446.61	9.94
446.82	8.44
447.04	-5.21
447.25	4.55
447.47	0.15
447.68	14.83
447.90	2.44
448.11	7.73
448.32	1.99
448.54	2.26
448.75	7.18
448.97	8.68
449.18	7.52
449.40	10.93
449.61	0.39
449.82	-2.68
450.04	2.91
450.25	6.67
450.47	7.32
450.68	6.84
450.89	0.93
451.11	2.91
451.32	5.95
451.54	1.27
451.75	7.56
451.96	6.33
452.18	12.27
452.39	7.52
452.61	-3.57
452.82	9.71
453.03	5.00
453.25	1.14
453.46	-3.06
453.68	6.67
453.89	1.85
454.10	2.64
454.32	0.25
454.53	15.68
454.74	-0.91
454.96	10.22
455.17	-5.89
455.39	7.79
455.60	0.56
455.81	-0.16
456.03	3.12
456.24	7.32
456.45	-4.63
456.67	8.89
456.88	-0.02
457.09	7.25
457.31	3.70
457.52	7.01
457.73	9.23
457.95	10.46
458.16	2.23
458.37	13.29
458.59	4.48
458.80	12.98
459.01	5.27
459.23	-0.06
459.44	5.06
459.65	10.80
459.87	-7.63
460.08	9.57
460.29	2.03
460.51	7.62
460.72	0.90
460.93	6.12
461.15	3.53
461.36	1.41
461.57	-6.81
461.79	14.48
462.00	-2.04
462.21	6.53
462.42	4.72
462.64	9.06
462.85	-3.40
463.06	6.60
463.28	-4.97
463.49	10.15
463.70	-2.75
463.92	7.38
464.13	-0.94
464.34	-0.06
464.55	3.49
464.77	7.56
464.98	4.52
465.19	2.78
465.40	6.50
465.62	7.52
465.83	-2.14
466.04	4.93
466.26	1.38
466.47	0.32
466.68	-1.01
466.89	2.67
467.11	5.03
467.32	6.53
467.53	0.49
467.74	8.14
467.96	0.28
468.17	9.57
468.38	6.74
468.59	9.57
468.81	-2.07
469.02	4.59
469.23	4.18
469.44	12.23
469.66	4.52
469.87	-0.98
470.08	-8.52
470.29	2.44
470.50	2.06
470.72	5.99
470.93	9.57
471.14	4.59
471.35	7.25
471.57	7.62
471.78	2.71
471.99	9.71
472.20	8.58
472.41	5.27
472.63	3.22
472.84	8.85
473.05	4.11
473.26	12.33
473.47	-1.63
473.69	-1.49
473.90	3.46
474.11	11.99
474.32	2.81
474.53	4.76
474.75	9.81
474.96	7.66
475.17	7.66
475.38	0.73
475.59	2.57
475.80	5.85
476.02	3.08
476.23	9.02
476.44	6.67
476.65	2.78
476.86	2.88
477.08	9.74
477.29	3.83
477.50	-1.80
477.71	-0.50
477.92	5.10
478.13	1.79
478.34	7.96
478.56	7.96
478.77	6.29
478.98	-4.73
479.19	3.90
479.40	3.83
479.61	7.90
479.83	2.13
480.04	5.13
480.25	5.54
480.46	5.95
480.67	3.56
480.88	9.74
481.09	1.58
481.30	5.30
481.52	-0.23
481.73	10.73
481.94	4.69
482.15	12.95
482.36	8.68
482.57	8.14
482.78	-5.18
482.99	9.81
483.21	0.93
483.42	8.00
483.63	4.14
483.84	7.86
484.05	-3.44
484.26	10.56
484.47	-2.58
484.68	7.11
484.89	1.10
485.10	3.05
485.32	-1.32
485.53	7.21
485.74	5.81
485.95	-4.12
486.16	1.07
486.37	6.12
486.58	-1.66
486.79	9.67
487.00	2.61
487.21	-0.57
487.42	-3.33
487.63	4.41
487.85	2.57
488.06	11.82
488.27	3.63
488.48	-3.26
488.69	7.83
488.90	10.52
489.11	-1.01
489.32	5.95
489.53	2.47
489.74	2.37
489.95	1.00
490.16	7.04
490.37	4.52
490.58	7.90
490.79	-0.53
491.00	7.49
491.21	1.24
491.42	3.90
491.63	1.55
491.84	14.86
492.06	6.50
492.27	-0.40
492.48	3.39
492.69	2.91
492.90	-0.33
493.11	8.03
493.32	0.42
493.53	-1.32
493.74	-5.86
493.95	10.97
494.16	8.72
494.37	-2.31
494.58	5.34
494.79	6.09
495.00	5.54
495.21	-0.57
495.42	7.83
495.63	3.15
495.84	11.99
496.05	2.47
496.26	2.95
496.47	4.55
496.68	-4.49
496.89	12.54
497.10	-1.42
497.31	9.26
497.52	3.29
497.73	8.58
497.94	0.59
498.15	16.19
498.36	-2.00
498.57	0.63
498.78	2.30
498.98	6.74
499.19	-1.42
499.40	3.70
499.61	1.14
499.82	4.14
500.03	0.46
500.24	7.90
500.45	-4.97
500.66	8.20
500.87	-0.74
501.08	10.56
501.29	3.08
501.50	5.99
501.71	-5.28
501.92	5.06
502.13	-4.39
502.34	0.32
502.55	2.09
502.76	10.46
502.97	1.48
503.17	8.54
503.38	-5.59
503.59	12.44
503.80	5.71
504.01	3.90
504.22	0.18
504.43	10.76
504.64	1.27
504.85	7.15
505.06	7.79
505.27	9.19
505.48	-0.94
505.68	2.84
505.89	0.01
506.10	10.05
506.31	1.04
506.52	5.47
506.73	0.32
506.94	-0.33
507.15	1.27
507.36	4.79
507.57	4.52
507.77	2.06
507.98	-3.50
508.19	10.49
508.40	-4.12
508.61	7.32
508.82	-1.22
509.03	9.13
509.24	-5.01
509.45	7.59
509.65	-7.36
509.86	0.66
510.07	7.08
510.28	2.71
510.49	-2.62
510.70	10.25
510.91	6.63
511.11	5.13
511.32	-0.33
511.53	-0.40
511.74	-0.43
511.95	11.55
512.16	0.69
512.37	8.48
512.57	5.92
512.78	1.82
512.99	9.13
513.20	-1.25
513.41	-0.06
513.62	5.92
513.82	2.81
514.03	0.22
514.24	-1.35
514.45	-2.62
514.66	-4.63
514.87	10.22
515.07	-5.69
515.28	4.11
515.49	-6.47
515.70	-0.53
515.91	0.18
516.11	4.93
516.32	-3.91
516.53	4.86
516.74	7.49
516.95	3.73
517.16	-3.09
517.36	4.62
517.57	-1.35
517.78	4.18
517.99	5.37
518.20	1.00
518.40	-3.33
518.61	11.72
518.82	2.33
519.03	10.56
519.23	3.43
519.44	10.52
519.65	12.47
519.86	1.34
520.07	-0.88
520.27	7.01
520.48	5.54
520.69	13.22
520.90	-3.44
521.10	1.96
521.31	5.81
521.52	4.01
521.73	8.37
521.94	7.90
522.14	1.24
522.35	12.57
522.56	-1.29
522.77	5.71
522.97	3.94
523.18	0.69
523.39	-8.90
523.60	-2.62
523.80	-0.74
524.01	8.24
524.22	1.17
524.43	7.66
524.63	-3.98
524.84	0.42
525.05	6.33
525.25	12.13
525.46	4.79
525.67	8.14
525.88	-4.49
526.08	7.69
526.29	-1.59
526.50	3.77
526.71	5.10
526.91	12.88
527.12	-5.11
527.33	8.31
527.53	2.33
527.74	9.16
527.95	-0.84
528.16	9.02
528.36	3.60
528.57	-4.43
528.78	4.96
528.98	6.22
529.19	5.51
529.40	0.63
529.60	5.85
529.81	4.24
530.02	0.11
530.22	-0.23
530.43	4.21
530.64	6.74
530.85	2.71
531.05	4.07
531.26	1.72
531.47	3.32
531.67	-3.44
531.88	0.87
532.09	1.14
532.29	4.65
532.50	0.69
532.71	15.41
532.91	5.64
533.12	6.26
533.33	2.23
533.53	9.43
533.74	0.69
533.95	3.25
534.15	4.28
534.36	9.16
534.56	-2.58
534.77	3.08
534.98	-0.06
535.18	14.59
535.39	5.85
535.60	9.74
535.80	9.16
536.01	16.22
536.22	4.24
536.42	5.47
536.63	-4.32
536.83	8.85
537.04	4.11
537.25	2.91
537.45	1.21
537.66	5.88
537.87	8.24
538.07	-1.66
538.28	-1.56
538.48	-0.88
538.69	-3.20
538.90	4.82
539.10	0.22
539.31	-4.70
539.51	4.14
539.72	0.56
539.93	-1.73
540.13	8.37
540.34	2.98
540.54	7.59
540.75	-2.79
540.96	9.57
541.16	5.27
541.37	2.16
541.57	7.79
541.78	1.55
541.99	0.59
542.19	2.16
542.40	4.59
542.60	11.51
542.81	2.44
543.01	4.79
543.22	5.13
543.43	7.56
543.63	3.90
543.84	2.33
544.04	8.41
544.25	12.54
544.45	5.75
544.66	9.16
544.87	-2.28
545.07	9.67
545.28	2.03
545.48	6.80
545.69	3.25
545.89	5.47
546.10	2.30
546.30	9.16
546.51	1.34
546.71	8.07
546.92	1.24
547.13	4.01
547.33	0.87
547.54	8.68
547.74	-3.23
547.95	5.44
548.15	-6.41
548.36	1.79
548.56	4.48
548.77	9.67
548.97	-0.67
549.18	3.70
549.38	2.84
549.59	10.39
549.79	0.28
550.00	5.34
550.20	-0.53
550.41	11.99
550.61	4.86
550.82	11.07
551.02	9.98
551.23	5.47
551.43	12.23
551.64	4.76
551.84	0.83
552.05	5.44
552.25	-4.53
552.46	5.68
552.66	0.59
552.87	7.96
553.07	9.77
553.28	4.41
553.48	1.31
553.69	15.41
553.89	6.19
554.10	16.22
554.30	6.53
554.51	4.45
554.71	1.04
554.92	0.05
555.12	3.97
555.32	11.65
555.53	4.96
555.73	3.29
555.94	-0.26
556.14	9.26
556.35	18.07
556.55	9.26
556.76	7.15
556.96	5.92
557.17	5.95
557.37	-4.66
557.57	-0.64
557.78	9.02
557.98	2.71
558.19	10.35
558.39	0.11
558.60	11.38
558.80	-0.26
559.00	4.96
559.21	-1.66
559.41	10.97
559.62	12.20
559.82	-0.06
560.03	0.08
560.23	15.20
560.43	2.37
560.64	12.16
560.84	7.18
561.05	2.78
561.25	-2.28
561.45	4.86
561.66	7.08
561.86	20.42
562.07	6.12
562.27	14.35
562.47	6.80
562.68	6.26
562.88	-1.52
563.09	11.79
563.29	2.03
563.49	11.92
563.70	6.74
563.90	13.84
564.11	8.92
564.31	15.03
564.51	-1.90
564.72	9.13
564.92	1.14
565.12	0.63
565.33	3.39
565.53	9.19
565.74	11.14
565.94	-0.70
566.14	5.88
566.35	10.39
566.55	8.34
566.75	10.97
566.96	6.26
567.16	4.93
567.36	5.03
567.57	15.13
567.77	1.14
567.98	14.62
568.18	4.48
568.38	4.52
568.59	0.56
568.79	7.08
568.99	8.41
569.20	14.52
569.40	-10.40
569.60	9.26
569.81	3.43
570.01	4.93
570.21	8.00
570.42	11.10
570.62	11.89
570.82	9.26
571.03	8.72
571.23	14.45
571.43	6.94
571.63	5.06
571.84	10.46
572.04	12.91
572.24	8.65
572.45	12.06
572.65	-0.70
572.85	15.44
573.06	1.21
573.26	11.92
573.46	-0.94
573.67	18.44
573.87	5.17
574.07	12.27
574.27	12.27
574.48	15.13
574.68	21.21
574.88	29.67
575.09	39.09
575.29	68.86
575.49	178.01
575.69	290.07
575.90	849.88
576.10	1301.26
576.30	2574.21
576.51	3223.58
576.71	4830.76
576.91	5775.49
577.11	7700.14
577.32	8836.59
577.52	10885.14
577.72	12532.01
577.92	14707.60
578.13	16484.79
578.33	18997.28
578.53	20890.18
578.73	24132.87
578.94	26136.46
579.14	29210.53
579.34	31511.15
579.54	34285.23
579.75	36856.59
579.95	40242.87
580.15	42414.43
580.35	45179.94
580.56	47354.95
580.76	50803.87
580.96	53018.75
581.16	55534.64
581.37	57220.12
581.57	59012.68
581.77	61271.04
581.97	62289.36
582.17	63080.59
582.38	63981.53
582.58	64306.67
582.78	64257.90
582.98	64309.51
583.19	64309.75
583.39	64309.75
583.59	64309.75
583.79	64309.75
583.99	64305.17
584.20	64142.50
584.40	63761.16
584.60	63007.48
584.80	61292.75
585.00	59591.77
585.21	58349.95
585.41	55623.90
585.61	53687.89
585.81	51410.89
586.01	49294.62
586.22	45837.89
586.42	43680.52
586.62	41189.44
586.82	38089.64
587.02	35621.36
587.22	32745.36
587.43	29764.30
587.63	27224.82
587.83	24705.07
588.03	22189.21
588.23	19777.42
588.43	17945.99
588.64	15340.15
588.84	13803.36
589.04	11538.92
589.24	10175.69
589.44	8206.56
589.64	7078.24
589.85	5317.97
590.05	4365.80
590.25	2842.01
590.45	2304.11
590.65	1023.31
590.85	721.75
591.05	250.79
591.26	148.28
591.46	75.68
591.66	48.92
591.86	34.69
592.06	19.09
592.26	21.96
592.46	18.85
592.67	18.44
592.87	17.69
593.07	23.12
593.27	10.87
593.47	15.64
593.67	13.19
593.87	20.15
594.07	11.38
594.28	11.92
594.48	24.72
594.68	26.46
594.88	9.16
595.08	23.50
595.28	12.68
595.48	18.65
595.68	13.94
595.88	19.95
596.08	1.82
596.29	6.97
596.49	9.57
596.69	15.06
596.89	12.57
597.09	14.69
597.29	9.67
597.49	13.80
597.69	4.82
597.89	9.94
598.09	12.20
598.29	7.18
598.50	0.39
598.70	13.12
598.90	0.90
599.10	10.12
599.30	11.34
599.50	18.55
599.70	10.93
599.90	20.90
600.10	6.33
600.30	12.91
600.50	17.66
600.70	7.96
600.90	3.63
601.10	3.80
601.30	13.15
601.50	15.92
601.71	7.11
601.91	18.58
602.11	9.26
602.31	11.58
602.51	0.90
602.71	8.00
602.91	12.61
603.11	9.16
603.31	10.15
603.51	5.81
603.71	0.90
603.91	5.27
604.11	-3.47
604.31	9.09
604.51	10.73
604.71	5.17
604.91	5.99
605.11	11.69
605.31	2.91
605.51	12.16
605.71	6.46
605.91	6.91
606.11	9.67
606.31	10.59
606.51	10.15
606.71	8.99
606.91	2.50
607.11	21.17
607.31	12.91
607.51	5.85
607.71	10.56
607.91	9.33
608.11	11.24
608.31	12.61
608.51	10.25
608.71	4.59
608.91	7.86
609.11	14.72
609.31	2.95
609.51	14.48
609.71	12.30
609.91	15.17
610.11	6.43
610.31	6.77
610.51	3.25
610.71	8.99
610.91	5.78
611.11	12.16
611.31	7.18
611.51	-1.05
611.71	10.42
611.91	11.00
612.11	-4.12
612.31	5.51
612.51	-2.62
612.71	19.84
612.90	8.31
613.10	15.61
613.30	0.73
613.50	11.89
613.70	8.31
613.90	9.43
614.10	1.72
614.30	3.97
614.50	-3.74
614.70	6.94
614.90	5.17
615.10	9.94
615.30	7.32
615.50	14.69
615.70	3.08
615.90	10.70
616.09	6.67
616.29	9.09
616.49	5.13
616.69	3.02
616.89	4.07
617.09	1.04
617.29	5.61
617.49	7.32
617.69	1.14
617.89	15.34
618.09	4.18
618.28	12.64
618.48	5.47
618.68	12.95
618.88	3.60
619.08	7.35
619.28	8.82
619.48	10.80
619.68	6.05
619.88	-3.57
620.08	3.73
620.27	9.50
620.47	-2.72
620.67	0.39
620.87	-0.74
621.07	9.98
621.27	-4.29
621.47	12.09
621.67	8.89
621.86	1.72
622.06	7.45
622.26	-1.39
622.46	8.37
622.66	6.16
622.86	6.39
623.06	10.15
623.25	7.38
623.45	19.26
623.65	3.56
623.85	7.45
624.05	-1.93
624.25	-2.75
624.45	-1.01
624.64	9.19
624.84	8.10
625.04	6.60
625.24	5.75
625.44	12.16
625.64	3.90
625.83	5.30
626.03	-2.99
626.23	4.52
626.43	10.56
626.63	7.49
626.83	0.83
627.02	6.67
627.22	6.26
627.42	10.46
627.62	-2.17
627.82	1.55
628.02	2.57
628.21	3.15
628.41	11.75
628.61	14.21
628.81	8.68
629.01	-1.32
629.20	5.10
629.40	9.13
629.60	-0.57
629.80	2.84
630.00	2.84
630.19	7.04
630.39	2.57
630.59	7.25
630.79	6.19
630.99	11.14
631.18	2.06
631.38	0.52
631.58	-3.47
631.78	3.66
631.98	5.99
632.17	11.65
632.37	11.34
632.57	10.46
632.77	3.63
632.96	14.01
633.16	-2.17
633.36	4.11
633.56	5.99
633.76	6.87
633.95	6.09
634.15	5.27
634.35	7.28
634.55	9.33
634.74	-2.92
634.94	11.14
635.14	6.16
635.34	18.51
635.53	1.89
635.73	10.29
635.93	-2.04
636.13	7.15
636.32	-4.63
636.52	2.40
636.72	0.87
636.92	6.67
637.11	-3.06
637.31	12.13
637.51	1.99
637.70	12.54
637.90	-2.21
638.10	11.45
638.30	6.53
638.49	5.68
638.69	-1.76
638.89	2.33
639.09	1.00
639.28	8.24
639.48	2.57
639.68	7.69
639.87	2.81
640.07	17.45
640.27	9.16
640.47	8.44
640.66	6.33
640.86	6.12
641.06	0.49
641.25	13.19
641.45	4.82
641.65	12.61
641.84	3.80
642.04	6.16
642.24	-2.17
642.44	6.80
642.63	2.06
642.83	1.62
643.03	-5.69
643.22	7.90
643.42	0.35
643.62	7.49
643.81	-1.22
644.01	11.72
644.21	8.85
644.40	6.16
644.60	-0.06
644.80	2.09
644.99	9.19
645.19	11.65
645.39	8.17
645.58	7.42
645.78	0.83
645.98	14.89
646.17	1.41
646.37	16.09
646.57	5.37
646.76	12.47
646.96	5.88
647.16	7.56
647.35	7.93
647.55	21.55
647.75	12.09
647.94	-4.02
648.14	5.20
648.33	10.83
648.53	3.70
648.73	5.17
648.92	-2.75
649.12	2.57
649.32	3.97
649.51	-1.87
649.71	9.84
649.90	6.39
650.10	3.32
650.30	14.35
650.49	-4.32
650.69	3.80
650.89	6.26
651.08	12.78
651.28	4.59
651.47	2.61
651.67	0.97
651.87	8.51
652.06	0.80
652.26	2.67
652.45	1.65
652.65	10.87
652.85	-0.64
653.04	6.39
653.24	2.61
653.43	4.52
653.63	-0.23
653.83	5.37
654.02	0.11
654.22	7.62
654.41	4.69
654.61	8.34
654.81	3.90
655.00	5.95
655.20	15.88
655.39	4.76
655.59	-1.93
655.78	9.81
655.98	4.07
656.18	14.62
656.37	-1.35
656.57	9.50
656.76	6.39
656.96	9.84
657.15	6.05
657.35	1.41
657.55	5.06
657.74	9.02
657.94	6.67
658.13	4.41
658.33	0.11
658.52	9.67
658.72	7.04
658.91	4.93
659.11	-2.58
659.30	6.19
659.50	2.37
659.70	4.69
659.89	-0.26
660.09	2.23
660.28	-0.33
660.48	5.92
660.67	-3.54
660.87	9.47
661.06	-1.49
661.26	17.83
661.45	5.71
661.65	8.41
661.84	-0.16
662.04	7.01
662.23	2.54
662.43	10.83
662.62	-1.56
662.82	9.67
663.01	-3.74
663.21	7.76
663.41	-0.26
663.60	12.95
663.80	0.01
663.99	2.47
664.19	2.54
664.38	4.96
664.58	0.11
664.77	9.19
664.97	-6.23
665.16	7.56
665.35	4.18
665.55	7.96
665.74	2.57
665.94	4.96
666.13	3.66
666.33	9.88
666.52	7.45
666.72	10.32
666.91	-2.10
667.11	13.32
667.30	10.29
667.50	7.66
667.69	1.68
667.89	3.90
668.08	11.72
668.28	4.48
668.47	0.32
668.67	17.32
668.86	3.53
669.05	3.25
669.25	-1.73
669.44	3.02
669.64	7.93
669.83	4.89
670.03	1.96
670.22	7.45
670.42	10.83
670.61	5.44
670.81	1.24
671.00	9.43
671.19	1.48
671.39	8.72
671.58	3.73
671.78	1.21
671.97	1.55
672.17	3.36
672.36	3.73
672.55	7.96
672.75	4.48
672.94	0.93
673.14	-2.24
673.33	18.78
673.53	9.40
673.72	2.71
673.91	8.24
674.11	1.75
674.30	-1.90
674.50	6.80
674.69	7.18
674.88	7.25
675.08	1.65
675.27	7.90
675.47	2.47
675.66	4.55
675.85	6.70
676.05	9.67
676.24	2.57
676.44	5.44
676.63	-3.09
676.82	13.46
677.02	5.95
677.21	8.24
677.41	-0.06
677.60	8.41
677.79	-0.19
677.99	9.36
678.18	2.03
678.37	6.29
678.57	-1.90
678.76	3.77
678.96	-3.20
679.15	5.27
679.34	-1.93
679.54	9.98
679.73	5.64
679.92	13.22
680.12	3.36
680.31	12.44
680.51	4.76
680.70	9.19
680.89	3.66
681.09	3.66
681.28	6.26
681.47	15.64
681.67	-1.35
681.86	15.88
682.05	5.40
682.25	5.03
682.44	-0.50
682.63	9.06
682.83	7.21
683.02	8.17
683.21	8.00
683.41	5.27
683.60	4.86
683.79	12.91
683.99	4.79
684.18	10.22
684.37	9.23
684.57	8.68
684.76	7.52
684.95	9.50
685.15	-6.20
685.34	3.25
685.53	6.26
685.73	2.57
685.92	6.50
686.11	-2.24
686.31	3.15
686.50	14.59
686.69	-0.91
686.88	7.08
687.08	15.13
687.27	2.16
687.46	5.40
687.66	7.69
687.85	-1.73
688.04	-5.65
688.24	5.30
688.43	3.39
688.62	-0.09
688.81	13.19
689.01	7.96
689.20	-1.25
689.39	2.26
689.59	6.39
689.78	0.35
689.97	4.45
690.16	1.72
690.36	0.46
690.55	8.82
690.74	5.37
690.93	3.97
691.13	1.17
691.32	4.01
691.51	8.27
691.70	0.90
691.90	16.57
692.09	-2.07
692.28	12.91
692.48	-2.89
692.67	1.48
692.86	12.20
693.05	8.37
693.25	-1.15
693.44	3.83
693.63	3.12
693.82	18.31
694.01	4.86
694.21	5.95
694.40	-5.59
694.59	16.05
694.78	3.97
694.98	9.50
695.17	-2.65
695.36	12.37
695.55	-2.55
695.75	5.03
695.94	10.73
696.13	5.51
696.32	-3.64
696.51	8.27
696.71	8.85
696.90	9.57
697.09	-3.37
697.28	11.28
697.48	6.22
697.67	8.89
697.86	2.91
698.05	14.04
698.24	0.83
698.44	10.90
698.63	-7.43
698.82	5.30
699.01	0.56
699.20	5.00
699.40	0.80
699.59	8.68
699.78	6.43
699.97	11.75
700.16	-0.09
700.36	14.42
700.55	5.75
700.74	3.46
700.93	-4.70
701.12	10.22
701.31	4.55
701.51	0.28
701.70	-0.77
701.89	10.35
702.08	3.49
702.27	4.65
702.46	3.90
702.66	3.39
702.85	-1.59
703.04	15.68
703.23	4.48
703.42	10.56
703.61	-2.28
703.81	2.81
704.00	3.87
704.19	-0.23
704.38	7.25
704.57	1.99
704.76	5.06
704.96	12.47
705.15	-1.80
705.34	12.16
705.53	-0.91
705.72	5.88
705.91	9.67
706.10	7.73
706.30	2.40
706.49	0.87
706.68	6.43
706.87	4.62
707.06	5.44
707.25	5.64
707.44	-0.26
707.63	7.79
707.83	-1.90
708.02	7.49
708.21	-3.37
708.40	4.86
708.59	4.86
708.78	9.23
708.97	6.22
709.16	1.85
709.35	0.05
709.55	5.13
709.74	11.07
709.93	1.48
710.12	-0.12
710.31	9.06
710.50	-6.30
710.69	15.58
710.88	-6.41
711.07	-3.74
711.26	5.64
711.46	8.61
711.65	1.92
711.84	8.41
712.03	1.55
712.22	25.71
712.41	0.52
712.60	5.68
712.79	-3.98
712.98	8.10
713.17	2.98
713.36	13.53
713.55	1.55
713.75	4.86
713.94	2.78
714.13	10.39
714.32	1.65
714.51	13.22
714.70	5.58
714.89	7.83
715.08	7.42
715.27	8.95
715.46	0.39
715.65	-3.71
715.84	-2.89
716.03	5.58
716.22	-0.50
716.41	6.33
716.60	0.52
716.79	6.16
716.99	1.92
717.18	4.52
717.37	2.78
717.56	5.88
717.75	2.37
717.94	4.31
718.13	5.88
718.32	8.89
718.51	5.10
718.70	0.73
718.89	7.25
719.08	7.62
719.27	8.37
719.46	7.79
719.65	8.54
719.84	2.61
720.03	7.59
720.22	4.96
720.41	1.68
720.60	5.54
720.79	0.63
720.98	7.01
721.17	6.53
721.36	6.39
721.55	5.37
721.74	3.66
721.93	4.79
722.12	8.34
722.31	0.32
722.50	10.29
722.69	6.46
722.88	5.81
723.07	-1.66
723.26	7.32
723.45	-0.64
723.64	3.83
723.83	-0.36
724.02	8.24
724.21	-5.79
724.40	6.53
724.59	-1.22
724.78	10.32
724.97	-1.69
725.16	13.97
725.35	-0.33
725.54	15.75
725.73	-0.19
725.92	4.35
726.11	4.28
726.30	14.45
726.49	2.23
726.68	13.12
726.87	0.25
727.06	7.15
727.25	-2.55
727.43	10.56
727.62	5.88
727.81	9.06
728.00	2.64
728.19	15.44
728.38	3.90
728.57	12.88
728.76	6.70
728.95	7.76
729.14	0.59
729.33	-4.29
729.52	0.97
729.71	7.83
729.90	-0.40
730.09	0.66
730.28	-4.53
730.47	4.59
730.65	1.17
730.84	8.85
731.03	-0.16
731.22	6.22
731.41	1.10
731.60	8.37
731.79	0.87
731.98	13.02
732.17	-7.36
732.36	4.24
732.55	1.27
732.74	4.24
732.92	7.90
733.11	10.05
733.30	1.45
733.49	4.86
733.68	-3.06
733.87	12.20
734.06	-4.63
734.25	7.49
734.44	6.80
734.63	5.06
734.81	2.23
735.00	3.19
735.19	8.89
735.38	5.51
735.57	1.79
735.76	8.72
735.95	8.10
736.14	5.71
736.33	0.52
736.51	9.02
736.70	2.26
736.89	11.62
737.08	2.16
737.27	1.07
737.46	1.92
737.65	11.14
737.83	-0.50
738.02	-3.37
738.21	1.00
738.40	3.46
738.59	-0.60
738.78	7.08
738.97	-1.49
739.16	9.64
739.34	2.64
739.53	6.39
739.72	9.36
739.91	11.79
740.10	-0.60
740.29	8.14
740.47	9.43
740.66	3.25
740.85	-9.44
741.04	4.11
741.23	6.33
741.42	2.61
741.60	0.59
741.79	9.57
741.98	4.21
742.17	2.71
742.36	9.16
742.55	0.90
742.73	12.57
742.92	1.68
743.11	-4.80
743.30	8.68
743.49	2.26
743.68	5.13
743.86	3.22
744.05	3.77
744.24	12.16
744.43	0.01
744.62	3.29
744.80	10.35
744.99	3.29
745.18	5.68
745.37	0.18
745.56	9.50
745.74	4.21
745.93	3.08
746.12	0.93
746.31	11.89
746.50	-2.38
746.68	0.93
746.87	5.20
747.06	1.68
747.25	7.28
747.44	7.83
747.62	0.87
747.81	6.26
748.00	4.76
748.19	5.06
748.37	1.34
748.56	6.26
748.75	5.78
748.94	6.12
749.13	-2.24
749.31	6.94
749.50	0.49
749.69	-0.43
749.88	8.61
750.06	10.08
750.25	1.99
750.44	3.70
750.63	0.83
750.81	5.99
751.00	5.47
751.19	3.66
751.38	1.51
751.56	10.25
751.75	2.91
751.94	-0.36
752.13	7.56
752.31	9.74
752.50	-2.75
752.69	8.10
752.88	-1.52
753.06	7.66
753.25	-9.41
753.44	4.59
753.63	8.68
753.81	11.62
754.00	-1.56
754.19	-2.34
754.37	13.63
754.56	5.17
754.75	1.89
754.94	7.15
755.12	3.19
755.31	2.71
755.50	3.43
755.69	6.19
755.87	4.69
756.06	5.13
756.25	7.08
756.43	5.44
756.62	5.64
756.81	10.49
756.99	-2.07
757.18	4.93
757.37	-6.34
757.56	10.15
757.74	13.36
757.93	6.87
758.12	-2.65
758.30	5.85
758.49	-1.90
758.68	12.50
758.86	7.38
759.05	7.62
759.24	-0.26
759.42	9.60
759.61	0.59
759.80	8.78
759.99	7.32
760.17	1.10
760.36	1.34
760.55	-0.06
760.73	3.49
760.92	3.53
761.11	1.17
761.29	10.29
761.48	-1.52
761.67	8.75
761.85	4.21
762.04	3.15
762.23	0.83
762.41	6.02
762.60	0.15
762.79	3.56
762.97	-3.20
763.16	10.63
763.34	5.03
763.53	2.57
763.72	9.09
763.90	12.13
764.09	4.62
764.28	-2.48
764.46	-3.50
764.65	7.45
764.84	3.56
765.02	15.54
765.21	-1.63
765.40	4.76
765.58	0.42
765.77	9.13
765.95	-1.66
766.14	14.96
766.33	-2.48
766.51	8.44
766.70	-3.06
766.89	7.18
767.07	-1.35
767.26	4.65
767.44	1.99
767.63	-1.25
767.82	8.37
768.00	9.16
768.19	4.18
768.37	2.67
768.56	1.48
768.75	7.49
768.93	0.22
769.12	11.69
769.30	-2.48
769.49	13.66
769.68	-0.40
769.86	10.73
770.05	2.50
770.23	4.35
770.42	3.53
770.61	9.64
770.79	0.73
770.98	4.35
771.16	-3.67
771.35	7.93
771.54	13.05
771.72	9.67
771.91	0.56
772.09	4.35
772.28	4.38
772.46	3.80
772.65	1.55
772.84	11.17
773.02	-8.28
773.21	8.72
773.39	-0.84
773.58	11.62
773.76	1.89
773.95	9.84
774.13	5.37
774.32	5.00
774.51	-4.63
774.69	3.25
774.88	-7.57
775.06	14.28
775.25	-1.01
775.43	5.13
775.62	4.93
775.80	1.85
775.99	5.37
776.18	2.37
776.36	7.25
776.55	8.27
776.73	-2.86
776.92	8.78
777.10	0.25
777.29	11.21
777.47	-4.66
777.66	5.51
777.84	-3.85
778.03	0.66
778.21	6.36
778.40	4.86
778.58	0.69
778.77	7.08
778.95	2.13
779.14	10.93
779.33	5.03
779.51	10.01
779.70	0.35
779.88	13.36
780.07	1.48
780.25	9.23
780.44	1.75
780.62	8.78
780.81	-1.46
780.99	11.55
781.18	-2.34
781.36	10.56
781.55	-0.91
781.73	11.69
781.92	2.40
782.10	9.64
782.29	1.27
782.47	16.19
782.66	2.57
782.84	3.15
783.03	3.63
783.21	2.74
783.39	2.54
783.58	-2.75
783.76	6.50
783.95	5.34
784.13	1.96
784.32	9.50
784.50	-2.48
784.69	0.01
784.87	8.58
785.06	2.74
785.24	2.40
785.43	2.91
785.61	4.55
785.80	9.02
785.98	-3.50
786.17	-0.09
786.35	1.07
786.53	7.49
786.72	5.23
786.90	5.40
787.09	2.98
787.27	11.31
787.46	1.10
787.64	0.87
787.83	7.04
788.01	12.98
788.19	8.44
788.38	6.05
788.56	7.04
788.75	4.62
788.93	8.85
789.12	7.59
789.30	3.25
789.49	8.99
789.67	7.69
789.85	13.15
790.04	8.00
790.22	7.15
790.41	3.56
790.59	11.99
790.77	-2.24
790.96	7.32
791.14	1.96
791.33	3.02
791.51	3.05
791.70	1.14
791.88	7.86
792.06	7.38
792.25	2.84
792.43	8.68
792.62	0.32
792.80	12.16
792.98	8.95
793.17	4.11
793.35	-3.47
793.54	16.67
793.72	-0.81
793.90	3.63
794.09	5.54
794.27	12.85
794.46	-2.82
794.64	10.01
794.82	3.12
795.01	3.29
795.19	-0.16
795.37	16.46
795.56	0.39
795.74	9.13
795.93	-2.75
796.11	7.73
796.29	3.66
796.48	11.10
796.66	-3.06
796.84	16.43
797.03	0.05
797.21	4.93
797.40	9.40
797.58	8.78
797.76	3.32
797.95	2.91
798.13	-0.88
798.31	0.76
798.50	1.99
798.68	0.15
798.86	-1.83
799.05	4.65
799.23	1.99
799.42	6.05
799.60	1.51
799.78	4.38
799.97	-1.49
800.15	8.03
800.33	0.22
800.52	11.69
800.70	-7.09
800.88	10.59
801.07	0.90
801.25	11.07
801.43	1.10
801.62	4.76
801.80	-2.51
801.98	8.92
802.17	-2.24
802.35	8.85
802.53	-1.73
802.72	3.08
802.90	-0.33
803.08	2.57
803.26	2.30
803.45	5.54
803.63	0.69
803.81	0.46
804.00	6.46
804.18	9.98
804.36	5.99
804.55	4.18
804.73	-3.09
804.91	2.98
805.10	7.83
805.28	6.63
805.46	-4.12
805.64	-4.05
805.83	-2.07
806.01	2.47
806.19	6.22
806.38	8.34
806.56	-5.42
806.74	0.52
806.92	5.27
807.11	3.49
807.29	2.47
807.47	6.39
807.66	6.19
807.84	10.49
808.02	-4.12
808.20	0.56
808.39	5.30
808.57	15.06
808.75	4.24
808.94	7.35
809.12	-2.00
809.30	5.03
809.48	1.45
809.67	7.59
809.85	5.30
810.03	2.67
810.21	0.01
810.40	6.77
810.58	4.62
810.76	4.21
810.94	-2.45
811.13	8.17
811.31	6.53
811.49	2.03
811.67	2.74
811.86	13.05
812.04	3.46
812.22	7.21
812.40	-4.15
812.59	5.40
812.77	-1.35
812.95	10.15
813.13	-2.51
813.32	10.59
813.50	4.01
813.68	9.84
813.86	7.66
814.04	2.61
814.23	6.33
814.41	3.83
814.59	2.91
814.77	7.96
814.96	5.37
815.14	3.66
815.32	-0.06
815.50	1.45
815.68	3.08
815.87	1.75
816.05	3.70
816.23	11.38
816.41	4.96
816.59	11.31
816.78	7.56
816.96	14.96
817.14	0.22
817.32	12.33
817.50	4.28
817.69	9.43
817.87	0.11
818.05	5.10
818.23	7.83
818.41	13.39
818.60	7.42
818.78	11.45
818.96	1.79
819.14	-2.24
819.32	-2.92
819.51	5.47
819.69	-6.85
819.87	10.73
820.05	-3.78
820.23	8.58
820.41	-0.77
820.60	4.01
820.78	1.65
820.96	1.31
821.14	-3.40
821.32	5.03
821.50	-4.84
821.69	5.27
821.87	6.63
822.05	6.46
822.23	2.16
822.41	9.88
822.59	-1.35
822.78	8.24
822.96	-4.90
823.14	1.51
823.32	4.21
823.50	15.99
823.68	1.62
823.86	3.39
824.05	5.27
824.23	9.47
824.41	-3.44
824.59	15.51
824.77	-2.62
824.95	9.26
825.13	4.07
825.32	18.44
825.50	4.38
825.68	7.83
825.86	-9.99
826.04	10.35
826.22	7.08
826.40	7.59
826.58	-0.36
826.77	4.65
826.95	2.61
827.13	0.93
827.31	2.20
827.49	0.83
827.67	2.67
827.85	11.07
828.03	1.34
828.22	3.25
828.40	2.03
828.58	1.92
828.76	-0.43
828.94	5.51
829.12	-1.93
829.30	4.04
829.48	1.75
829.66	14.11
829.84	3.60
830.03	5.10
830.21	-1.18
830.39	5.06
830.57	0.28
830.75	3.56
830.93	5.13
831.11	11.99
831.29	-1.56
831.47	10.76
831.65	-2.48
831.83	6.97
832.02	1.85
832.20	6.57
832.38	5.68
832.56	7.35
832.74	0.83
832.92	11.17
833.10	1.21
833.28	4.07
833.46	0.11
833.64	11.07
833.82	-2.82
834.00	3.87
834.18	6.39
834.36	12.13
834.54	4.96
834.73	4.82
834.91	0.83
835.09	8.95
835.27	-4.22
835.45	0.69
835.63	5.71
835.81	-0.47
835.99	1.31
836.17	7.76
836.35	-1.56
836.53	9.60
836.71	11.07
836.89	1.79
837.07	2.47
837.25	9.94
837.43	3.25
837.61	4.89
837.79	-5.01
837.97	5.71
838.15	2.50
838.33	2.88
838.51	-3.88
838.69	18.82
838.87	5.30
839.05	7.69
839.23	0.87
839.41	5.81
839.59	3.90
839.78	3.22
839.96	13.36
840.14	10.83
840.32	9.09
840.50	0.35
840.68	4.96
840.86	11.00
841.04	0.32
841.22	2.09
841.40	-0.06
841.58	2.61
841.76	7.08
841.94	-1.83
842.12	0.08
842.30	4.24
842.48	5.00
842.66	2.91
842.84	1.31
843.02	7.08
843.20	3.36
843.38	2.54
843.55	7.73
843.73	5.47
843.91	8.07
844.09	5.81
844.27	-0.47
844.45	6.70
844.63	2.84
844.81	2.30
844.99	1.79
845.17	9.30
845.35	-4.60
845.53	7.01
845.71	-1.73
845.89	19.06
846.07	-5.38
846.25	5.71
846.43	11.31
846.61	11.45
846.79	-2.24
846.97	5.23
847.15	-2.14
847.33	10.83
847.51	-0.67
847.69	9.94
847.87	-2.58
848.05	13.56
848.23	-2.17
848.41	8.44
848.58	2.81
848.76	3.83
848.94	6.50
849.12	7.66
849.30	3.43
849.48	5.61
849.66	5.58
849.84	12.71
850.02	4.48
850.20	3.73
850.38	-1.66
850.56	2.88
850.74	3.77
850.92	5.61
851.10	3.80
851.27	6.57
851.45	-0.12
851.63	2.23
851.81	6.09
851.99	5.64
852.17	-3.47
852.35	9.30
852.53	7.45
852.71	6.57
852.89	3.22
853.07	14.42
853.24	0.46
853.42	4.04
853.60	-3.57
853.78	8.89
853.96	-6.23
854.14	3.94
854.32	5.10
854.50	11.58
854.68	-3.61
854.86	7.56
855.03	8.99
855.21	11.00
855.39	7.28
855.57	11.10
855.75	-0.60
855.93	-0.60
856.11	2.98
856.29	2.64
856.47	-1.87
856.64	10.25
856.82	9.33
857.00	8.51
857.18	-0.50
857.36	5.54
857.54	-1.83
857.72	6.16
857.90	3.94
858.07	9.77
858.25	-1.87
858.43	10.80
858.61	5.23
858.79	12.68
858.97	7.15
859.15	10.52
859.32	-4.08
859.50	6.74
859.68	-1.42
859.86	10.46
860.04	1.41
860.22	6.22
860.40	-1.25
860.57	8.10
860.75	5.10
860.93	7.96
861.11	-1.22
861.29	-2.24
861.47	-1.25
861.64	13.43
861.82	5.06
862.00	8.14
862.18	3.83
862.36	10.18
862.54	-2.00
862.71	6.19
862.89	2.91
863.07	3.15
863.25	-3.81
863.43	13.80
863.61	2.71
863.78	16.50
863.96	-1.59
864.14	9.26
864.32	3.77
864.50	4.76
864.67	5.64
864.85	-2.48
865.03	12.37
865.21	6.77
865.39	4.24
865.57	1.92
865.74	2.84
865.92	9.74
866.10	3.94
866.28	7.83
866.46	-3.78
866.63	12.40
866.81	6.63
866.99	7.79
867.17	3.73
867.34	13.36
867.52	-2.79
867.70	9.60
867.88	2.40
868.06	9.19
868.23	-8.86
868.41	3.08
868.59	6.53
868.77	14.07
868.95	-7.80
869.12	1.17
869.30	-1.01
869.48	-0.09
869.66	0.46
869.83	1.14
870.01	5.37
870.19	3.53
870.37	3.32
870.55	7.08
870.72	-1.32
870.90	-6.34
871.08	0.42
871.26	5.61
871.43	3.02
871.61	3.97
871.79	8.44
871.97	4.28
872.14	1.85
872.32	3.77
872.50	2.61
872.68	8.82
872.85	5.17
873.03	7.56
873.21	3.53
873.39	8.10
873.56	4.86
873.74	8.44
873.92	0.69
874.10	11.28
874.27	0.73
874.45	1.51
874.63	1.92
874.80	2.44
874.98	-2.75
875.16	2.91
875.34	4.89
875.51	3.60
875.69	-6.03
875.87	6.12
876.05	6.12
876.22	11.69
876.40	1.27
876.58	11.79
876.75	8.31
876.93	9.06
877.11	3.05
877.29	5.37
877.46	5.44
877.64	10.39
877.82	0.69
877.99	0.90
878.17	0.80
878.35	6.33
878.52	8.51
878.70	7.90
878.88	1.24
879.06	4.41
879.23	5.00
879.41	11.31
879.59	5.75
879.76	8.37
879.94	6.80
880.12	8.51
880.29	-1.42
880.47	5.17
880.65	1.99
880.82	13.97
881.00	2.81
881.18	7.42
881.36	6.16
881.53	6.26
881.71	2.84
881.89	8.27
882.06	0.52
882.24	6.80
882.42	-1.39
882.59	11.04
882.77	3.32
882.95	16.33
883.12	-5.42
883.30	3.32
883.48	-6.17
883.65	4.11
883.83	-0.64
884.01	6.94
884.18	-6.71
884.36	3.05
884.54	4.18
884.71	11.89
884.89	1.79
885.06	6.33
885.24	-1.56
885.42	8.37
885.59	1.55
885.77	6.63
885.95	3.97
886.12	8.99
886.30	1.41
886.48	7.42
886.65	2.95
886.83	13.90
887.01	2.98
887.18	9.40
887.36	-0.40
887.53	3.60
887.71	0.11
887.89	13.97
888.06	-2.00
888.24	7.11
888.42	4.59
888.59	6.50
888.77	-6.47
888.94	2.71
889.12	8.24
889.30	3.73
889.47	-3.03
889.65	15.75
889.82	10.29
890.00	10.56
890.18	-0.70
890.35	8.65
890.53	-9.85
890.71	-3.64
890.88	1.07
891.06	13.32
891.23	-1.93
891.41	7.01
891.59	-2.89
891.76	4.48
891.94	3.87
892.11	5.85
892.29	-1.90
892.46	6.09
892.64	4.45
892.82	4.96
892.99	4.07
893.17	0.35
893.34	-6.61
893.52	5.61
893.70	-1.76
893.87	1.62
894.05	4.55
894.22	9.74
894.40	7.04
894.57	6.63
894.75	-6.47
894.93	8.82
895.10	2.91
895.28	15.71
895.45	8.03
895.63	3.70
895.80	6.67
895.98	6.53
896.16	12.71
896.33	0.46
896.51	4.48
896.68	10.39
896.86	3.83
897.03	5.99
897.21	-5.72
897.38	13.19
897.56	-2.48
897.74	12.88
897.91	-1.18
898.09	4.04
898.26	4.89
898.44	8.48
898.61	3.77
898.79	9.23
898.96	-3.57
899.14	2.50
899.31	-5.48
899.49	5.78
899.67	4.76
899.84	13.15
900.02	-6.58
900.19	10.12
900.37	-6.44
900.54	12.23
900.72	6.43
900.89	-3.13
901.07	4.69
901.24	4.14
901.42	4.89
901.59	6.50
901.77	1.85
901.94	5.58
902.12	-1.22
902.29	7.42
902.47	1.38
902.64	7.73
902.82	-2.75
902.99	11.00
903.17	2.16
903.34	4.76
903.52	9.64
903.69	-2.79
903.87	-2.38
904.04	2.26
904.22	9.16
904.39	-2.65
904.57	9.40
904.74	4.93
904.92	2.67
905.09	3.29
905.27	-0.23
905.44	11.89
905.62	-1.73
905.79	3.05
905.97	3.53
906.14	-0.74
906.32	13.90
906.49	-2.72
906.67	2.84
906.84	11.79
907.02	10.52
907.19	0.32
907.37	6.19
907.54	-5.14
907.72	7.08
907.89	8.17
908.06	2.81
908.24	17.28
908.41	7.79
908.59	6.94
908.76	5.27
908.94	6.29
909.11	8.99
909.29	9.88
909.46	5.00
909.64	7.45
909.81	7.56
909.99	2.03
910.16	1.27
910.33	3.36
910.51	-1.18
910.68	18.92
910.86	6.02
911.03	-3.57
911.21	-6.27
911.38	11.69
911.56	5.47
911.73	2.71
911.90	6.74
912.08	6.63
912.25	-2.04
912.43	8.17
912.60	1.72
912.78	11.65
912.95	-0.64
913.12	7.76
913.30	2.91
913.47	2.23
913.65	5.00
913.82	19.98
914.00	6.70
914.17	3.39
914.34	3.02
914.52	10.08
914.69	-0.91
914.87	6.46
915.04	-0.47
915.21	8.24
915.39	6.29
915.56	7.11
915.74	-0.67
915.91	7.96
916.08	-9.37
916.26	4.69
916.43	7.56
916.61	10.12
916.78	1.31
916.95	5.20
917.13	0.52
917.30	6.63
917.48	3.43
917.65	12.27
917.82	12.88
918.00	10.18
918.17	1.07
918.35	11.00
918.52	-0.43
918.69	8.54
918.87	-0.30
919.04	5.44
919.22	6.43
919.39	10.83
919.56	1.48
919.74	13.05
919.91	3.43
920.08	0.93
920.26	-6.78
920.43	8.78
920.61	3.25
920.78	5.34
920.95	-3.64
921.13	6.16
921.30	4.41
921.47	4.76
921.65	-3.20
921.82	4.35
921.99	2.95
922.17	2.98
922.34	5.81
922.51	10.52
922.69	3.25
922.86	11.86
923.04	-0.23
923.21	5.95
923.38	6.39
923.56	0.39
923.73	-2.82
923.90	2.64
924.08	5.03
924.25	14.42
924.42	-0.19
924.60	13.12
924.77	1.65
924.94	8.75
925.12	4.89
925.29	7.32
925.46	-6.47
925.64	2.37
925.81	-1.90
925.98	0.01
926.16	-6.58
926.33	2.20
926.50	2.95
926.68	6.57
926.85	-1.39
927.02	1.34
927.19	5.00
927.37	5.88
927.54	2.54
927.71	14.07
927.89	1.51
928.06	6.39
928.23	4.82
928.41	9.43
928.58	5.27
928.75	0.42
928.93	0.01
929.10	-1.18
929.27	-3.23
929.44	1.68
929.62	2.33
929.79	-7.33
929.96	9.16
930.14	16.53
930.31	2.88
930.48	12.06
930.66	4.96
930.83	10.01
931.00	-2.10
931.17	2.81
931.35	6.26
931.52	-2.82
931.69	-4.08
931.87	4.38
932.04	-5.48
932.21	9.43
932.38	-1.49
932.56	6.05
932.73	-2.65
932.90	7.93
933.07	-5.96
933.25	1.62
933.42	1.07
933.59	7.59
933.77	1.99
933.94	6.94
934.11	8.00
934.28	2.13
934.46	2.95
934.63	10.70
934.80	-3.71
934.97	2.91
935.15	-4.08
935.32	5.10
935.49	-2.58
935.66	5.13
935.84	0.63
936.01	3.39
936.18	-0.02
936.35	3.66
936.53	-4.19
936.70	9.91
936.87	3.02
937.04	12.78
937.22	4.79
937.39	-5.82
937.56	5.20
937.73	10.97
937.91	-0.94
938.08	6.02
938.25	6.36
938.42	8.00
938.59	9.67
938.77	10.59
938.94	3.39
939.11	-0.09
939.28	7.73
939.46	5.44
939.63	-5.72
939.80	13.53
939.97	4.14
940.14	10.49
940.32	0.32
940.49	11.10
940.66	1.55
940.83	9.16
941.00	1.68
941.18	1.45
941.35	-4.90
941.52	5.13
941.69	-1.08
941.87	-3.54
942.04	6.91
942.21	6.77
942.38	1.34
942.55	4.31
942.73	1.82
942.90	2.13
943.07	0.87
943.24	7.11
943.41	0.39
943.58	7.45
943.76	-2.14
943.93	10.66
944.10	3.19
944.27	2.78
944.44	1.82
944.62	0.52
944.79	5.06
944.96	6.16
945.13	-2.82
945.30	1.96
945.47	8.24
945.65	8.72
945.82	0.42
945.99	-3.40
946.16	10.39
946.33	9.09
946.50	-7.36
946.68	3.25
946.85	3.49
947.02	0.42
947.19	-2.04
947.36	6.05
947.53	3.29
947.71	3.94
947.88	5.34
948.05	8.07
948.22	-6.61
948.39	1.68
948.56	4.55
948.74	6.87
948.91	4.01
949.08	12.47
949.25	4.04
949.42	8.75
949.59	6.33
949.76	11.48
949.94	3.05
950.11	0.56
950.28	4.07
950.45	2.30
950.62	5.61
950.79	5.30
950.96	0.39
951.14	14.79
951.31	-0.06
951.48	8.41
951.65	-2.96
951.82	3.08
951.99	-1.35
952.16	2.61
952.33	-2.28
952.51	4.72
952.68	6.50
952.85	8.68
953.02	-1.32
953.19	-0.64
953.36	-7.16
953.53	7.45
953.70	2.67
953.87	8.20
954.05	2.06
954.22	7.45
954.39	5.78
954.56	3.43
954.73	8.00
954.90	9.77
955.07	-6.68
955.24	3.77
955.41	2.23
955.58	6.91
955.76	1.68
955.93	5.00
956.10	2.03
956.27	9.67
956.44	0.49
956.61	-2.04
956.78	1.31
956.95	1.24
957.12	3.19
957.29	7.15
957.46	5.88
957.64	8.92
957.81	3.87
957.98	5.64
958.15	-4.90
958.32	13.94
958.49	3.90
958.66	-2.58
958.83	-2.34
959.00	5.99
959.17	5.85
959.34	7.38
959.51	-1.69
959.68	4.41
959.85	-4.60
960.03	8.75
960.20	-0.91
960.37	6.74
960.54	-0.12
960.71	3.97
960.88	-1.08
961.05	7.66
961.22	-1.83
961.39	7.45
961.56	-3.23
961.73	16.40
961.90	2.64
962.07	7.25
962.24	-1.46
962.41	3.70
962.58	-2.68
962.75	11.24
962.92	6.74
963.09	20.73
963.26	4.76
963.44	12.16
963.61	0.18
963.78	-1.08
963.95	-2.82
964.12	-0.81
964.29	2.64
964.46	3.83
964.63	8.41
964.80	0.08
964.97	-8.52
965.14	11.55
965.31	4.72
965.48	8.10
965.65	-1.56
965.82	-1.83
965.99	4.24
966.16	10.18
966.33	-9.65
966.50	6.26
966.67	1.00
966.84	-1.87
967.01	7.45
967.18	7.90
967.35	9.13
967.52	8.85
967.69	1.07
967.86	10.97
968.03	3.60
968.20	7.56
968.37	4.38
968.54	-1.66
968.71	1.65
968.88	10.56
969.05	-9.68
969.22	6.60
969.39	-2.21
969.56	2.64
969.73	5.61
969.90	6.19
970.07	0.11
970.24	11.65
970.41	3.08
970.58	12.30
970.75	1.21
970.92	6.09
971.09	7.86
971.26	4.45
971.43	6.80
971.60	7.49
971.77	1.68
971.94	8.44
972.11	0.08
972.28	4.07
972.45	-5.55
972.62	-0.84
972.79	-4.43
972.96	8.68
973.12	-3.61
973.29	6.12
973.46	-8.56
973.63	1.14
973.80	1.79
973.97	9.19
974.14	1.41
974.31	14.07
974.48	0.42
974.65	6.67
974.82	-1.32
974.99	3.25
975.16	7.62
975.33	7.93
975.50	4.65
975.67	5.51
975.84	3.25
976.01	7.04
976.18	-8.25
976.35	-0.57
976.51	8.17
976.68	4.82
976.85	5.44
977.02	4.52
977.19	8.27
977.36	-2.96
977.53	9.13
977.70	5.58
977.87	13.53
978.04	7.28
978.21	-0.77
978.38	5.99
978.55	4.96
978.72	11.41
978.88	-0.12
979.05	9.26
979.22	4.11
979.39	7.35
979.56	-7.12
979.73	6.19
979.90	-5.38
980.07	7.28
980.24	13.22
980.41	9.64
980.58	4.86
980.75	6.67
980.91	7.08
981.08	9.33
981.25	3.63
981.42	8.61
981.59	-2.28
981.76	2.81
981.93	9.40
982.10	5.03
982.27	-3.13
982.44	1.45
982.60	2.23
982.77	3.80
982.94	-1.01
983.11	-1.76
983.28	1.10
983.45	6.70
983.62	3.12
983.79	9.81
983.95	6.29
984.12	2.98
984.29	3.97
984.46	-0.50
984.63	3.02
984.80	9.81
984.97	8.54
985.14	6.22
985.30	-0.19
985.47	0.80
985.64	-1.83
985.81	4.86
985.98	3.02
986.15	-0.19
986.32	-5.72
986.49	10.76
986.65	5.10
986.82	10.42
986.99	9.71
987.16	6.80
987.33	-1.49
987.50	8.00
987.67	8.54
987.83	3.46
988.00	0.22
988.17	7.93
988.34	4.14
988.51	-1.46
988.68	-2.82
988.84	3.80
989.01	-5.31
989.18	6.53
989.35	-0.06
989.52	9.40
989.69	1.00
989.86	7.15
990.02	3.56
990.19	7.01
990.36	8.07
990.53	10.15
990.70	3.19
990.87	15.20
991.03	5.92
991.20	1.04
991.37	8.51
991.54	10.25
991.71	1.75
991.87	12.47
992.04	-1.80
992.21	5.75
992.38	4.62
992.55	4.24
992.72	1.92
992.88	-2.99
993.05	4.79
993.22	-0.09
993.39	4.31
993.56	2.54
993.72	-3.13
993.89	15.10
994.06	-4.25
994.23	7.62
994.40	-7.67
994.56	4.04
994.73	10.90
994.90	4.11
995.07	5.37
995.24	2.16
995.40	3.94
995.57	12.71
995.74	-0.30
995.91	4.86
996.08	5.17
996.24	10.63
996.41	4.86
996.58	6.02
996.75	1.99
996.92	12.13
997.08	-3.16
997.25	12.20
997.42	4.28
997.59	5.13
997.75	-1.39
997.92	12.68
998.09	-1.35
998.26	5.40
998.43	1.04
998.59	9.40
998.76	1.65
998.93	1.65
999.10	7.01
999.26	12.74
999.43	4.82
999.60	1.89
999.77	6.67
999.93	-1.56
1000.10	1.82
1000.27	5.78
1000.44	7.38
1000.60	4.69
1000.77	5.34
1000.94	7.11
1001.11	-0.02
1001.28	4.55
1001.44	-1.25
1001.61	10.01
1001.78	-0.33
1001.95	9.40
1002.11	0.56
1002.28	9.06
1002.45	-0.02
1002.61	4.52
1002.78	-3.44
1002.95	17.52
1003.12	3.39
1003.28	5.61
1003.45	-2.48
1003.62	3.15
1003.79	9.47
1003.95	8.61
1004.12	-3.26
1004.29	10.97
1004.46	1.45
1004.62	1.00
1004.79	4.59
1004.96	4.89
1005.12	5.75
1005.29	10.80
1005.46	-3.98
1005.63	8.44
1005.79	3.05
1005.96	12.81
1006.13	5.13
1006.29	10.35
1006.46	-1.76
1006.63	-0.67
1006.80	-1.83
1006.96	6.74
1007.13	-1.29
1007.30	11.62
1007.46	2.64
1007.63	2.88
1007.80	4.18
1007.97	8.10
1008.13	-1.66
1008.30	17.18
1008.47	4.07
1008.63	3.94
1008.80	2.57
1008.97	2.98
1009.13	6.63
1009.30	9.50
1009.47	3.49
1009.64	7.38
1009.80	0.46
1009.97	4.11
1010.14	4.93
1010.30	0.35
1010.47	1.00
1010.64	8.75
1010.80	-1.35
1010.97	-4.77
1011.14	-1.49
1011.30	12.13
1011.47	9.43
1011.64	1.45
1011.80	-3.95
1011.97	4.07
1012.14	0.97
1012.30	-4.32
1012.47	4.79
1012.64	8.89
1012.80	2.33
1012.97	13.39
1013.14	5.47
1013.30	10.35
1013.47	10.83
1013.64	8.34
1013.80	3.12
1013.97	3.22
1014.14	8.41
1014.30	7.96
1014.47	6.84
1014.64	-0.94
1014.80	4.89
1014.97	-4.90
1015.14	-3.23
1015.30	3.97
1015.47	12.37
1015.64	10.66
1015.80	-3.71
1015.97	1.00
1016.13	2.78
1016.30	10.05
1016.47	1.55
1016.63	6.60
1016.80	-1.66
1016.97	9.91
1017.13	0.69
1017.30	3.94
1017.47	-1.18
1017.63	4.72
1017.80	4.79
1017.96	13.84
1018.13	2.20
1018.30	3.66
1018.46	6.19
1018.63	5.00
1018.80	1.89
1018.96	8.31
1019.13	2.47
1019.29	7.79
1019.46	0.73
1019.63	6.60
1019.79	-0.43
1019.96	8.78
1020.13	15.30
1020.29	8.61
1020.46	-0.23
1020.62	7.73
1020.79	2.06
1020.96	5.92
1021.12	5.37
1021.29	1.85
1021.45	7.56
1021.62	5.40
1021.79	-5.24
1021.95	4.79
1022.12	-1.29
1022.28	2.20
1022.45	1.58
1022.62	3.08
1022.78	5.34
1022.95	9.94
1023.11	1.79
1023.28	11.34
1023.45	6.46
1023.61	2.30
1023.78	5.71
1023.94	13.53
1024.11	-6.23
1024.27	7.49
1024.44	-4.19
1024.61	7.45
1024.77	-1.18
1024.94	8.78
1025.10	-1.93
1025.27	8.92
1025.43	1.34
1025.60	2.78
1025.77	-2.62
1025.93	5.88
1026.10	-2.45
1026.26	-2.92
1026.43	1.55
1026.59	1.92
1026.76	12.68
1026.93	8.48
1027.09	4.89
1027.26	8.27
1027.42	4.38
1027.59	7.38
1027.75	2.09
1027.92	7.79
1028.08	4.45
1028.25	3.73
1028.42	3.80
1028.58	7.66
1028.75	12.27
1028.91	8.95
1029.08	5.27
1029.24	3.15
1029.41	0.73
1029.57	-2.48
1029.74	2.57
1029.91	13.26
1030.07	0.90
1030.24	2.67
1030.40	0.22
1030.57	11.96
1030.73	-2.96
1030.90	11.17
1031.06	5.61
1031.23	11.17
1031.39	6.43
1031.56	-3.06
1031.72	4.31
1031.89	-1.35
1032.05	-0.33
1032.22	11.48
1032.38	-3.78
1032.55	1.58
1032.72	-2.41
1032.88	7.76
1033.05	4.89
1033.21	7.90
1033.38	-3.64
1033.54	8.34
1033.71	-0.40
1033.87	16.22
1034.04	3.15
1034.20	2.06
1034.37	3.39
1034.53	6.09
1034.70	5.17
1034.86	5.20
1035.03	0.80
1035.19	6.33
1035.36	2.84
1035.52	2.98
1035.69	0.11
1035.85	11.92
1036.02	0.63
1036.18	12.95
1036.35	-0.57
1036.51	1.68
1036.68	3.25
1036.84	8.65
1037.01	4.14
1037.17	0.46
1037.34	-3.37
1037.50	9.16
1037.67	4.59
