337.57	7.33
337.79	7.33
338.02	7.33
338.24	-5.46
338.47	1.81
338.69	-5.70
338.92	1.02
339.14	-7.38
339.36	4.91
339.59	-1.57
339.81	9.49
340.04	-0.69
340.26	0.82
340.49	-2.50
340.71	-1.06
340.93	-2.91
341.16	4.77
341.38	-7.24
341.61	5.87
341.83	-0.75
342.05	-6.01
342.28	-0.41
342.50	1.81
342.73	6.79
342.95	9.28
343.17	5.94
343.40	0.95
343.62	2.01
343.85	5.01
344.07	-12.91
344.29	3.89
344.52	5.32
344.74	-1.95
344.97	-0.14
345.19	-0.52
345.41	-3.04
345.64	4.81
345.86	-11.64
346.08	6.93
346.31	4.81
346.53	1.63
346.76	-4.85
346.98	-1.37
347.20	5.80
347.43	4.02
347.65	-2.73
347.87	6.72
348.10	-7.27
348.32	8.12
348.54	0.30
348.77	4.19
348.99	4.02
349.21	4.09
349.44	-3.18
349.66	-0.55
349.88	0.41
350.11	8.67
350.33	-0.99
350.55	7.16
350.78	-2.43
351.00	11.94
351.22	7.06
351.45	8.70
351.67	1.50
351.89	15.32
352.12	-2.73
352.34	1.81
352.56	5.32
352.79	13.17
353.01	3.41
353.23	5.59
353.45	5.97
353.68	4.60
353.90	-2.19
354.12	11.40
354.35	-3.79
354.57	4.54
354.79	10.17
355.01	6.21
355.24	-3.52
355.46	5.05
355.68	-0.24
355.91	5.80
356.13	0.37
356.35	7.68
356.57	-2.29
356.80	4.50
357.02	3.20
357.24	2.32
357.46	0.41
357.69	5.94
357.91	-2.15
358.13	17.81
358.35	-7.14
358.58	4.64
358.80	-1.37
359.02	10.54
359.24	5.22
359.47	6.04
359.69	-1.44
359.91	2.32
360.13	-2.22
360.36	6.96
360.58	6.04
360.80	2.04
361.02	-1.68
361.25	5.83
361.47	2.86
361.69	-5.12
361.91	-1.98
362.13	9.72
362.36	-0.75
362.58	4.88
362.80	-2.02
363.02	10.13
363.25	1.26
363.47	7.81
363.69	8.09
363.91	8.05
364.13	1.09
364.36	9.38
364.58	6.55
364.80	5.63
365.02	-0.48
365.24	2.32
365.47	3.75
365.69	5.70
365.91	-2.56
366.13	3.75
366.35	0.27
366.57	4.37
366.80	6.24
367.02	14.06
367.24	-1.95
367.46	1.16
367.68	-0.69
367.90	11.40
368.13	5.90
368.35	4.77
368.57	0.47
368.79	-0.86
369.01	7.61
369.23	13.34
369.46	-2.26
369.68	7.54
369.90	-2.19
370.12	1.77
370.34	1.16
370.56	-5.77
370.78	-3.18
371.01	8.67
371.23	-3.08
371.45	7.57
371.67	4.84
371.89	8.56
372.11	0.71
372.33	1.91
372.56	-3.35
372.78	14.81
373.00	6.24
373.22	7.81
373.44	2.90
373.66	5.32
373.88	12.49
374.10	2.90
374.32	-2.22
374.55	3.07
374.77	-2.39
374.99	3.07
375.21	2.39
375.43	1.81
375.65	1.02
375.87	5.94
376.09	5.87
376.31	12.35
376.53	-4.82
376.75	2.80
376.98	2.69
377.20	3.48
377.42	4.02
377.64	6.72
377.86	4.16
378.08	6.41
378.30	6.82
378.52	4.74
378.74	7.33
378.96	15.46
379.18	1.63
379.40	13.75
379.62	5.49
379.84	4.91
380.07	1.29
380.29	10.44
380.51	0.75
380.73	7.74
380.95	-1.13
381.17	2.76
381.39	-4.71
381.61	8.26
381.83	0.58
382.05	10.03
382.27	5.66
382.49	2.04
382.71	3.85
382.93	11.87
383.15	-3.14
383.37	6.65
383.59	-8.54
383.81	12.35
384.03	7.92
384.25	1.98
384.47	1.05
384.69	2.80
384.91	2.59
385.13	11.09
385.35	-1.98
385.57	7.13
385.79	12.42
386.01	-1.40
386.23	2.49
386.45	14.98
386.67	-0.69
386.89	3.44
387.11	-2.32
387.33	-0.00
387.55	7.92
387.77	-4.51
387.99	4.47
388.21	9.72
388.43	7.33
388.65	8.02
388.87	0.64
389.09	2.32
389.31	5.87
389.53	10.37
389.75	8.09
389.97	8.94
390.19	11.77
390.41	0.99
390.63	0.24
390.85	3.68
391.07	-1.61
391.29	3.72
391.51	1.57
391.72	7.13
391.94	-6.39
392.16	12.45
392.38	3.85
392.60	3.85
392.82	2.73
393.04	4.19
393.26	-3.59
393.48	1.43
393.70	10.58
393.92	0.54
394.14	8.15
394.36	-0.52
394.58	-7.27
394.80	5.39
395.01	-0.58
395.23	1.23
395.45	-4.99
395.67	8.94
395.89	0.13
396.11	8.32
396.33	4.50
396.55	5.56
396.77	-0.65
396.99	14.74
397.21	1.94
397.42	-4.48
397.64	4.02
397.86	6.52
398.08	4.06
398.30	-0.45
398.52	7.61
398.74	11.09
398.96	-0.55
399.17	10.00
399.39	-1.40
399.61	3.24
399.83	3.65
400.05	8.32
400.27	10.37
400.49	4.67
400.71	9.04
400.92	13.89
401.14	-2.60
401.36	13.24
401.58	-1.54
401.80	11.77
402.02	-5.26
402.24	4.02
402.45	5.01
402.67	10.51
402.89	2.56
403.11	2.21
403.33	1.12
403.55	16.00
403.76	3.31
403.98	10.27
404.20	-1.16
404.42	11.29
404.64	1.81
404.86	-0.62
405.07	9.55
405.29	0.95
405.51	5.90
405.73	6.41
405.95	3.99
406.17	9.76
406.38	-1.74
406.60	8.84
406.82	0.78
407.04	-1.23
407.26	10.17
407.47	6.14
407.69	10.51
407.91	9.01
408.13	-6.39
408.35	1.33
408.56	0.51
408.78	10.20
409.00	-1.54
409.22	9.62
409.44	-0.07
409.65	4.43
409.87	1.70
410.09	6.41
410.31	-1.71
410.52	13.31
410.74	-7.68
410.96	4.67
411.18	4.98
411.40	11.91
411.61	5.87
411.83	9.86
412.05	-5.23
412.27	13.65
412.48	6.04
412.70	8.70
412.92	2.80
413.14	8.32
413.35	3.34
413.57	8.26
413.79	2.80
414.01	2.35
414.22	-1.44
414.44	5.42
414.66	-6.52
414.87	5.05
415.09	1.60
415.31	3.07
415.53	-5.50
415.74	12.83
415.96	11.16
416.18	1.67
416.40	3.34
416.61	5.01
416.83	-1.64
417.05	4.54
417.26	0.71
417.48	8.29
417.70	8.19
417.92	-3.04
418.13	-5.98
418.35	-1.16
418.57	4.67
418.78	9.79
419.00	0.54
419.22	7.20
419.43	-1.57
419.65	12.11
419.87	9.72
420.09	9.96
420.30	7.40
420.52	8.67
420.74	0.82
420.95	5.18
421.17	5.87
421.39	7.61
421.60	-6.18
421.82	0.47
422.04	7.47
422.25	16.86
422.47	-1.37
422.69	7.13
422.90	-5.09
423.12	10.65
423.34	9.69
423.55	3.92
423.77	-5.40
423.99	5.25
424.20	9.55
424.42	6.79
424.64	3.20
424.85	14.33
425.07	-2.80
425.28	5.49
425.50	1.81
425.72	13.62
425.93	5.32
426.15	6.14
426.37	5.05
426.58	4.06
426.80	-0.14
427.01	1.94
427.23	14.98
427.45	3.27
427.66	5.59
427.88	0.64
428.10	-5.26
428.31	5.73
428.53	3.99
428.74	12.22
428.96	-0.52
429.18	5.73
429.39	4.13
429.61	-2.15
429.82	1.19
430.04	6.11
430.26	9.38
430.47	8.05
430.69	1.87
430.90	11.06
431.12	-2.53
431.34	9.38
431.55	1.43
431.77	2.86
431.98	-1.23
432.20	3.58
432.41	8.39
432.63	-0.41
432.85	1.63
433.06	-0.62
433.28	3.10
433.49	8.29
433.71	4.09
433.92	4.02
434.14	4.23
434.35	4.02
434.57	-1.57
434.79	11.46
435.00	1.60
435.22	7.51
435.43	5.25
435.65	11.60
435.86	2.86
436.08	16.48
436.29	-2.53
436.51	11.57
436.72	5.94
436.94	2.69
437.16	7.78
437.37	6.75
437.59	8.90
437.80	4.74
438.02	0.99
438.23	7.03
438.45	9.69
438.66	12.49
438.88	-1.78
439.09	8.19
439.31	-8.64
439.52	8.50
439.74	-1.20
439.95	6.69
440.17	8.70
440.38	0.10
440.60	-0.04
440.81	4.60
441.03	10.03
441.24	0.51
441.46	0.85
441.67	11.87
441.89	7.64
442.10	9.01
442.32	7.47
442.53	10.51
442.75	0.47
442.96	-0.35
443.18	2.45
443.39	15.29
443.61	4.37
443.82	1.46
444.04	-0.86
444.25	7.85
444.46	-1.64
444.68	4.77
444.89	-0.45
445.11	1.33
445.32	-2.39
445.54	-0.79
445.75	4.91
445.97	11.19
446.18	3.03
446.40	8.02
446.61	-0.04
446.82	4.19
447.04	5.15
447.25	3.96
447.47	5.22
447.68	6.72
447.90	1.74
448.11	8.70
448.32	-0.48
448.54	11.16
448.75	3.92
448.97	6.79
449.18	14.16
449.40	1.77
449.61	12.08
449.82	-1.27
450.04	4.16
450.25	10.99
450.47	-1.85
450.68	7.16
450.89	-3.59
451.11	10.10
451.32	2.18
451.54	2.56
451.75	8.29
451.96	1.63
452.18	6.86
452.39	8.84
452.61	-2.67
452.82	5.59
453.03	1.46
453.25	10.20
453.46	5.70
453.68	9.79
453.89	8.50
454.10	2.56
454.32	4.16
454.53	-2.80
454.74	0.34
454.96	-1.33
455.17	0.20
455.39	-0.17
455.60	1.19
455.81	7.30
456.03	3.75
456.24	12.08
456.45	1.50
456.67	5.42
456.88	6.17
457.09	1.60
457.31	-0.00
457.52	11.16
457.73	2.08
457.95	7.64
458.16	11.23
458.37	12.52
458.59	1.91
458.80	3.99
459.01	-2.43
459.23	-1.23
459.44	3.75
459.65	4.60
459.87	-2.87
460.08	7.27
460.29	-0.38
460.51	11.23
460.72	7.57
460.93	-0.96
461.15	1.53
461.36	4.77
461.57	-3.93
461.79	0.47
462.00	-0.52
462.21	14.50
462.42	5.56
462.64	3.99
462.85	-2.87
463.06	7.54
463.28	5.46
463.49	7.33
463.70	1.53
463.92	14.06
464.13	6.34
464.34	10.85
464.55	0.64
464.77	6.69
464.98	6.17
465.19	5.53
465.40	0.34
465.62	15.29
465.83	6.00
466.04	4.57
466.26	0.64
466.47	10.61
466.68	-2.50
466.89	9.62
467.11	6.79
467.32	9.72
467.53	-4.61
467.74	6.48
467.96	5.22
468.17	7.71
468.38	3.51
468.59	4.43
468.81	4.54
469.02	6.07
469.23	7.44
469.44	1.67
469.66	5.08
469.87	-2.12
470.08	1.81
470.29	8.53
470.50	9.66
470.72	13.24
470.93	1.46
471.14	5.90
471.35	-1.88
471.57	14.67
471.78	4.71
471.99	6.52
472.20	0.92
472.41	5.18
472.63	0.54
472.84	5.08
473.05	4.60
473.26	0.30
473.47	5.83
473.69	13.96
473.90	11.84
474.11	9.31
474.32	-0.45
474.53	9.04
474.75	-4.03
474.96	13.10
475.17	4.23
475.38	1.67
475.59	6.79
475.80	10.65
476.02	9.69
476.23	6.31
476.44	6.55
476.65	2.59
476.86	3.17
477.08	9.66
477.29	2.49
477.50	5.73
477.71	2.32
477.92	3.51
478.13	6.58
478.34	1.98
478.56	6.89
478.77	14.43
478.98	-3.11
479.19	11.09
479.40	-1.81
479.61	7.06
479.83	12.18
480.04	10.07
480.25	5.73
480.46	6.04
480.67	-3.08
480.88	11.50
481.09	0.44
481.30	11.87
481.52	4.50
481.73	15.42
481.94	1.19
482.15	-2.70
482.36	1.43
482.57	-0.14
482.78	-2.05
482.99	9.08
483.21	3.03
483.42	2.39
483.63	3.31
483.84	4.98
484.05	2.59
484.26	9.76
484.47	5.73
484.68	17.13
484.89	-1.40
485.10	11.23
485.32	-3.89
485.53	8.15
485.74	-0.89
485.95	2.01
486.16	4.98
486.37	10.48
486.58	2.21
486.79	3.75
487.00	7.51
487.21	8.22
487.42	1.36
487.63	9.79
487.85	-0.11
488.06	6.24
488.27	3.10
488.48	6.38
488.69	9.49
488.90	8.22
489.11	5.42
489.32	2.90
489.53	4.71
489.74	10.68
489.95	-1.98
490.16	7.27
490.37	-2.39
490.58	3.27
490.79	1.43
491.00	6.00
491.21	1.50
491.42	10.13
491.63	-0.93
491.84	-1.30
492.06	4.47
492.27	6.07
492.48	6.31
492.69	-0.04
492.90	6.55
493.11	6.17
493.32	-0.89
493.53	0.24
493.74	1.67
493.95	6.96
494.16	-0.38
494.37	6.89
494.58	7.37
494.79	7.30
495.00	0.99
495.21	16.76
495.42	-1.95
495.63	12.05
495.84	-5.16
496.05	7.23
496.26	2.83
496.47	12.63
496.68	-2.63
496.89	12.76
497.10	3.89
497.31	5.59
497.52	10.13
497.73	5.22
497.94	-0.58
498.15	11.06
498.36	5.18
498.57	14.26
498.78	7.61
498.98	1.57
499.19	13.21
499.40	11.06
499.61	0.44
499.82	3.99
500.03	0.64
500.24	3.14
500.45	3.48
500.66	8.70
500.87	7.47
501.08	6.89
501.29	4.95
501.50	8.70
501.71	4.67
501.92	3.99
502.13	3.51
502.34	15.46
502.55	8.60
502.76	8.50
502.97	6.00
503.17	-1.74
503.38	6.31
503.59	12.22
503.80	-4.85
504.01	12.66
504.22	-2.29
504.43	11.77
504.64	-2.73
504.85	8.12
505.06	4.02
505.27	2.32
505.48	0.20
505.68	6.11
505.89	-0.04
506.10	3.61
506.31	-2.80
506.52	9.59
506.73	-2.50
506.94	2.69
507.15	11.33
507.36	7.64
507.57	-2.77
507.77	14.95
507.98	3.65
508.19	-2.26
508.40	5.94
508.61	4.54
508.82	-8.54
509.03	14.67
509.24	-2.53
509.45	6.31
509.65	2.49
509.86	3.34
510.07	-0.96
510.28	6.41
510.49	7.57
510.70	1.60
510.91	8.60
511.11	7.71
511.32	1.70
511.53	5.80
511.74	15.59
511.95	5.97
512.16	-0.11
512.37	12.32
512.57	-3.89
512.78	8.36
512.99	-1.30
513.20	13.75
513.41	4.43
513.62	2.97
513.82	9.49
514.03	6.48
514.24	12.08
514.45	1.02
514.66	0.44
514.87	8.80
515.07	-4.75
515.28	4.74
515.49	-0.04
515.70	8.56
515.91	2.42
516.11	5.76
516.32	4.64
516.53	5.36
516.74	1.43
516.95	8.36
517.16	5.94
517.36	-0.52
517.57	-0.17
517.78	9.79
517.99	-1.57
518.20	-1.13
518.40	9.89
518.61	2.42
518.82	5.66
519.03	10.03
519.23	0.99
519.44	10.07
519.65	1.87
519.86	1.91
520.07	-5.57
520.27	5.87
520.48	3.03
520.69	20.92
520.90	14.81
521.10	7.10
521.31	10.68
521.52	6.75
521.73	8.36
521.94	2.21
522.14	4.43
522.35	9.96
522.56	2.39
522.77	17.30
522.97	4.37
523.18	3.03
523.39	6.11
523.60	20.75
523.80	-8.50
524.01	3.85
524.22	12.97
524.43	13.65
524.63	10.44
524.84	8.77
525.05	4.67
525.25	8.32
525.46	6.11
525.67	14.88
525.88	-0.48
526.08	9.52
526.29	-1.47
526.50	4.81
526.71	1.29
526.91	9.76
527.12	4.13
527.33	4.84
527.53	1.43
527.74	9.04
527.95	-3.18
528.16	0.68
528.36	-4.85
528.57	6.45
528.78	-4.99
528.98	9.83
529.19	5.42
529.40	14.64
529.60	0.34
529.81	17.30
530.02	12.86
530.22	3.38
530.43	5.42
530.64	12.11
530.85	6.14
531.05	3.48
531.26	6.75
531.47	8.84
531.67	3.31
531.88	8.22
532.09	5.22
532.29	9.96
532.50	9.62
532.71	17.37
532.91	3.99
533.12	12.32
533.33	-6.08
533.53	9.11
533.74	4.30
533.95	4.91
534.15	6.48
534.36	7.95
534.56	-3.59
534.77	7.81
534.98	3.58
535.18	6.14
535.39	-2.94
535.60	4.33
535.80	9.89
536.01	12.18
536.22	-0.07
536.42	-3.18
536.63	7.95
536.83	9.83
537.04	9.04
537.25	10.54
537.45	0.37
537.66	2.35
537.87	10.58
538.07	3.55
538.28	10.48
538.48	5.18
538.69	6.04
538.90	20.13
539.10	10.37
539.31	6.28
539.51	9.35
539.72	9.66
539.93	11.57
540.13	8.73
540.34	5.08
540.54	8.94
540.75	3.31
540.96	1.67
541.16	11.74
541.37	15.87
541.57	3.17
541.78	14.23
541.99	3.92
542.19	12.52
542.40	1.81
542.60	4.91
542.81	7.13
543.01	15.53
543.22	9.21
543.43	14.81
543.63	10.30
543.84	8.67
544.04	9.01
544.25	14.98
544.45	-3.08
544.66	9.52
544.87	3.82
545.07	10.65
545.28	6.65
545.48	9.66
545.69	9.66
545.89	15.53
546.10	0.58
546.30	15.56
546.51	14.91
546.71	10.17
546.92	8.53
547.13	15.63
547.33	13.04
547.54	15.08
547.74	10.27
547.95	9.18
548.15	2.97
548.36	16.18
548.56	5.53
548.77	15.08
548.97	13.99
549.18	11.50
549.38	18.09
549.59	17.88
549.79	17.68
550.00	31.47
550.20	60.48
550.41	98.74
550.61	281.42
550.82	467.68
551.02	1172.19
551.23	1638.99
551.43	3058.60
551.64	3754.61
551.84	5454.73
552.05	6418.74
552.25	8373.18
552.46	9557.49
552.66	11674.72
552.87	13128.40
553.07	15418.98
553.28	17162.11
553.48	19881.20
553.69	21993.27
553.89	24553.57
554.10	26751.04
554.30	29484.84
554.51	31901.75
554.71	34658.97
554.92	37340.17
555.12	40254.56
555.32	42588.09
555.53	45686.12
555.73	47593.80
555.94	50246.94
556.14	52818.54
556.35	54496.62
556.55	56539.02
556.76	58489.47
556.96	60537.24
557.17	61440.70
557.37	61617.40
557.57	63187.51
557.78	63340.67
557.98	63928.91
558.19	63808.76
558.39	64071.65
558.60	63653.53
558.80	63895.60
559.00	63547.68
559.21	63723.64
559.41	62068.23
559.62	61653.69
559.82	59962.23
560.03	58245.90
560.23	56482.33
560.43	54597.61
560.64	52688.77
560.84	50070.99
561.05	47533.66
561.25	45259.29
561.45	42436.23
561.66	39723.11
561.86	37300.71
562.07	34516.05
562.27	31776.52
562.47	29353.40
562.68	26594.92
562.88	24510.63
563.09	21594.84
563.29	19748.66
563.49	17080.64
563.70	15293.17
563.90	13012.11
564.11	11571.33
564.31	9452.43
564.51	8280.24
564.72	6374.37
564.92	5412.06
565.12	3754.81
565.33	3063.52
565.53	1694.42
565.74	1210.35
565.94	466.11
566.14	300.33
566.35	117.31
566.55	81.95
566.75	46.28
566.96	32.87
567.16	27.17
567.36	27.13
567.57	23.82
567.77	16.86
567.98	16.99
568.18	19.83
568.38	15.08
568.59	12.73
568.79	15.94
568.99	12.80
569.20	19.52
569.40	18.53
569.60	17.03
569.81	8.02
570.01	10.78
570.21	11.84
570.42	19.55
570.62	11.33
570.82	19.73
571.03	13.89
571.23	5.87
571.43	11.12
571.63	14.78
571.84	15.46
572.04	14.64
572.24	12.90
572.45	21.09
572.65	14.95
572.85	13.99
573.06	15.46
573.26	16.65
573.46	9.66
573.67	14.95
573.87	6.62
574.07	10.85
574.27	-3.86
574.48	12.59
574.68	13.24
574.88	12.45
575.09	5.80
575.29	19.59
575.49	8.19
575.69	5.18
575.90	11.50
576.10	13.07
576.30	3.58
576.51	11.67
576.71	6.24
576.91	7.81
577.11	8.22
577.32	20.00
577.52	9.45
577.72	14.37
577.92	7.74
578.13	12.97
578.33	7.64
578.53	14.88
578.73	8.32
578.94	5.29
579.14	10.00
579.34	1.67
579.54	7.13
579.75	2.52
579.95	4.91
580.15	11.84
580.35	7.57
580.56	18.63
580.76	13.85
580.96	11.36
581.16	1.74
581.37	9.59
581.57	5.08
581.77	7.92
581.97	9.01
582.17	12.32
582.38	7.44
582.58	12.63
582.78	12.01
582.98	15.56
583.19	5.46
583.39	7.37
583.59	14.74
583.79	4.47
583.99	0.88
584.20	8.15
584.40	8.43
584.60	8.63
584.80	10.44
585.00	10.78
585.21	6.72
585.41	9.28
585.61	4.77
585.81	11.64
586.01	2.52
586.22	5.36
586.42	3.96
586.62	11.12
586.82	9.04
587.02	17.10
587.22	4.71
587.43	10.99
587.63	3.75
587.83	7.68
588.03	5.53
588.23	9.76
588.43	5.32
588.64	11.23
588.84	3.99
589.04	7.47
589.24	5.29
589.44	7.95
589.64	15.15
589.85	12.22
590.05	-7.10
590.25	9.72
590.45	8.87
590.65	12.63
590.85	1.70
591.05	0.51
591.26	1.43
591.46	11.02
591.66	0.06
591.86	5.39
592.06	7.61
592.26	5.05
592.46	-0.24
592.67	12.45
592.87	8.80
593.07	3.92
593.27	3.17
593.47	16.21
593.67	3.89
593.87	10.37
594.07	0.51
594.28	-5.26
594.48	7.20
594.68	13.79
594.88	4.33
595.08	5.63
595.28	0.37
595.48	3.82
595.68	4.43
595.88	4.67
596.08	8.29
596.29	10.99
596.49	3.92
596.69	-0.69
596.89	2.32
597.09	15.63
597.29	4.16
597.49	0.30
597.69	0.75
597.89	4.84
598.09	10.82
598.29	10.27
598.50	5.73
598.70	4.77
598.90	9.76
599.10	9.66
599.30	12.05
599.50	8.39
599.70	1.50
599.90	3.17
600.10	8.94
600.30	14.74
600.50	0.24
600.70	3.99
600.90	1.91
601.10	13.31
601.30	12.35
601.50	14.61
601.71	2.04
601.91	11.84
602.11	1.23
602.31	6.89
602.51	10.10
602.71	10.13
602.91	6.34
603.11	3.17
603.31	0.95
603.51	10.68
603.71	9.72
603.91	9.42
604.11	-2.73
604.31	3.58
604.51	9.72
604.71	4.40
604.91	2.04
605.11	3.79
605.31	7.98
605.51	10.17
605.71	2.08
605.91	10.99
606.11	6.58
606.31	16.62
606.51	-1.16
606.71	6.99
606.91	-4.82
607.11	4.77
607.31	7.20
607.51	5.49
607.71	-0.48
607.91	10.10
608.11	-3.76
608.31	1.50
608.51	6.86
608.71	12.76
608.91	6.00
609.11	7.20
609.31	7.44
609.51	3.85
609.71	12.52
609.91	5.63
610.11	-0.58
610.31	5.18
610.51	4.23
610.71	9.14
610.91	3.79
611.11	5.63
611.31	1.16
611.51	9.49
611.71	-4.65
611.91	4.71
612.11	5.39
612.31	9.93
612.51	-1.51
612.71	5.25
612.90	3.75
613.10	7.03
613.30	0.82
613.50	10.71
613.70	1.46
613.90	15.22
614.10	3.44
614.30	14.67
614.50	1.57
614.70	4.74
614.90	5.29
615.10	1.57
615.30	5.70
615.50	19.21
615.70	-3.25
615.90	6.75
616.09	4.54
616.29	1.87
616.49	8.43
616.69	3.75
616.89	3.79
617.09	6.14
617.29	-2.02
617.49	8.97
617.69	-5.26
617.89	7.85
618.09	9.83
618.28	15.56
618.48	0.71
618.68	3.82
618.88	2.28
619.08	7.33
619.28	-4.20
619.48	6.28
619.68	3.58
619.88	8.87
620.08	-7.31
620.27	9.18
620.47	3.55
620.67	15.77
620.87	1.12
621.07	12.39
621.27	1.50
621.47	8.39
621.67	2.66
621.86	5.53
622.06	4.64
622.26	6.04
622.46	4.16
622.66	6.75
622.86	9.55
623.06	8.09
623.25	4.02
623.45	12.63
623.65	-1.95
623.85	14.23
624.05	-3.86
624.25	0.64
624.45	5.39
624.64	14.02
624.84	2.08
625.04	8.67
625.24	5.87
625.44	7.13
625.64	9.28
625.83	7.64
626.03	13.92
626.23	11.91
626.43	2.49
626.63	4.95
626.83	-3.11
627.02	15.39
627.22	4.84
627.42	2.97
627.62	10.20
627.82	8.80
628.02	-3.25
628.21	9.25
628.41	4.74
628.61	11.57
628.81	6.04
629.01	7.03
629.20	2.80
629.40	10.65
629.60	8.67
629.80	12.97
630.00	1.67
630.19	7.27
630.39	5.97
630.59	5.94
630.79	-1.30
630.99	3.85
631.18	4.26
631.38	3.27
631.58	3.61
631.78	6.28
631.98	0.34
632.17	10.34
632.37	1.67
632.57	7.81
632.77	-0.72
632.96	4.06
633.16	-2.02
633.36	3.20
633.56	9.96
633.76	8.09
633.95	1.50
634.15	9.08
634.35	0.68
634.55	11.64
634.74	4.67
634.94	16.48
635.14	-8.20
635.34	10.13
635.53	8.32
635.73	6.55
635.93	3.00
636.13	2.25
636.32	-1.71
636.52	-0.75
636.72	6.93
636.92	7.16
637.11	-7.75
637.31	16.89
637.51	7.27
637.70	6.72
637.90	14.30
638.10	1.43
638.30	-3.45
638.49	4.02
638.69	1.67
638.89	5.80
639.09	1.43
639.28	6.17
639.48	5.36
639.68	14.78
639.87	4.77
640.07	11.94
640.27	-3.45
640.47	6.11
640.66	4.57
640.86	10.75
641.06	1.50
641.25	-2.73
641.45	-1.64
641.65	3.92
641.84	1.02
642.04	4.30
642.24	-1.10
642.44	7.74
642.63	1.53
642.83	9.08
643.03	3.14
643.22	3.82
643.42	6.45
643.62	5.59
643.81	7.06
644.01	8.56
644.21	0.34
644.40	3.48
644.60	1.46
644.80	7.40
644.99	-4.13
645.19	19.04
645.39	5.53
645.58	6.96
645.78	4.88
645.98	4.26
646.17	8.73
646.37	3.48
646.57	-0.35
646.76	11.84
646.96	5.01
647.16	4.06
647.35	1.81
647.55	2.11
647.75	5.53
647.94	6.72
648.14	3.17
648.33	9.52
648.53	-2.53
648.73	4.30
648.92	-4.10
649.12	8.26
649.32	5.53
649.51	0.20
649.71	7.74
649.90	11.57
650.10	8.67
650.30	11.16
650.49	-3.42
650.69	10.54
650.89	1.57
651.08	2.86
651.28	4.60
651.47	4.23
651.67	3.31
651.87	0.44
652.06	4.98
652.26	7.20
652.45	4.02
652.65	10.54
652.85	-0.69
653.04	5.01
653.24	-3.01
653.43	9.21
653.63	10.24
653.83	0.82
654.02	-1.23
654.22	8.09
654.41	10.20
654.61	6.58
654.81	9.28
655.00	14.84
655.20	-0.21
655.39	8.77
655.59	-0.75
655.78	5.56
655.98	-0.04
656.18	9.01
656.37	-0.99
656.57	11.87
656.76	0.54
656.96	7.54
657.15	-2.60
657.35	7.47
657.55	-0.11
657.74	11.60
657.94	-2.43
658.13	1.84
658.33	2.69
658.52	-1.74
658.72	3.14
658.91	7.23
659.11	7.81
659.30	15.66
659.50	6.45
659.70	17.92
659.89	0.13
660.09	10.37
660.28	3.14
660.48	7.51
660.67	7.23
660.87	6.96
661.06	-0.79
661.26	0.61
661.45	-3.04
661.65	5.53
661.84	1.94
662.04	2.83
662.23	-1.16
662.43	3.14
662.62	-1.16
662.82	3.72
663.01	3.48
663.21	7.27
663.41	-1.78
663.60	1.12
663.80	3.89
663.99	1.53
664.19	2.32
664.38	2.93
664.58	-1.57
664.77	-0.21
664.97	-3.89
665.16	6.93
665.35	11.77
665.55	7.71
665.74	2.66
665.94	1.19
666.13	1.81
666.33	17.06
666.52	4.67
666.72	7.78
666.91	11.77
667.11	8.67
667.30	-1.16
667.50	7.85
667.69	0.27
667.89	11.64
668.08	5.97
668.28	13.14
668.47	1.09
668.67	8.80
668.86	8.09
669.05	3.03
669.25	-3.45
669.44	-0.79
669.64	0.20
669.83	8.39
670.03	7.92
670.22	11.33
670.42	-6.08
670.61	11.26
670.81	7.51
671.00	-0.62
671.19	-1.16
671.39	9.66
671.58	3.65
671.78	4.67
671.97	1.57
672.17	-0.35
672.36	-2.97
672.55	0.13
672.75	1.43
672.94	14.61
673.14	4.64
673.33	-0.17
673.53	-4.34
673.72	13.92
673.91	11.70
674.11	7.57
674.30	-1.47
674.50	-2.05
674.69	8.60
674.88	11.33
675.08	0.27
675.27	5.46
675.47	-1.23
675.66	17.51
675.85	-1.88
676.05	5.42
676.24	8.50
676.44	10.78
676.63	4.40
676.82	4.67
677.02	1.74
677.21	6.62
677.41	1.02
677.60	8.90
677.79	8.77
677.99	1.19
678.18	7.71
678.37	14.98
678.57	3.44
678.76	7.95
678.96	-1.57
679.15	-1.16
679.34	7.54
679.54	15.36
679.73	4.47
679.92	8.67
680.12	-2.46
680.31	13.51
680.51	6.72
680.70	8.02
680.89	3.51
681.09	13.21
681.28	2.01
681.47	7.23
681.67	1.05
681.86	8.94
682.05	9.69
682.25	11.43
682.44	-2.43
682.63	1.98
682.83	-0.89
683.02	5.94
683.21	1.05
683.41	4.64
683.60	-5.74
683.79	8.26
683.99	4.43
684.18	10.10
684.37	7.74
684.57	9.35
684.76	0.03
684.95	11.98
685.15	-0.79
685.34	16.48
685.53	-1.71
685.73	5.70
685.92	4.02
686.11	13.68
686.31	0.06
686.50	13.89
686.69	0.10
686.88	6.69
687.08	-0.04
687.27	9.89
687.46	3.96
687.66	15.80
687.85	4.16
688.04	6.11
688.24	6.58
688.43	16.65
688.62	-2.39
688.81	-1.23
689.01	8.02
689.20	8.87
689.39	-3.89
689.59	5.29
689.78	4.47
689.97	0.71
690.16	-8.26
690.36	3.58
690.55	2.32
690.74	10.03
690.93	-0.35
691.13	7.51
691.32	8.56
691.51	11.16
691.70	10.82
691.90	2.32
692.09	7.78
692.28	13.07
692.48	1.67
692.67	9.69
692.86	1.43
693.05	4.37
693.25	2.42
693.44	8.63
693.63	-6.25
693.82	9.89
694.01	-1.74
694.21	10.71
694.40	8.46
694.59	4.60
694.78	3.68
694.98	1.84
695.17	10.00
695.36	7.78
695.55	5.05
695.75	10.10
695.94	5.46
696.13	12.18
696.32	3.51
696.51	5.05
696.71	-0.99
696.90	7.16
697.09	-9.56
697.28	5.22
697.48	-6.25
697.67	2.21
697.86	-3.31
698.05	9.55
698.24	2.32
698.44	5.87
698.63	1.74
698.82	9.45
699.01	-0.41
699.20	8.73
699.40	-5.19
699.59	3.27
699.78	-2.02
699.97	0.71
700.16	6.72
700.36	3.24
700.55	9.72
700.74	7.23
700.93	4.74
701.12	10.00
701.31	2.59
701.51	1.98
701.70	5.36
701.89	10.92
702.08	3.31
702.27	0.47
702.46	-3.55
702.66	7.20
702.85	3.14
703.04	4.81
703.23	4.54
703.42	-1.13
703.61	2.73
703.81	10.82
704.00	3.41
704.19	10.65
704.38	4.54
704.57	3.75
704.76	-4.85
704.96	7.03
705.15	-2.46
705.34	5.46
705.53	-2.15
705.72	0.82
705.91	9.69
706.10	-5.40
706.30	3.72
706.49	7.23
706.68	5.87
706.87	1.91
707.06	-0.31
707.25	5.73
707.44	-1.44
707.63	10.78
707.83	0.64
708.02	6.89
708.21	6.52
708.40	11.50
708.59	2.04
708.78	7.44
708.97	4.26
709.16	3.17
709.35	4.16
709.55	20.75
709.74	2.56
709.93	14.47
710.12	5.63
710.31	2.90
710.50	3.92
710.69	9.31
710.88	-3.55
711.07	12.69
711.26	3.58
711.46	10.37
711.65	3.75
711.84	7.92
712.03	-0.62
712.22	9.55
712.41	2.83
712.60	8.46
712.79	8.53
712.98	6.48
713.17	-2.80
713.36	5.56
713.55	1.98
713.75	10.61
713.94	2.62
714.13	1.53
714.32	5.36
714.51	10.20
714.70	10.78
714.89	13.68
715.08	10.13
715.27	13.41
715.46	10.48
715.65	6.89
715.84	3.34
716.03	13.07
716.22	8.97
716.41	11.94
716.60	0.92
716.79	13.38
716.99	8.77
717.18	6.55
717.37	8.53
717.56	3.48
717.75	-1.37
717.94	5.25
718.13	0.44
718.32	11.02
718.51	9.14
718.70	7.95
718.89	-0.21
719.08	3.89
719.27	10.30
719.46	9.04
719.65	4.33
719.84	10.51
720.03	1.19
720.22	10.58
720.41	5.49
720.60	6.31
720.79	5.97
720.98	6.17
721.17	-4.20
721.36	5.94
721.55	2.15
721.74	3.07
721.93	1.50
722.12	13.04
722.31	-7.82
722.50	0.30
722.69	12.42
722.88	12.45
723.07	-3.42
723.26	10.99
723.45	8.39
723.64	-1.37
723.83	-0.31
724.02	15.29
724.21	0.44
724.40	11.19
724.59	2.25
724.78	11.77
724.97	7.54
725.16	3.38
725.35	3.68
725.54	11.87
725.73	-2.02
725.92	7.95
726.11	-2.19
726.30	8.70
726.49	-1.10
726.68	-0.58
726.87	3.99
727.06	3.55
727.25	4.06
727.43	4.02
727.62	5.05
727.81	10.51
728.00	7.27
728.19	3.20
728.38	6.48
728.57	6.45
728.76	-4.48
728.95	9.69
729.14	0.64
729.33	3.75
729.52	-3.89
729.71	7.68
729.90	1.67
730.09	8.67
730.28	7.68
730.47	12.11
730.65	-1.95
730.84	0.37
731.03	-6.01
731.22	2.76
731.41	-1.47
731.60	8.05
731.79	-0.55
731.98	5.15
732.17	4.23
732.36	8.15
732.55	-2.39
732.74	12.93
732.92	2.21
733.11	5.42
733.30	1.77
733.49	12.66
733.68	10.20
733.87	-0.17
734.06	-4.51
734.25	11.02
734.44	9.42
734.63	5.90
734.81	2.83
735.00	6.72
735.19	-4.41
735.38	2.11
735.57	-0.58
735.76	8.29
735.95	3.92
736.14	13.14
736.33	4.47
736.51	6.62
736.70	-1.10
736.89	2.42
737.08	6.48
737.27	9.01
737.46	-1.68
737.65	8.56
737.83	0.78
738.02	3.07
738.21	-8.30
738.40	2.32
738.59	0.85
738.78	17.30
738.97	4.06
739.16	6.48
739.34	5.39
739.53	12.05
739.72	4.26
739.91	3.31
740.10	0.54
740.29	8.32
740.47	2.83
740.66	7.47
740.85	0.37
741.04	2.01
741.23	4.19
741.42	10.82
741.60	2.69
741.79	8.15
741.98	4.60
742.17	7.47
742.36	-2.60
742.55	12.69
742.73	0.10
742.92	13.48
743.11	6.41
743.30	4.47
743.49	4.02
743.68	18.02
743.86	1.70
744.05	16.65
744.24	3.65
744.43	5.53
744.62	11.57
744.80	8.67
744.99	-6.42
745.18	3.07
745.37	0.51
745.56	9.79
745.74	-3.42
745.93	11.46
746.12	0.71
746.31	7.03
746.50	-1.78
746.68	7.44
746.87	6.79
747.06	10.48
747.25	4.88
747.44	10.68
747.62	-0.82
747.81	5.70
748.00	1.87
748.19	5.12
748.37	4.64
748.56	5.63
748.75	7.68
748.94	11.91
749.13	-4.58
749.31	2.49
749.50	-1.20
749.69	8.97
749.88	-4.48
750.06	11.16
750.25	7.57
750.44	1.12
750.63	5.25
750.81	20.58
751.00	1.50
751.19	2.42
751.38	-1.51
751.56	-2.09
751.75	12.08
751.94	3.17
752.13	7.30
752.31	7.40
752.50	-3.11
752.69	9.38
752.88	1.40
753.06	11.23
753.25	0.51
753.44	7.64
753.63	3.68
753.81	12.18
754.00	2.90
754.19	11.16
754.37	6.38
754.56	4.26
754.75	18.43
754.94	-4.00
755.12	-1.68
755.31	4.06
755.50	9.11
755.69	11.84
755.87	1.60
756.06	11.77
756.25	-0.24
756.43	10.51
756.62	1.67
756.81	3.20
756.99	8.84
757.18	2.97
757.37	6.72
757.56	3.41
757.74	-1.95
757.93	13.31
758.12	3.55
758.30	1.67
758.49	0.06
758.68	12.45
758.86	1.12
759.05	15.42
759.24	4.67
759.42	6.07
759.61	4.40
759.80	7.40
759.99	0.82
760.17	-1.13
760.36	6.52
760.55	4.16
760.73	-0.62
760.92	10.82
761.11	2.90
761.29	3.65
761.48	-0.04
761.67	11.02
761.85	6.07
762.04	4.81
762.23	10.44
762.41	0.06
762.60	1.57
762.79	7.92
762.97	-0.72
763.16	10.68
763.34	-5.81
763.53	4.71
763.72	10.58
763.90	11.53
764.09	1.77
764.28	12.80
764.46	2.59
764.65	8.63
764.84	5.56
765.02	8.43
765.21	3.85
765.40	-4.68
765.58	3.75
765.77	2.59
765.95	2.04
766.14	5.73
766.33	7.88
766.51	1.33
766.70	2.80
766.89	2.08
767.07	-4.75
767.26	8.36
767.44	-4.03
767.63	5.01
767.82	-4.75
768.00	4.50
768.19	4.16
768.37	9.93
768.56	-2.09
768.75	5.56
768.93	-2.60
769.12	4.84
769.30	4.60
769.49	2.76
769.68	9.31
769.86	10.13
770.05	3.24
770.23	7.64
770.42	-1.54
770.61	7.78
770.79	2.90
770.98	6.99
771.16	8.70
771.35	5.90
771.54	-1.03
771.72	1.77
771.91	-1.10
772.09	6.17
772.28	3.51
772.46	7.88
772.65	1.43
772.84	-0.17
773.02	-2.19
773.21	12.42
773.39	3.82
773.58	7.61
773.76	3.96
773.95	8.50
774.13	7.64
774.32	5.36
774.51	0.30
774.69	6.11
774.88	-10.89
775.06	8.02
775.25	13.04
775.43	3.44
775.62	3.75
775.80	-2.70
775.99	7.37
776.18	6.14
776.36	4.33
776.55	9.08
776.73	6.17
776.92	3.92
777.10	0.99
777.29	4.77
777.47	-3.49
777.66	10.75
777.84	0.27
778.03	11.06
778.21	3.00
778.40	10.20
778.58	3.34
778.77	-0.82
778.95	11.43
779.14	5.12
779.33	2.73
779.51	11.19
779.70	3.55
779.88	6.48
780.07	6.96
780.25	10.48
780.44	2.83
780.62	2.25
780.81	4.19
780.99	16.18
781.18	-0.48
781.36	7.88
781.55	4.88
781.73	0.95
781.92	6.48
782.10	2.59
782.29	0.71
782.47	6.52
782.66	2.93
782.84	8.56
783.03	6.58
783.21	7.13
783.39	-3.89
783.58	9.49
783.76	2.52
783.95	12.35
784.13	9.49
784.32	14.33
784.50	2.80
784.69	11.36
784.87	3.03
785.06	6.79
785.24	3.27
785.43	13.75
785.61	1.60
785.80	1.63
785.98	3.51
786.17	8.94
786.35	-0.17
786.53	6.79
786.72	4.37
786.90	4.19
787.09	5.97
787.27	0.03
787.46	3.92
787.64	4.74
787.83	2.35
788.01	3.92
788.19	4.50
788.38	12.22
788.56	8.77
788.75	16.82
788.93	0.10
789.12	5.36
789.30	3.85
789.49	5.83
789.67	-3.04
789.85	5.15
790.04	1.23
790.22	10.99
790.41	7.30
790.59	4.81
790.77	1.70
790.96	5.53
791.14	-7.24
791.33	5.22
791.51	-7.55
791.70	6.86
791.88	-0.89
792.06	11.36
792.25	2.28
792.43	1.43
792.62	6.34
792.80	8.73
792.98	8.19
793.17	13.89
793.35	6.58
793.54	11.43
793.72	2.32
793.90	6.58
794.09	3.55
794.27	6.72
794.46	9.14
794.64	6.48
794.82	-0.86
795.01	7.16
795.19	6.00
795.37	5.12
795.56	-7.41
795.74	0.71
795.93	7.51
796.11	9.62
796.29	-1.30
796.48	7.61
796.66	0.24
796.84	8.84
797.03	1.19
797.21	8.29
797.40	8.29
797.58	4.37
797.76	-0.17
797.95	12.86
798.13	-0.04
798.31	7.33
798.50	6.69
798.68	0.34
798.86	-1.03
799.05	11.98
799.23	5.94
799.42	7.54
799.60	-7.07
799.78	7.78
799.97	0.27
800.15	11.46
800.33	-1.71
800.52	3.20
800.70	8.70
800.88	18.15
801.07	0.78
801.25	17.23
801.43	2.80
801.62	7.51
801.80	-1.33
801.98	11.81
802.17	4.23
802.35	6.58
802.53	1.81
802.72	8.70
802.90	-3.08
803.08	5.90
803.26	9.04
803.45	10.82
803.63	-0.69
803.81	12.05
804.00	6.14
804.18	10.95
804.36	4.50
804.55	2.93
804.73	0.10
804.91	11.36
805.10	-1.54
805.28	6.75
805.46	-8.13
805.64	11.16
805.83	2.15
806.01	5.46
806.19	-0.55
806.38	4.06
806.56	2.62
806.74	2.32
806.92	5.15
807.11	3.48
807.29	-0.07
807.47	8.73
807.66	7.27
807.84	12.15
808.02	3.44
808.20	4.16
808.39	1.67
808.57	-0.24
808.75	5.42
808.94	1.33
809.12	5.42
809.30	9.38
809.48	-7.27
809.67	8.02
809.85	3.03
810.03	13.41
810.21	7.71
810.40	17.81
810.58	4.84
810.76	6.93
810.94	4.23
811.13	8.73
811.31	6.79
811.49	12.11
811.67	0.75
811.86	11.53
812.04	9.14
812.22	6.75
812.40	3.31
812.59	9.72
812.77	2.39
812.95	11.29
813.13	0.44
813.32	7.92
813.50	4.40
813.68	12.28
813.86	2.52
814.04	15.63
814.23	2.15
814.41	7.57
814.59	9.96
814.77	14.71
814.96	6.75
815.14	13.72
815.32	11.94
815.50	4.98
815.68	-0.55
815.87	5.87
816.05	0.54
816.23	12.22
816.41	5.08
816.59	0.06
816.78	2.21
816.96	7.74
817.14	4.30
817.32	15.08
817.50	4.88
817.69	12.42
817.87	-0.89
818.05	5.90
818.23	-1.44
818.41	7.23
818.60	2.76
818.78	5.46
818.96	0.82
819.14	11.84
819.32	9.04
819.51	2.73
819.69	9.86
819.87	14.23
820.05	12.22
820.23	4.30
820.41	-6.05
820.60	-0.45
820.78	2.25
820.96	3.00
821.14	4.19
821.32	11.81
821.50	8.09
821.69	5.15
821.87	5.70
822.05	14.61
822.23	3.55
822.41	7.64
822.59	6.07
822.78	6.14
822.96	4.30
823.14	20.44
823.32	-1.30
823.50	11.09
823.68	0.61
823.86	7.98
824.05	3.41
824.23	3.00
824.41	6.52
824.59	4.09
824.77	6.82
824.95	3.65
825.13	-0.75
825.32	13.58
825.50	-1.44
825.68	4.88
825.86	8.09
826.04	2.73
826.22	5.80
826.40	12.15
826.58	9.52
826.77	10.95
826.95	-0.11
827.13	11.19
827.31	3.65
827.49	16.55
827.67	-5.26
827.85	2.83
828.03	-0.41
828.22	14.91
828.40	5.05
828.58	8.90
828.76	5.46
828.94	6.93
829.12	-3.42
829.30	7.61
829.48	3.34
829.66	9.55
829.84	4.84
830.03	5.46
830.21	-2.60
830.39	8.94
830.57	1.05
830.75	6.96
830.93	7.27
831.11	9.66
831.29	6.38
831.47	4.47
831.65	12.59
831.83	8.12
832.02	0.68
832.20	8.39
832.38	3.24
832.56	13.68
832.74	7.10
832.92	7.10
833.10	6.52
833.28	7.68
833.46	4.13
833.64	14.95
833.82	8.77
834.00	12.83
834.18	7.54
834.36	7.95
834.54	1.43
834.73	13.55
834.91	8.15
835.09	14.84
835.27	-3.04
835.45	5.15
835.63	6.07
835.81	8.02
835.99	6.14
836.17	9.72
836.35	6.45
836.53	11.26
836.71	0.44
836.89	3.07
837.07	6.75
837.25	5.90
837.43	-3.14
837.61	5.49
837.79	3.85
837.97	6.86
838.15	-0.00
838.33	13.38
838.51	3.38
838.69	3.44
838.87	4.60
839.05	6.55
839.23	0.85
839.41	9.89
839.59	-3.11
839.78	-0.96
839.96	7.10
840.14	8.43
840.32	1.77
840.50	6.62
840.68	11.84
840.86	3.14
841.04	6.45
841.22	9.28
841.40	2.56
841.58	9.55
841.76	8.36
841.94	4.02
842.12	9.76
842.30	11.09
842.48	0.75
842.66	8.67
842.84	1.29
843.02	0.64
843.20	0.51
843.38	6.11
843.55	2.90
843.73	5.36
843.91	7.74
844.09	4.23
844.27	6.31
844.45	2.35
844.63	8.80
844.81	5.63
844.99	2.93
845.17	9.59
845.35	8.50
845.53	14.81
845.71	3.10
845.89	3.92
846.07	1.63
846.25	2.93
846.43	2.04
846.61	12.01
846.79	1.57
846.97	3.10
847.15	-2.84
847.33	13.38
847.51	3.82
847.69	5.25
847.87	6.48
848.05	12.80
848.23	-6.63
848.41	8.12
848.58	4.64
848.76	0.54
848.94	5.94
849.12	4.60
849.30	-1.78
849.48	4.37
849.66	5.08
849.84	6.04
850.02	5.36
850.20	3.03
850.38	-5.19
850.56	10.78
850.74	5.53
850.92	11.16
851.10	5.12
851.27	3.34
851.45	2.39
851.63	13.00
851.81	2.18
851.99	9.83
852.17	3.00
852.35	6.07
852.53	15.25
852.71	17.30
852.89	4.02
853.07	6.96
853.24	8.22
853.42	9.35
853.60	3.34
853.78	7.68
853.96	-5.57
854.14	7.54
854.32	11.29
854.50	5.70
854.68	1.33
854.86	7.81
855.03	7.16
855.21	10.95
855.39	4.02
855.57	10.61
855.75	0.75
855.93	6.45
856.11	-1.68
856.29	16.79
856.47	-2.26
856.64	14.64
856.82	-4.65
857.00	9.66
857.18	-1.71
857.36	1.77
857.54	0.68
857.72	10.44
857.90	10.30
858.07	-2.94
858.25	1.67
858.43	2.11
858.61	3.68
858.79	5.42
858.97	2.80
859.15	8.43
859.32	7.61
859.50	13.99
859.68	8.67
859.86	13.48
860.04	5.08
860.22	2.69
860.40	-0.79
860.57	1.26
860.75	1.50
860.93	10.20
861.11	6.41
861.29	13.27
861.47	-1.20
861.64	10.58
861.82	-2.19
862.00	7.54
862.18	2.45
862.36	9.96
862.54	-1.51
862.71	3.72
862.89	8.53
863.07	7.92
863.25	2.15
863.43	7.54
863.61	-2.09
863.78	8.39
863.96	7.20
864.14	4.67
864.32	-3.89
864.50	7.44
864.67	3.31
864.85	5.32
865.03	6.07
865.21	15.42
865.39	5.59
865.57	0.17
865.74	6.99
865.92	4.54
866.10	-3.55
866.28	1.26
866.46	2.86
866.63	9.38
866.81	5.87
866.99	2.01
867.17	2.52
867.34	6.21
867.52	-2.32
867.70	11.70
867.88	7.71
868.06	4.09
868.23	5.49
868.41	18.29
868.59	0.10
868.77	9.62
868.95	-7.31
869.12	8.15
869.30	2.97
869.48	5.63
869.66	10.30
869.83	13.27
870.01	-1.57
870.19	-1.51
870.37	-5.94
870.55	8.32
870.72	4.47
870.90	14.02
871.08	-1.81
871.26	5.87
871.43	0.03
871.61	9.62
871.79	2.18
871.97	5.36
872.14	6.52
872.32	7.44
872.50	1.74
872.68	11.12
872.85	2.62
873.03	1.74
873.21	0.85
873.39	10.44
873.56	1.84
873.74	5.42
873.92	1.12
874.10	4.98
874.27	0.71
874.45	6.04
874.63	5.90
874.80	16.04
874.98	1.50
875.16	-0.31
875.34	3.51
875.51	2.18
875.69	5.59
875.87	9.83
876.05	4.13
876.22	8.09
876.40	6.55
876.58	1.74
876.75	2.69
876.93	12.56
877.11	4.40
877.29	8.73
877.46	5.66
877.64	1.50
877.82	4.37
877.99	5.83
878.17	3.03
878.35	9.52
878.52	4.19
878.70	0.37
878.88	7.95
879.06	7.10
879.23	3.24
879.41	4.98
879.59	-2.91
879.76	4.50
879.94	3.96
880.12	13.75
880.29	0.27
880.47	7.98
880.65	6.96
880.82	5.94
881.00	0.54
881.18	2.39
881.36	2.45
881.53	10.34
881.71	-0.62
881.89	11.33
882.06	-1.44
882.24	13.44
882.42	3.24
882.59	7.06
882.77	0.03
882.95	-2.80
883.12	-6.76
883.30	-0.79
883.48	1.60
883.65	8.56
883.83	4.37
884.01	12.73
884.18	3.55
884.36	11.70
884.54	3.99
884.71	5.01
884.89	3.96
885.06	10.65
885.24	-5.91
885.42	6.96
885.59	-2.53
885.77	6.89
885.95	2.69
886.12	11.36
886.30	3.00
886.48	2.93
886.65	-8.54
886.83	14.88
887.01	1.91
887.18	8.56
887.36	8.70
887.53	8.73
887.71	-1.33
887.89	10.65
888.06	1.12
888.24	13.75
888.42	-0.75
888.59	9.25
888.77	6.38
888.94	9.38
889.12	-4.00
889.30	11.50
889.47	0.17
889.65	9.52
889.82	1.94
890.00	10.99
890.18	3.48
890.35	17.54
890.53	0.75
890.71	15.08
890.88	8.02
891.06	9.62
891.23	6.34
891.41	4.02
891.59	6.55
891.76	6.55
891.94	9.42
892.11	9.62
892.29	5.59
892.46	10.58
892.64	-0.89
892.82	4.02
892.99	4.67
893.17	16.99
893.34	-1.71
893.52	3.24
893.70	6.11
893.87	-0.69
894.05	1.94
894.22	4.91
894.40	4.43
894.57	8.97
894.75	1.05
894.93	4.95
895.10	5.15
895.28	14.20
895.45	-0.52
895.63	9.35
895.80	-0.04
895.98	9.93
896.16	5.29
896.33	-5.33
896.51	-0.04
896.68	-1.03
896.86	-1.44
897.03	7.51
897.21	3.03
897.38	12.25
897.56	2.11
897.74	8.94
897.91	1.87
898.09	1.33
898.26	12.11
898.44	2.08
898.61	9.14
898.79	5.90
898.96	4.88
899.14	13.04
899.31	-2.26
899.49	3.24
899.67	5.18
899.84	2.39
900.02	9.96
900.19	7.78
900.37	9.08
900.54	7.37
900.72	1.33
900.89	14.88
901.07	3.58
901.24	2.25
901.42	-2.19
901.59	11.70
901.77	2.66
901.94	15.01
902.12	2.59
902.29	9.04
902.47	-4.68
902.64	1.12
902.82	7.54
902.99	5.83
903.17	6.93
903.34	8.12
903.52	10.03
903.69	8.90
903.87	-8.06
904.04	15.94
904.22	6.00
904.39	6.41
904.57	1.02
904.74	0.47
904.92	9.01
905.09	5.42
905.27	7.13
905.44	2.73
905.62	4.60
905.79	9.69
905.97	7.57
906.14	6.52
906.32	0.17
906.49	12.35
906.67	-0.79
906.84	12.59
907.02	-9.77
907.19	0.99
907.37	-1.37
907.54	10.88
907.72	3.85
907.89	7.71
908.06	-2.05
908.24	4.43
908.41	5.97
908.59	8.90
908.76	3.92
908.94	2.93
909.11	6.52
909.29	2.45
909.46	6.14
909.64	8.29
909.81	-0.52
909.99	8.97
910.16	-6.39
910.33	11.94
910.51	2.56
910.68	6.48
910.86	3.17
911.03	3.79
911.21	2.32
911.38	5.08
911.56	-0.99
911.73	8.26
911.90	1.77
912.08	12.80
912.25	-3.38
912.43	6.75
912.60	-0.31
912.78	4.54
912.95	-8.54
913.12	13.65
913.30	-1.85
913.47	3.38
913.65	4.91
913.82	1.60
914.00	-0.24
914.17	5.83
914.34	0.41
914.52	6.69
914.69	-0.96
914.87	-0.24
915.04	-4.34
915.21	7.95
915.39	-4.61
915.56	12.05
915.74	-9.12
915.91	4.74
916.08	0.44
916.26	5.05
916.43	3.17
916.61	4.64
916.78	-5.57
916.95	0.92
917.13	0.10
917.30	8.05
917.48	4.74
917.65	-1.98
917.82	7.88
918.00	5.90
918.17	-7.65
918.35	5.39
918.52	2.73
918.69	6.55
918.87	0.10
919.04	5.12
919.22	7.33
919.39	2.97
919.56	7.27
919.74	4.91
919.91	-7.65
920.08	10.71
920.26	-4.34
920.43	9.14
920.61	1.23
920.78	1.94
920.95	4.60
921.13	8.50
921.30	-0.00
921.47	8.94
921.65	3.31
921.82	1.33
921.99	10.30
922.17	0.10
922.34	0.47
922.51	8.39
922.69	6.89
922.86	9.31
923.04	-2.19
923.21	5.63
923.38	-2.15
923.56	9.45
923.73	-0.17
923.90	5.42
924.08	-1.33
924.25	2.52
924.42	-4.10
924.60	1.91
924.77	10.07
924.94	1.87
925.12	7.03
925.29	11.81
925.46	6.38
925.64	4.40
925.81	6.62
925.98	5.29
926.16	12.56
926.33	4.54
926.50	-6.22
926.68	9.01
926.85	9.38
927.02	7.44
927.19	6.11
927.37	4.19
927.54	5.49
927.71	14.67
927.89	3.17
928.06	10.58
928.23	8.12
928.41	7.68
928.58	-0.00
928.75	5.70
928.93	-4.27
929.10	3.79
929.27	1.46
929.44	15.83
929.62	1.53
929.79	12.73
929.96	13.62
930.14	9.89
930.31	-6.25
930.48	2.69
930.66	0.58
930.83	9.72
931.00	5.39
931.17	11.64
931.35	-0.75
931.52	3.44
931.69	4.57
931.87	4.57
932.04	8.94
932.21	3.96
932.38	11.84
932.56	3.07
932.73	-0.14
932.90	9.42
933.07	4.47
933.25	3.89
933.42	6.99
933.59	9.45
933.77	6.21
933.94	8.77
934.11	1.84
934.28	5.49
934.46	2.69
934.63	5.32
934.80	1.36
934.97	10.27
935.15	8.90
935.32	9.59
935.49	-1.68
935.66	13.04
935.84	4.37
936.01	4.57
936.18	3.55
936.35	3.61
936.53	-1.27
936.70	6.55
936.87	-3.76
937.04	12.93
937.22	0.61
937.39	7.68
937.56	12.52
937.73	5.87
937.91	1.81
938.08	-2.39
938.25	0.20
938.42	6.45
938.59	8.43
938.77	7.85
938.94	5.08
939.11	7.37
939.28	9.21
939.46	1.84
939.63	8.60
939.80	8.80
939.97	-0.86
940.14	17.57
940.32	-2.87
940.49	10.27
940.66	9.76
940.83	2.76
941.00	-1.03
941.18	6.34
941.35	0.44
941.52	8.05
941.69	0.20
941.87	-0.31
942.04	8.15
942.21	1.81
942.38	1.87
942.55	5.70
942.73	4.16
942.90	9.66
943.07	7.51
943.24	20.41
943.41	-2.02
943.58	6.17
943.76	0.41
943.93	12.32
944.10	0.99
944.27	16.00
944.44	4.91
944.62	2.90
944.79	2.28
944.96	5.94
945.13	1.29
945.30	10.03
945.47	-1.16
945.65	12.69
945.82	-0.17
945.99	12.56
946.16	4.74
946.33	8.29
946.50	7.81
946.68	6.34
946.85	8.87
947.02	-0.96
947.19	4.47
947.36	12.76
947.53	7.74
947.71	11.36
947.88	4.54
948.05	8.26
948.22	7.47
948.39	9.72
948.56	2.59
948.74	11.09
948.91	0.99
949.08	14.23
949.25	4.13
949.42	11.43
949.59	1.57
949.76	5.29
949.94	7.85
950.11	6.72
950.28	1.67
950.45	3.85
950.62	-8.57
950.79	1.91
950.96	7.33
951.14	5.53
951.31	10.17
951.48	10.17
951.65	0.27
951.82	5.80
951.99	2.66
952.16	13.62
952.33	4.88
952.51	4.43
952.68	1.57
952.85	13.85
953.02	-5.33
953.19	12.90
953.36	4.71
953.53	14.91
953.70	3.82
953.87	7.54
954.05	1.77
954.22	3.82
954.39	3.75
954.56	4.50
954.73	-6.22
954.90	8.50
955.07	7.68
955.24	13.24
955.41	-1.68
955.58	7.78
955.76	-4.41
955.93	6.38
956.10	3.17
956.27	8.90
956.44	-1.64
956.61	7.27
956.78	0.85
956.95	11.26
957.12	4.19
957.29	9.01
957.46	11.91
957.64	-3.21
957.81	3.75
957.98	8.67
958.15	1.16
958.32	1.63
958.49	9.55
958.66	10.20
958.83	5.18
959.00	8.32
959.17	3.82
959.34	12.01
959.51	6.69
959.68	6.79
959.85	3.20
960.03	8.56
960.20	4.09
960.37	4.19
960.54	10.71
960.71	12.18
960.88	8.09
961.05	11.09
961.22	3.31
961.39	6.89
961.56	1.23
961.73	11.91
961.90	3.38
962.07	10.71
962.24	-8.33
962.41	10.07
962.58	6.65
962.75	6.72
962.92	2.69
963.09	7.23
963.26	1.77
963.44	1.91
963.61	-5.64
963.78	11.74
963.95	-3.01
964.12	12.80
964.29	0.95
964.46	17.44
964.63	2.73
964.80	10.71
964.97	3.31
965.14	15.01
965.31	3.89
965.48	11.57
965.65	-0.55
965.82	7.68
965.99	7.81
966.16	4.47
966.33	8.50
966.50	0.44
966.67	-2.12
966.84	1.91
967.01	1.26
967.18	-1.85
967.35	9.59
967.52	11.09
967.69	10.17
967.86	8.39
968.03	3.00
968.20	19.83
968.37	4.98
968.54	7.51
968.71	3.24
968.88	4.91
969.05	1.19
969.22	6.31
969.39	9.76
969.56	0.58
969.73	4.54
969.90	0.37
970.07	-1.10
970.24	11.19
970.41	5.66
970.58	6.62
970.75	5.97
970.92	10.92
971.09	1.84
971.26	1.36
971.43	-1.13
971.60	5.46
971.77	8.97
971.94	2.49
972.11	11.33
972.28	2.01
972.45	-1.64
972.62	-0.00
972.79	-1.81
972.96	8.84
973.12	4.23
973.29	10.48
973.46	1.60
973.63	9.66
973.80	9.66
973.97	15.66
974.14	2.04
974.31	5.01
974.48	-6.52
974.65	3.07
974.82	-0.38
974.99	-3.52
975.16	-4.71
975.33	12.18
975.50	5.83
975.67	10.20
975.84	9.25
976.01	2.49
976.18	2.83
976.35	6.34
976.51	5.39
976.68	14.98
976.85	4.81
977.02	0.17
977.19	9.28
977.36	3.82
977.53	3.17
977.70	6.41
977.87	1.29
978.04	9.49
978.21	-2.19
978.38	7.61
978.55	0.17
978.72	14.88
978.88	8.36
979.05	9.25
979.22	3.61
979.39	3.48
979.56	6.89
979.73	11.77
979.90	3.51
980.07	6.00
980.24	0.78
980.41	9.04
980.58	0.68
980.75	8.90
980.91	3.55
981.08	4.95
981.25	-2.39
981.42	7.98
981.59	-2.12
981.76	8.63
981.93	7.40
982.10	5.29
982.27	2.76
982.44	-0.99
982.60	2.08
982.77	1.19
982.94	-0.28
983.11	5.70
983.28	-1.78
983.45	18.19
983.62	1.50
983.79	8.12
983.95	-1.06
984.12	4.47
984.29	4.57
984.46	13.62
984.63	0.34
984.80	4.13
984.97	2.69
985.14	4.98
985.30	1.91
985.47	2.04
985.64	-2.63
985.81	8.97
985.98	1.16
986.15	8.12
986.32	-2.32
986.49	3.75
986.65	9.01
986.82	3.92
986.99	-2.73
987.16	7.30
987.33	-2.43
987.50	11.26
987.67	4.16
987.83	4.16
988.00	3.14
988.17	4.26
988.34	1.91
988.51	12.56
988.68	1.63
988.84	9.42
989.01	0.95
989.18	8.67
989.35	-1.16
989.52	7.30
989.69	-1.54
989.86	7.16
990.02	1.02
990.19	2.56
990.36	-10.76
990.53	6.65
990.70	-1.37
990.87	2.39
991.03	2.28
991.20	4.40
991.37	4.95
991.54	11.70
991.71	5.56
991.87	6.21
992.04	-3.62
992.21	6.24
992.38	5.15
992.55	7.88
992.72	0.58
992.88	7.13
993.05	-0.48
993.22	9.59
993.39	6.62
993.56	9.28
993.72	0.61
993.89	8.36
994.06	7.03
994.23	4.64
994.40	6.58
994.56	-0.07
994.73	0.24
994.90	6.93
995.07	1.74
995.24	7.61
995.40	1.46
995.57	15.83
995.74	2.93
995.91	12.35
996.08	-1.03
996.24	12.25
996.41	-4.54
996.58	10.78
996.75	2.97
996.92	2.56
997.08	-6.56
997.25	11.16
997.42	7.54
997.59	3.44
997.75	3.20
997.92	4.09
998.09	6.14
998.26	5.66
998.43	6.99
998.59	1.09
998.76	5.73
998.93	4.43
999.10	3.96
999.26	-4.54
999.43	-1.54
999.60	5.83
999.77	5.76
999.93	5.49
1000.10	-3.14
1000.27	10.58
1000.44	-7.65
1000.60	2.97
1000.77	4.30
1000.94	6.48
1001.11	0.30
1001.28	7.20
1001.44	1.67
1001.61	9.08
1001.78	3.17
1001.95	13.62
1002.11	5.15
1002.28	1.50
1002.45	11.91
1002.61	6.69
1002.78	2.15
1002.95	6.31
1003.12	-0.75
1003.28	3.27
1003.45	0.20
1003.62	9.72
1003.79	9.08
1003.95	3.41
1004.12	1.91
1004.29	16.35
1004.46	2.69
1004.62	9.35
1004.79	-4.07
1004.96	2.80
1005.12	-8.91
1005.29	1.70
1005.46	-2.12
1005.63	13.92
1005.79	4.13
1005.96	7.71
1006.13	-0.45
1006.29	13.65
1006.46	5.36
1006.63	8.43
1006.80	4.64
1006.96	9.04
1007.13	3.58
1007.30	3.58
1007.46	5.01
1007.63	5.90
1007.80	-0.24
1007.97	16.24
1008.13	6.14
1008.30	5.56
1008.47	-0.86
1008.63	6.75
1008.80	3.27
1008.97	3.58
1009.13	1.43
1009.30	4.54
1009.47	-3.93
1009.64	2.62
1009.80	-3.52
1009.97	7.06
1010.14	7.71
1010.30	2.32
1010.47	-2.39
1010.64	9.08
1010.80	5.05
1010.97	6.34
1011.14	0.13
1011.30	5.18
1011.47	3.96
1011.64	11.40
1011.80	0.34
1011.97	7.64
1012.14	-4.92
1012.30	8.60
1012.47	-3.11
1012.64	21.91
1012.80	5.22
1012.97	11.81
1013.14	3.51
1013.30	4.06
1013.47	4.09
1013.64	6.82
1013.80	2.62
1013.97	8.73
1014.14	-7.68
1014.30	12.25
1014.47	-2.56
1014.64	9.25
1014.80	-1.64
1014.97	5.12
1015.14	0.82
1015.30	6.31
1015.47	9.42
1015.64	10.51
1015.80	-1.40
1015.97	3.58
1016.13	2.39
1016.30	3.82
1016.47	3.10
1016.63	0.44
1016.80	3.99
1016.97	8.77
1017.13	3.20
1017.30	2.49
1017.47	6.52
1017.63	11.74
1017.80	1.40
1017.96	4.91
1018.13	4.43
1018.30	8.53
1018.46	-6.56
1018.63	4.95
1018.80	1.70
1018.96	7.13
1019.13	1.40
1019.29	9.42
1019.46	-4.65
1019.63	4.74
1019.79	5.56
1019.96	10.07
1020.13	-2.36
1020.29	10.41
1020.46	4.43
1020.62	15.63
1020.79	-2.97
1020.96	10.51
1021.12	9.66
1021.29	8.22
1021.45	-3.79
1021.62	10.61
1021.79	5.08
1021.95	3.10
1022.12	5.01
1022.28	4.16
1022.45	3.92
1022.62	5.94
1022.78	-0.89
1022.95	3.00
1023.11	-1.95
1023.28	14.84
1023.45	3.00
1023.61	9.76
1023.78	1.57
1023.94	6.65
1024.11	4.13
1024.27	14.84
1024.44	-1.30
1024.61	16.69
1024.77	1.02
1024.94	7.23
1025.10	6.11
1025.27	7.40
1025.43	-0.65
1025.60	4.74
1025.77	-2.97
1025.93	13.07
1026.10	5.56
1026.26	6.41
1026.43	0.95
1026.59	2.52
1026.76	2.35
1026.93	6.28
1027.09	-0.24
1027.26	13.51
1027.42	1.16
1027.59	0.82
1027.75	8.63
1027.92	4.16
1028.08	6.93
1028.25	9.86
1028.42	2.66
1028.58	9.52
1028.75	-2.46
1028.91	5.01
1029.08	3.48
1029.24	0.61
1029.41	3.20
1029.57	-1.06
1029.74	5.76
1029.91	-0.00
1030.07	3.68
1030.24	5.36
1030.40	1.77
1030.57	8.05
1030.73	4.26
1030.90	7.88
1031.06	1.98
1031.23	5.39
1031.39	-0.89
1031.56	7.30
1031.72	1.63
1031.89	5.83
1032.05	4.74
1032.22	15.56
1032.38	-1.74
1032.55	10.88
1032.72	2.49
1032.88	11.16
1033.05	-3.11
1033.21	9.52
1033.38	1.23
1033.54	5.80
1033.71	0.68
1033.87	8.05
1034.04	2.76
1034.20	11.36
1034.37	-0.69
1034.53	9.18
1034.70	0.58
1034.86	12.76
1035.03	8.15
1035.19	5.83
1035.36	7.98
1035.52	10.10
1035.69	0.30
1035.85	2.62
1036.02	-0.55
1036.18	1.81
1036.35	3.92
1036.51	8.50
1036.68	8.12
1036.84	1.09
1037.01	5.01
1037.17	6.00
1037.34	5.87
1037.50	8.02
1037.67	-2.43
