337.57	2.50
337.79	2.50
338.02	2.50
338.24	-8.73
338.47	-6.03
338.69	-4.81
338.92	2.09
339.14	-5.56
339.36	2.60
339.59	-0.85
339.81	2.33
340.04	-5.01
340.26	4.00
340.49	1.00
340.71	4.07
340.93	14.48
341.16	3.08
341.38	-3.03
341.61	4.75
341.83	-3.07
342.05	11.41
342.28	-15.42
342.50	5.47
342.73	1.30
342.95	4.27
343.17	-0.30
343.40	-4.84
343.62	-4.26
343.85	6.80
344.07	-1.94
344.29	4.17
344.52	0.59
344.74	7.48
344.97	1.17
345.19	-8.53
345.41	5.54
345.64	0.93
345.86	4.75
346.08	9.22
346.31	-1.97
346.53	1.54
346.76	5.40
346.98	-0.06
347.20	0.55
347.43	9.53
347.65	0.62
347.87	6.90
348.10	-10.30
348.32	4.41
348.54	7.28
348.77	-2.08
348.99	-6.51
349.21	5.84
349.44	-0.61
349.66	-0.54
349.88	3.93
350.11	6.73
350.33	-2.96
350.55	-2.93
350.78	1.51
351.00	0.21
351.22	4.65
351.45	3.76
351.67	-0.88
351.89	3.52
352.12	-9.04
352.34	1.71
352.56	0.66
352.79	5.47
353.01	0.21
353.23	-0.33
353.45	5.26
353.68	7.75
353.90	5.30
354.12	5.67
354.35	-1.73
354.57	5.47
354.79	10.69
355.01	9.97
355.24	3.04
355.46	5.54
355.68	12.81
355.91	3.28
356.13	0.72
356.35	3.52
356.57	3.97
356.80	2.43
357.02	1.00
357.24	7.96
357.46	6.36
357.69	-1.60
357.91	4.21
358.13	4.99
358.35	-6.99
358.58	12.77
358.80	0.25
359.02	9.15
359.24	1.37
359.47	0.08
359.69	-4.64
359.91	6.18
360.13	2.91
360.36	3.04
360.58	2.23
360.80	-4.29
361.02	2.16
361.25	4.65
361.47	4.24
361.69	7.69
361.91	5.95
362.13	10.79
362.36	3.25
362.58	0.69
362.80	4.10
363.02	3.86
363.25	0.66
363.47	12.23
363.69	3.73
363.91	7.24
364.13	5.13
364.36	4.21
364.58	3.83
364.80	-1.63
365.02	4.96
365.24	7.62
365.47	6.29
365.69	1.78
365.91	0.79
366.13	6.66
366.35	4.99
366.57	1.37
366.80	-3.10
367.02	6.25
367.24	10.35
367.46	3.49
367.68	7.55
367.90	8.13
368.13	-4.70
368.35	13.32
368.57	-2.42
368.79	15.50
369.01	2.09
369.23	10.90
369.46	10.45
369.68	10.62
369.90	2.64
370.12	2.57
370.34	-6.79
370.56	8.47
370.78	-0.64
371.01	8.40
371.23	2.64
371.45	2.19
371.67	-0.44
371.89	12.23
372.11	-2.38
372.33	13.52
372.56	-3.47
372.78	12.06
373.00	4.48
373.22	-1.02
373.44	-0.54
373.66	3.83
373.88	-2.14
374.10	4.58
374.32	1.47
374.55	11.13
374.77	-6.44
374.99	15.16
375.21	3.08
375.43	10.86
375.65	-1.73
375.87	4.27
376.09	0.35
376.31	3.66
376.53	10.86
376.75	6.83
376.98	7.55
377.20	-0.57
377.42	5.67
377.64	9.53
377.86	-5.63
378.08	11.82
378.30	3.73
378.52	3.04
378.74	-2.69
378.96	7.96
379.18	2.23
379.40	17.21
379.62	3.39
379.84	6.77
380.07	3.39
380.29	5.71
380.51	0.11
380.73	6.63
380.95	-5.25
381.17	7.75
381.39	5.20
381.61	11.27
381.83	0.66
382.05	10.31
382.27	-2.31
382.49	12.16
382.71	3.11
382.93	4.75
383.15	0.01
383.37	6.90
383.59	-2.62
383.81	-0.06
384.03	-6.92
384.25	1.44
384.47	2.12
384.69	5.23
384.91	3.32
385.13	9.80
385.35	-1.12
385.57	11.51
385.79	-2.89
386.01	2.84
386.23	-4.60
386.45	14.38
386.67	-0.40
386.89	13.49
387.11	4.44
387.33	10.76
387.55	0.14
387.77	11.44
387.99	7.24
388.21	9.39
388.43	7.31
388.65	2.26
388.87	3.32
389.09	0.66
389.31	11.68
389.53	8.51
389.75	3.56
389.97	2.57
390.19	0.72
390.41	11.99
390.63	5.23
390.85	10.96
391.07	-2.48
391.29	11.78
391.51	4.92
391.72	0.62
391.94	4.17
392.16	15.23
392.38	5.81
392.60	6.56
392.82	-2.21
393.04	6.94
393.26	4.44
393.48	15.57
393.70	-3.24
393.92	3.04
394.14	5.06
394.36	1.47
394.58	-2.35
394.80	-5.93
395.01	8.95
395.23	0.08
395.45	0.14
395.67	7.69
395.89	1.71
396.11	2.05
396.33	3.32
396.55	7.21
396.77	3.45
396.99	7.04
397.21	3.80
397.42	5.50
397.64	0.79
397.86	3.97
398.08	13.08
398.30	6.87
398.52	3.73
398.74	6.77
398.96	1.10
399.17	7.93
399.39	-4.43
399.61	6.18
399.83	7.65
400.05	11.48
400.27	-5.18
400.49	5.78
400.71	3.86
400.92	11.75
401.14	0.31
401.36	4.92
401.58	7.21
401.80	10.86
402.02	0.25
402.24	8.68
402.45	6.36
402.67	5.95
402.89	4.96
403.11	-1.36
403.33	-1.22
403.55	8.30
403.76	-7.98
403.98	10.28
404.20	0.45
404.42	8.34
404.64	0.11
404.86	0.21
405.07	-0.81
405.29	-4.46
405.51	6.56
405.73	11.82
405.95	2.12
406.17	6.36
406.38	7.00
406.60	8.44
406.82	4.03
407.04	6.63
407.26	-6.82
407.47	2.05
407.69	7.52
407.91	5.23
408.13	-5.76
408.35	3.04
408.56	5.91
408.78	7.17
409.00	1.51
409.22	9.53
409.44	4.48
409.65	7.24
409.87	0.89
410.09	2.53
410.31	6.29
410.52	6.73
410.74	8.06
410.96	9.05
411.18	2.23
411.40	5.37
411.61	5.06
411.83	16.83
412.05	3.08
412.27	5.30
412.48	3.80
412.70	8.06
412.92	3.93
413.14	-2.89
413.35	5.60
413.57	7.24
413.79	2.23
414.01	13.22
414.22	4.17
414.44	7.00
414.66	-2.28
414.87	3.18
415.09	3.28
415.31	1.71
415.53	5.26
415.74	8.23
415.96	4.38
416.18	10.49
416.40	-3.24
416.61	7.17
416.83	3.93
417.05	10.79
417.26	-6.10
417.48	10.62
417.70	10.38
417.92	6.32
418.13	2.23
418.35	2.40
418.57	3.22
418.78	8.44
419.00	9.05
419.22	8.40
419.43	7.62
419.65	5.20
419.87	6.18
420.09	-0.23
420.30	4.31
420.52	4.17
420.74	0.52
420.95	6.29
421.17	4.38
421.39	11.10
421.60	5.54
421.82	8.95
422.04	0.11
422.25	4.24
422.47	-5.73
422.69	10.72
422.90	0.28
423.12	9.80
423.34	-5.56
423.55	13.49
423.77	0.89
423.99	15.16
424.20	9.84
424.42	6.29
424.64	5.43
424.85	7.89
425.07	9.39
425.28	-2.59
425.50	3.22
425.72	0.59
425.93	7.41
426.15	9.29
426.37	11.13
426.58	4.65
426.80	7.55
427.01	5.64
427.23	11.61
427.45	17.93
427.66	9.46
427.88	6.94
428.10	6.97
428.31	0.01
428.53	3.66
428.74	0.11
428.96	-1.73
429.18	6.87
429.39	-1.15
429.61	0.62
429.82	9.09
430.04	13.28
430.26	7.99
430.47	-1.15
430.69	2.91
430.90	-1.26
431.12	0.28
431.34	-4.43
431.55	8.30
431.77	5.88
431.98	7.65
432.20	3.90
432.41	4.65
432.63	4.38
432.85	3.93
433.06	4.58
433.28	5.13
433.49	3.73
433.71	0.86
433.92	13.28
434.14	-5.11
434.35	6.90
434.57	3.97
434.79	11.71
435.00	3.76
435.22	8.23
435.43	1.82
435.65	5.84
435.86	3.35
436.08	4.41
436.29	-1.67
436.51	4.58
436.72	7.62
436.94	-0.30
437.16	2.84
437.37	9.91
437.59	0.96
437.80	7.69
438.02	-3.61
438.23	4.31
438.45	-2.01
438.66	0.04
438.88	0.18
439.09	8.68
439.31	-3.20
439.52	3.52
439.74	1.82
439.95	12.70
440.17	-0.95
440.38	6.77
440.60	4.85
440.81	3.80
441.03	-1.90
441.24	5.78
441.46	2.60
441.67	12.09
441.89	0.86
442.10	8.85
442.32	1.68
442.53	3.04
442.75	-0.16
442.96	14.79
443.18	1.24
443.39	3.28
443.61	-0.20
443.82	0.11
444.04	4.41
444.25	5.26
444.46	10.25
444.68	-1.19
444.89	3.35
445.11	9.67
445.32	7.45
445.54	4.38
445.75	0.14
445.97	5.33
446.18	1.44
446.40	-5.52
446.61	-3.95
446.82	1.44
447.04	-2.72
447.25	7.14
447.47	3.69
447.68	-1.63
447.90	5.91
448.11	3.66
448.32	-3.68
448.54	10.55
448.75	10.79
448.97	-2.04
449.18	7.31
449.40	3.52
449.61	12.87
449.82	8.88
450.04	5.95
450.25	6.63
450.47	8.61
450.68	10.93
450.89	-1.67
451.11	3.66
451.32	1.44
451.54	-2.31
451.75	4.55
451.96	5.64
452.18	-1.02
452.39	17.35
452.61	5.09
452.82	4.79
453.03	2.98
453.25	8.64
453.46	4.72
453.68	9.36
453.89	3.42
454.10	5.88
454.32	3.01
454.53	7.86
454.74	5.06
454.96	9.67
455.17	2.43
455.39	10.96
455.60	7.55
455.81	11.44
456.03	3.49
456.24	7.93
456.45	4.82
456.67	-1.60
456.88	7.75
457.09	5.06
457.31	5.30
457.52	7.28
457.73	3.45
457.95	5.37
458.16	4.82
458.37	8.92
458.59	1.82
458.80	10.55
459.01	-2.14
459.23	-0.85
459.44	-1.05
459.65	7.89
459.87	-2.38
460.08	9.73
460.29	0.89
460.51	5.84
460.72	3.28
460.93	6.87
461.15	-1.50
461.36	2.16
461.57	-2.18
461.79	11.10
462.00	-0.91
462.21	10.45
462.42	7.14
462.64	5.02
462.85	-1.56
463.06	7.52
463.28	0.93
463.49	12.74
463.70	-5.35
463.92	3.04
464.13	3.76
464.34	11.99
464.55	2.12
464.77	9.05
464.98	-3.99
465.19	7.65
465.40	0.11
465.62	11.54
465.83	6.36
466.04	3.97
466.26	1.75
466.47	8.92
466.68	9.26
466.89	10.79
467.11	4.41
467.32	5.40
467.53	2.33
467.74	2.36
467.96	0.89
468.17	9.73
468.38	7.38
468.59	10.59
468.81	0.25
469.02	15.91
469.23	0.35
469.44	12.36
469.66	11.20
469.87	9.36
470.08	4.00
470.29	6.94
470.50	5.06
470.72	-0.95
470.93	-2.14
471.14	8.74
471.35	1.58
471.57	13.80
471.78	6.29
471.99	14.79
472.20	5.54
472.41	7.17
472.63	-0.91
472.84	1.24
473.05	0.76
473.26	5.06
473.47	6.25
473.69	7.75
473.90	5.47
474.11	5.43
474.32	1.47
474.53	3.62
474.75	0.38
474.96	13.52
475.17	6.77
475.38	-0.47
475.59	-2.66
475.80	12.26
476.02	1.65
476.23	9.70
476.44	8.88
476.65	6.63
476.86	-0.47
477.08	15.47
477.29	3.39
477.50	11.82
477.71	5.98
477.92	9.15
478.13	3.49
478.34	11.30
478.56	4.99
478.77	0.62
478.98	-2.11
479.19	3.11
479.40	0.18
479.61	4.21
479.83	-1.36
480.04	9.84
480.25	2.57
480.46	7.99
480.67	3.66
480.88	10.31
481.09	1.88
481.30	10.72
481.52	9.22
481.73	9.70
481.94	3.73
482.15	8.10
482.36	6.05
482.57	6.77
482.78	6.70
482.99	7.21
483.21	0.48
483.42	10.62
483.63	0.25
483.84	13.46
484.05	-2.79
484.26	4.27
484.47	-0.16
484.68	8.98
484.89	-6.82
485.10	5.91
485.32	-7.88
485.53	8.54
485.74	3.52
485.95	6.73
486.16	5.43
486.37	6.49
486.58	1.82
486.79	12.91
487.00	9.53
487.21	5.81
487.42	-0.95
487.63	1.75
487.85	3.04
488.06	15.50
488.27	3.08
488.48	13.90
488.69	-4.91
488.90	6.87
489.11	3.73
489.32	10.01
489.53	-3.17
489.74	12.06
489.95	10.04
490.16	6.90
490.37	-4.84
490.58	10.18
490.79	9.33
491.00	12.26
491.21	2.77
491.42	2.19
491.63	1.30
491.84	6.25
492.06	6.77
492.27	6.80
492.48	-5.56
492.69	-1.53
492.90	3.25
493.11	7.86
493.32	-1.80
493.53	1.58
493.74	-2.96
493.95	5.09
494.16	-6.10
494.37	7.62
494.58	3.62
494.79	4.65
495.00	8.40
495.21	-0.23
495.42	2.26
495.63	4.03
495.84	2.12
496.05	4.41
496.26	3.42
496.47	6.80
496.68	3.01
496.89	3.76
497.10	1.75
497.31	6.01
497.52	4.21
497.73	6.80
497.94	0.59
498.15	2.94
498.36	3.97
498.57	9.46
498.78	0.96
498.98	3.42
499.19	0.45
499.40	8.64
499.61	-0.71
499.82	8.51
500.03	2.09
500.24	3.11
500.45	-0.74
500.66	11.37
500.87	5.20
501.08	2.67
501.29	-0.33
501.50	8.95
501.71	-1.43
501.92	9.97
502.13	0.66
502.34	7.28
502.55	1.54
502.76	10.01
502.97	-4.43
503.17	8.98
503.38	8.92
503.59	1.47
503.80	-4.57
504.01	9.63
504.22	1.13
504.43	14.34
504.64	4.38
504.85	-0.37
505.06	2.05
505.27	2.36
505.48	-1.63
505.68	11.30
505.89	-1.90
506.10	9.56
506.31	1.27
506.52	1.71
506.73	0.59
506.94	3.18
507.15	-0.47
507.36	1.47
507.57	-3.68
507.77	5.74
507.98	-0.51
508.19	12.43
508.40	9.05
508.61	12.84
508.82	-4.09
509.03	5.88
509.24	7.45
509.45	2.23
509.65	4.44
509.86	6.29
510.07	6.63
510.28	9.50
510.49	-1.12
510.70	9.80
510.91	2.26
511.11	13.80
511.32	-0.61
511.53	12.09
511.74	1.00
511.95	7.52
512.16	4.17
512.37	10.14
512.57	0.83
512.78	10.38
512.99	-3.34
513.20	5.54
513.41	9.56
513.62	9.94
513.82	2.87
514.03	4.61
514.24	7.96
514.45	1.37
514.66	5.13
514.87	2.87
515.07	9.50
515.28	6.18
515.49	2.40
515.70	13.63
515.91	3.22
516.11	15.30
516.32	-1.70
516.53	9.80
516.74	2.91
516.95	6.53
517.16	-2.38
517.36	3.32
517.57	8.61
517.78	4.34
517.99	3.80
518.20	11.30
518.40	4.41
518.61	6.97
518.82	4.96
519.03	7.72
519.23	-2.83
519.44	7.65
519.65	0.52
519.86	10.04
520.07	1.03
520.27	8.92
520.48	-1.26
520.69	11.65
520.90	5.64
521.10	16.60
521.31	4.31
521.52	7.82
521.73	4.17
521.94	11.03
522.14	0.69
522.35	3.73
522.56	8.20
522.77	5.91
522.97	1.82
523.18	10.93
523.39	-5.76
523.60	5.30
523.80	5.47
524.01	9.97
524.22	7.14
524.43	12.74
524.63	-2.72
524.84	10.08
525.05	1.44
525.25	12.67
525.46	2.91
525.67	11.54
525.88	7.69
526.08	16.53
526.29	1.44
526.50	5.09
526.71	-1.87
526.91	6.70
527.12	-3.85
527.33	6.29
527.53	3.15
527.74	8.16
527.95	11.51
528.16	8.81
528.36	0.96
528.57	6.12
528.78	2.29
528.98	8.34
529.19	0.45
529.40	0.11
529.60	7.52
529.81	11.99
530.02	4.48
530.22	15.20
530.43	3.93
530.64	6.59
530.85	1.41
531.05	13.49
531.26	8.64
531.47	7.17
531.67	8.27
531.88	12.12
532.09	3.18
532.29	5.20
532.50	6.66
532.71	13.05
532.91	8.06
533.12	8.10
533.33	2.81
533.53	9.19
533.74	-0.54
533.95	-0.98
534.15	4.27
534.36	13.18
534.56	-6.38
534.77	15.50
534.98	11.27
535.18	8.85
535.39	7.41
535.60	6.97
535.80	9.94
536.01	10.96
536.22	4.79
536.42	10.62
536.63	7.86
536.83	-1.67
537.04	4.75
537.25	9.60
537.45	7.86
537.66	7.11
537.87	-0.88
538.07	13.15
538.28	-0.10
538.48	0.42
538.69	1.00
538.90	10.93
539.10	1.24
539.31	8.54
539.51	-0.37
539.72	9.53
539.93	3.90
540.13	5.47
540.34	1.17
540.54	5.16
540.75	-0.61
540.96	2.53
541.16	9.94
541.37	-0.33
541.57	-0.68
541.78	8.16
541.99	11.99
542.19	16.80
542.40	1.00
542.60	6.66
542.81	3.11
543.01	4.21
543.22	3.49
543.43	9.46
543.63	3.97
543.84	11.03
544.04	0.45
544.25	10.76
544.45	1.85
544.66	2.43
544.87	8.23
545.07	14.04
545.28	2.02
545.48	4.17
545.69	4.31
545.89	9.91
546.10	10.04
546.30	10.66
546.51	-0.30
546.71	7.00
546.92	8.57
547.13	10.45
547.33	3.15
547.54	12.06
547.74	-2.62
547.95	1.54
548.15	4.61
548.36	6.66
548.56	-1.73
548.77	6.36
548.97	-2.93
549.18	14.14
549.38	4.89
549.59	9.05
549.79	4.00
550.00	10.01
550.20	-6.85
550.41	8.03
550.61	7.07
550.82	8.92
551.02	-1.26
551.23	13.73
551.43	4.92
551.64	3.11
551.84	9.09
552.05	2.94
552.25	5.64
552.46	3.04
552.66	3.52
552.87	4.75
553.07	4.17
553.28	14.96
553.48	1.61
553.69	4.92
553.89	-1.32
554.10	13.80
554.30	8.37
554.51	8.51
554.71	-1.26
554.92	14.51
555.12	11.75
555.32	-2.21
555.53	8.85
555.73	12.16
555.94	1.13
556.14	9.94
556.35	-0.64
556.55	5.16
556.76	-2.69
556.96	7.28
557.17	6.77
557.37	4.79
557.57	3.32
557.78	2.87
557.98	-0.61
558.19	16.39
558.39	2.94
558.60	8.81
558.80	-1.26
559.00	4.79
559.21	7.58
559.41	16.36
559.62	2.70
559.82	5.50
560.03	0.93
560.23	3.18
560.43	0.14
560.64	4.99
560.84	3.01
561.05	14.34
561.25	-5.83
561.45	10.69
561.66	-3.95
561.86	9.46
562.07	3.08
562.27	13.11
562.47	3.90
562.68	7.86
562.88	0.31
563.09	10.86
563.29	10.93
563.49	3.45
563.70	5.47
563.90	5.40
564.11	4.21
564.31	12.33
564.51	2.67
564.72	5.37
564.92	5.64
565.12	9.33
565.33	1.24
565.53	6.39
565.74	0.18
565.94	18.68
566.14	-1.84
566.35	4.61
566.55	6.01
566.75	10.04
566.96	9.94
567.16	5.20
567.36	8.95
567.57	-5.25
567.77	2.57
567.98	8.10
568.18	4.85
568.38	2.23
568.59	7.45
568.79	12.91
568.99	4.55
569.20	12.84
569.40	0.52
569.60	7.38
569.81	0.42
570.01	6.36
570.21	-1.77
570.42	10.01
570.62	8.27
570.82	10.66
571.03	6.77
571.23	9.15
571.43	6.05
571.63	13.28
571.84	-0.64
572.04	10.83
572.24	4.96
572.45	8.85
572.65	-4.23
572.85	-3.00
573.06	-4.33
573.26	5.23
573.46	2.81
573.67	3.18
573.87	6.05
574.07	2.36
574.27	1.37
574.48	10.49
574.68	2.87
574.88	15.78
575.09	5.88
575.29	3.86
575.49	6.15
575.69	8.54
575.90	-2.25
576.10	11.48
576.30	2.74
576.51	16.80
576.71	11.41
576.91	8.37
577.11	-2.11
577.32	14.24
577.52	4.51
577.72	5.81
577.92	0.89
578.13	4.51
578.33	6.12
578.53	-3.78
578.73	11.85
578.94	5.20
579.14	4.10
579.34	6.15
579.54	-1.19
579.75	2.02
579.95	4.34
580.15	1.00
580.35	4.31
580.56	1.88
580.76	4.65
580.96	12.29
581.16	2.43
581.37	7.58
581.57	5.26
581.77	15.40
581.97	9.05
582.17	2.70
582.38	4.61
582.58	8.40
582.78	6.66
582.98	17.35
583.19	10.11
583.39	8.06
583.59	-5.32
583.79	9.15
583.99	6.12
584.20	13.66
584.40	-0.13
584.60	12.33
584.80	3.15
585.00	4.00
585.21	6.42
585.41	12.47
585.61	15.84
585.81	1.65
586.01	8.74
586.22	0.55
586.42	2.77
586.62	12.02
586.82	5.23
587.02	14.99
587.22	6.36
587.43	-1.77
587.63	-6.27
587.83	14.62
588.03	-1.56
588.23	15.13
588.43	5.40
588.64	4.21
588.84	0.86
589.04	9.19
589.24	8.68
589.44	6.32
589.64	-5.76
589.85	12.23
590.05	-5.11
590.25	2.67
590.45	7.14
590.65	15.71
590.85	5.30
591.05	10.08
591.26	4.10
591.46	11.51
591.66	5.20
591.86	16.87
592.06	10.28
592.26	8.47
592.46	-1.26
592.67	11.44
592.87	10.59
593.07	2.23
593.27	9.46
593.47	14.96
593.67	4.44
593.87	12.36
594.07	6.39
594.28	7.04
594.48	3.97
594.68	4.55
594.88	7.45
595.08	12.91
595.28	3.04
595.48	9.63
595.68	5.30
595.88	6.59
596.08	6.18
596.29	3.39
596.49	9.15
596.69	16.53
596.89	5.88
597.09	18.17
597.29	0.38
597.49	6.66
597.69	10.31
597.89	12.91
598.09	17.31
598.29	17.00
598.50	7.24
598.70	14.62
598.90	-4.19
599.10	10.18
599.30	11.61
599.50	9.15
599.70	13.39
599.90	24.24
600.10	31.10
600.30	52.26
600.50	127.39
600.70	219.69
600.90	672.39
601.10	957.16
601.30	2080.37
601.50	2578.88
601.71	4118.37
601.91	4835.23
602.11	6597.06
602.31	7839.02
602.51	9615.36
602.71	10944.35
602.91	13127.66
603.11	14764.97
603.31	17202.53
603.51	18814.12
603.71	21346.94
603.91	23622.92
604.11	26271.76
604.31	28363.35
604.51	31284.74
604.71	33607.62
604.91	36188.26
605.11	38412.46
605.31	40899.55
605.51	43626.25
605.71	45831.91
605.91	48182.74
606.11	50501.62
606.31	52548.15
606.51	54607.80
606.71	55957.58
606.91	58062.41
607.11	58502.01
607.31	59997.20
607.51	61276.05
607.71	61770.02
607.91	62060.25
608.11	62532.24
608.31	62017.72
608.51	62873.60
608.71	62168.35
608.91	61857.06
609.11	61140.75
609.31	60233.40
609.51	58909.04
609.71	58382.37
609.91	56418.95
610.11	55664.55
610.31	52808.25
610.51	51122.12
610.71	48594.96
610.91	46888.97
611.11	44079.74
611.31	42051.53
611.51	39031.05
611.71	36700.02
611.91	34316.28
612.11	31880.98
612.31	29039.59
612.51	26691.39
612.71	24245.06
612.90	21994.34
613.10	19285.93
613.30	17641.82
613.50	15196.69
613.70	13800.55
613.90	11603.42
614.10	10215.41
614.30	8256.73
614.50	7268.11
614.70	5483.24
614.90	4643.67
615.10	3015.30
615.30	2448.97
615.50	1212.30
615.70	882.17
615.90	325.50
616.09	194.84
616.29	84.25
616.49	56.67
616.69	35.68
616.89	23.22
617.09	25.71
617.29	15.57
617.49	17.41
617.69	19.70
617.89	26.80
618.09	14.79
618.28	17.45
618.48	7.11
618.68	12.70
618.88	-1.43
619.08	16.80
619.28	13.93
619.48	19.22
619.68	2.64
619.88	12.02
620.08	13.18
620.27	13.63
620.47	7.52
620.67	13.49
620.87	20.59
621.07	10.21
621.27	6.08
621.47	12.47
621.67	15.54
621.86	19.63
622.06	11.07
622.26	20.73
622.46	1.24
622.66	15.54
622.86	6.22
623.06	4.99
623.25	15.33
623.45	16.63
623.65	3.25
623.85	12.67
624.05	4.99
624.25	10.08
624.45	7.82
624.64	14.68
624.84	7.89
625.04	16.77
625.24	2.46
625.44	13.63
625.64	5.09
625.83	17.82
626.03	23.25
626.23	9.50
626.43	1.68
626.63	18.10
626.83	7.48
627.02	10.79
627.22	8.64
627.42	14.41
627.62	5.37
627.82	13.66
628.02	12.33
628.21	14.82
628.41	17.18
628.61	17.00
628.81	4.85
629.01	7.58
629.20	11.82
629.40	4.51
629.60	11.48
629.80	10.86
630.00	7.17
630.19	11.44
630.39	3.69
630.59	18.44
630.79	0.35
630.99	17.96
631.18	3.83
631.38	12.06
631.58	12.47
631.78	6.29
631.98	3.18
632.17	9.36
632.37	6.53
632.57	14.24
632.77	5.02
632.96	22.53
633.16	3.22
633.36	11.44
633.56	14.82
633.76	16.22
633.95	13.52
634.15	17.76
634.35	-1.60
634.55	15.74
634.74	14.00
634.94	12.02
635.14	4.10
635.34	6.87
635.53	4.96
635.73	20.42
635.93	1.41
636.13	8.64
636.32	15.81
636.52	13.22
636.72	7.72
636.92	11.78
637.11	2.23
637.31	18.06
637.51	5.74
637.70	11.82
637.90	7.17
638.10	5.47
638.30	1.85
638.49	7.11
638.69	9.02
638.89	23.15
639.09	-4.94
639.28	6.83
639.48	8.64
639.68	15.71
639.87	4.68
640.07	1.95
640.27	7.28
640.47	9.46
640.66	3.45
640.86	12.23
641.06	5.54
641.25	0.83
641.45	7.48
641.65	14.04
641.84	6.46
642.04	9.12
642.24	6.01
642.44	9.80
642.63	5.20
642.83	5.95
643.03	3.22
643.22	10.62
643.42	2.53
643.62	-0.30
643.81	7.99
644.01	5.57
644.21	1.34
644.40	9.05
644.60	5.16
644.80	10.76
644.99	8.81
645.19	12.98
645.39	-2.31
645.58	3.25
645.78	9.19
645.98	4.24
646.17	6.53
646.37	14.24
646.57	7.89
646.76	20.66
646.96	-0.91
647.16	13.69
647.35	5.78
647.55	15.30
647.75	7.93
647.94	10.38
648.14	3.56
648.33	9.84
648.53	13.86
648.73	16.19
648.92	11.99
649.12	6.29
649.32	0.01
649.51	16.08
649.71	5.02
649.90	8.71
650.10	10.90
650.30	7.79
650.49	9.91
650.69	8.30
650.89	5.20
651.08	10.86
651.28	8.23
651.47	6.29
651.67	3.76
651.87	16.22
652.06	7.96
652.26	7.35
652.45	0.31
652.65	2.05
652.85	1.00
653.04	5.95
653.24	0.25
653.43	4.21
653.63	0.72
653.83	9.05
654.02	0.25
654.22	6.32
654.41	9.43
654.61	4.92
654.81	11.71
655.00	10.35
655.20	3.93
655.39	17.00
655.59	12.74
655.78	16.22
655.98	5.67
656.18	10.42
656.37	4.85
656.57	4.27
656.76	8.88
656.96	11.95
657.15	-4.67
657.35	3.28
657.55	8.57
657.74	9.91
657.94	6.25
658.13	12.81
658.33	3.66
658.52	17.18
658.72	2.77
658.91	4.55
659.11	4.65
659.30	3.32
659.50	6.12
659.70	10.62
659.89	-2.04
660.09	10.04
660.28	0.35
660.48	2.84
660.67	3.69
660.87	3.73
661.06	-7.57
661.26	6.39
661.45	5.67
661.65	4.10
661.84	10.01
662.04	8.95
662.23	9.19
662.43	3.86
662.62	-3.78
662.82	2.60
663.01	3.80
663.21	11.03
663.41	11.27
663.60	3.45
663.80	2.16
663.99	4.89
664.19	4.21
664.38	11.37
664.58	12.74
664.77	12.09
664.97	0.66
665.16	-2.62
665.35	3.04
665.55	21.68
665.74	4.72
665.94	9.39
666.13	10.42
666.33	12.09
666.52	-4.70
666.72	7.58
666.91	3.39
667.11	1.47
667.30	4.38
667.50	15.13
667.69	1.17
667.89	9.46
668.08	11.54
668.28	14.45
668.47	6.36
668.67	8.27
668.86	6.15
669.05	3.56
669.25	10.52
669.44	5.95
669.64	-0.30
669.83	15.67
670.03	-1.29
670.22	8.37
670.42	9.33
670.61	6.49
670.81	8.81
671.00	12.50
671.19	2.57
671.39	4.68
671.58	2.43
671.78	11.07
671.97	-0.10
672.17	8.78
672.36	-2.08
672.55	6.73
672.75	5.26
672.94	5.57
673.14	2.57
673.33	4.51
673.53	8.95
673.72	2.33
673.91	5.50
674.11	5.09
674.30	0.08
674.50	8.71
674.69	3.15
674.88	8.16
675.08	6.97
675.27	16.29
675.47	4.17
675.66	13.52
675.85	5.02
676.05	8.13
676.24	-0.10
676.44	5.74
676.63	4.48
676.82	11.54
677.02	11.95
677.21	11.37
677.41	6.25
677.60	6.63
677.79	5.91
677.99	8.57
678.18	-1.56
678.37	5.88
678.57	8.10
678.76	6.18
678.96	7.04
679.15	7.58
679.34	-1.50
679.54	9.56
679.73	-1.53
679.92	6.70
680.12	6.05
680.31	16.46
680.51	9.97
680.70	7.82
680.89	7.41
681.09	12.47
681.28	13.39
681.47	10.28
681.67	7.93
681.86	3.97
682.05	7.24
682.25	6.53
682.44	-4.74
682.63	8.13
682.83	2.67
683.02	5.57
683.21	9.36
683.41	9.36
683.60	-4.84
683.79	1.00
683.99	1.78
684.18	10.42
684.37	5.88
684.57	13.35
684.76	-7.84
684.95	11.85
685.15	4.38
685.34	12.29
685.53	9.94
685.73	1.41
685.92	5.40
686.11	4.58
686.31	0.79
686.50	11.68
686.69	-1.97
686.88	12.91
687.08	-6.14
687.27	9.56
687.46	-1.87
687.66	8.13
687.85	1.75
688.04	7.31
688.24	-0.03
688.43	3.25
688.62	3.28
688.81	7.14
689.01	12.84
689.20	8.74
689.39	4.38
689.59	12.16
689.78	4.24
689.97	5.57
690.16	8.78
690.36	0.69
690.55	3.62
690.74	15.84
690.93	3.83
691.13	0.01
691.32	6.49
691.51	6.83
691.70	-3.58
691.90	9.22
692.09	0.62
692.28	7.28
692.48	-1.67
692.67	3.28
692.86	9.46
693.05	8.85
693.25	11.44
693.44	7.07
693.63	-2.35
693.82	1.41
694.01	1.41
694.21	10.69
694.40	3.90
694.59	7.58
694.78	-3.03
694.98	9.84
695.17	7.14
695.36	5.20
695.55	6.66
695.75	12.40
695.94	5.43
696.13	14.45
696.32	1.68
696.51	11.68
696.71	4.79
696.90	7.96
697.09	7.35
697.28	15.91
697.48	-1.19
697.67	14.38
697.86	0.01
698.05	-0.16
698.24	13.90
698.44	11.44
698.63	1.10
698.82	6.59
699.01	-4.91
699.20	-0.95
699.40	-5.42
699.59	15.78
699.78	4.58
699.97	3.35
700.16	11.99
700.36	10.14
700.55	-1.50
700.74	6.63
700.93	-2.21
701.12	15.06
701.31	4.38
701.51	8.16
701.70	3.25
701.89	15.40
702.08	2.91
702.27	11.37
702.46	4.24
702.66	11.27
702.85	9.94
703.04	11.78
703.23	5.43
703.42	0.76
703.61	4.34
703.81	17.96
704.00	-0.78
704.19	7.65
704.38	8.30
704.57	14.48
704.76	8.30
704.96	17.89
705.15	8.10
705.34	11.41
705.53	-1.50
705.72	2.05
705.91	2.87
706.10	4.00
706.30	7.82
706.49	18.34
706.68	8.16
706.87	8.20
707.06	-5.11
707.25	6.63
707.44	1.71
707.63	15.43
707.83	3.04
708.02	5.06
708.21	6.83
708.40	9.56
708.59	11.82
708.78	17.28
708.97	-0.27
709.16	5.02
709.35	3.52
709.55	8.03
709.74	7.00
709.93	-0.23
710.12	9.63
710.31	10.69
710.50	3.80
710.69	10.72
710.88	1.65
711.07	7.58
711.26	3.35
711.46	12.16
711.65	13.73
711.84	13.80
712.03	-2.08
712.22	9.26
712.41	0.83
712.60	12.84
712.79	3.83
712.98	3.42
713.17	6.12
713.36	11.68
713.55	6.18
713.75	14.45
713.94	6.63
714.13	16.12
714.32	4.44
714.51	14.34
714.70	1.82
714.89	7.38
715.08	8.64
715.27	0.18
715.46	4.68
715.65	9.46
715.84	1.99
716.03	6.46
716.22	4.31
716.41	15.16
716.60	-1.97
716.79	6.36
716.99	0.79
717.18	2.57
717.37	6.25
717.56	-1.22
717.75	5.74
717.94	7.11
718.13	12.77
718.32	6.83
718.51	6.05
718.70	13.05
718.89	-2.66
719.08	7.99
719.27	6.83
719.46	1.82
719.65	3.35
719.84	7.38
720.03	0.79
720.22	13.18
720.41	1.65
720.60	5.67
720.79	2.53
720.98	11.37
721.17	2.50
721.36	-0.40
721.55	-4.09
721.74	6.01
721.93	6.53
722.12	-2.59
722.31	-3.85
722.50	-0.37
722.69	-0.98
722.88	5.26
723.07	5.84
723.26	6.73
723.45	6.66
723.64	13.69
723.83	10.14
724.02	8.44
724.21	11.61
724.40	7.82
724.59	4.85
724.78	8.92
724.97	2.84
725.16	6.53
725.35	-2.28
725.54	7.24
725.73	8.85
725.92	9.94
726.11	-9.21
726.30	9.19
726.49	2.77
726.68	14.17
726.87	7.28
727.06	13.35
727.25	2.98
727.43	4.82
727.62	11.89
727.81	4.68
728.00	4.34
728.19	12.26
728.38	1.95
728.57	7.41
728.76	2.02
728.95	0.79
729.14	1.54
729.33	-0.30
729.52	5.13
729.71	11.99
729.90	6.42
730.09	6.01
730.28	1.61
730.47	13.59
730.65	3.11
730.84	13.35
731.03	6.32
731.22	8.03
731.41	4.65
731.60	17.59
731.79	-7.88
731.98	8.10
732.17	0.76
732.36	8.88
732.55	3.56
732.74	6.66
732.92	1.44
733.11	15.74
733.30	2.84
733.49	2.74
733.68	2.09
733.87	6.18
734.06	-0.98
734.25	12.40
734.44	7.65
734.63	18.34
734.81	-2.62
735.00	7.58
735.19	-1.84
735.38	9.43
735.57	-0.06
735.76	7.72
735.95	4.65
736.14	12.84
736.33	6.87
736.51	-2.28
736.70	4.27
736.89	9.73
737.08	-2.25
737.27	12.84
737.46	8.51
737.65	7.79
737.83	1.75
738.02	0.04
738.21	-5.76
738.40	5.06
738.59	4.24
738.78	12.67
738.97	8.61
739.16	13.80
739.34	-0.57
739.53	5.50
739.72	5.02
739.91	10.45
740.10	5.74
740.29	7.62
740.47	4.07
740.66	-1.50
740.85	8.13
741.04	11.10
741.23	-0.40
741.42	8.57
741.60	3.90
741.79	11.92
741.98	9.33
742.17	8.68
742.36	5.26
742.55	7.07
742.73	2.77
742.92	3.80
743.11	5.64
743.30	2.40
743.49	0.42
743.68	13.56
743.86	5.95
744.05	8.68
744.24	-1.09
744.43	11.82
744.62	-6.68
744.80	-0.85
744.99	-1.56
745.18	12.19
745.37	3.18
745.56	14.04
745.74	-3.20
745.93	6.70
746.12	4.14
746.31	1.58
746.50	9.91
746.68	10.28
746.87	-2.62
747.06	3.45
747.25	0.79
747.44	9.36
747.62	0.48
747.81	7.41
748.00	-1.77
748.19	8.85
748.37	6.97
748.56	9.43
748.75	0.93
748.94	6.66
749.13	-1.60
749.31	2.46
749.50	4.14
749.69	11.03
749.88	2.02
750.06	-3.95
750.25	4.75
750.44	4.27
750.63	-3.47
750.81	11.34
751.00	15.74
751.19	7.86
751.38	-2.35
751.56	7.72
751.75	5.60
751.94	6.59
752.13	-1.39
752.31	9.46
752.50	2.26
752.69	11.20
752.88	1.06
753.06	11.68
753.25	3.80
753.44	15.91
753.63	5.98
753.81	9.12
754.00	5.26
754.19	2.12
754.37	2.50
754.56	10.76
754.75	0.35
754.94	0.69
755.12	7.89
755.31	1.99
755.50	7.38
755.69	15.37
755.87	8.92
756.06	11.68
756.25	0.69
756.43	13.83
756.62	5.98
756.81	6.80
756.99	1.88
757.18	6.08
757.37	2.46
757.56	6.90
757.74	7.07
757.93	5.40
758.12	2.81
758.30	5.60
758.49	4.10
758.68	10.66
758.86	2.36
759.05	6.70
759.24	0.45
759.42	11.95
759.61	3.15
759.80	10.62
759.99	-0.74
760.17	-0.57
760.36	1.00
760.55	8.57
760.73	-0.85
760.92	10.52
761.11	0.55
761.29	6.29
761.48	-1.53
761.67	8.44
761.85	0.76
762.04	8.95
762.23	-1.60
762.41	9.97
762.60	-4.98
762.79	10.59
762.97	-5.04
763.16	5.40
763.34	2.57
763.53	8.30
763.72	-10.51
763.90	11.00
764.09	4.38
764.28	4.10
764.46	-2.72
764.65	11.48
764.84	7.55
765.02	7.96
765.21	-6.38
765.40	6.42
765.58	1.03
765.77	4.58
765.95	-5.42
766.14	0.52
766.33	3.35
766.51	8.16
766.70	5.30
766.89	9.97
767.07	8.10
767.26	7.55
767.44	5.16
767.63	7.52
767.82	-2.45
768.00	6.90
768.19	4.10
768.37	9.39
768.56	3.39
768.75	12.36
768.93	7.48
769.12	0.48
769.30	13.46
769.49	-0.13
769.68	5.16
769.86	2.81
770.05	-3.47
770.23	9.87
770.42	5.26
770.61	11.34
770.79	7.00
770.98	-0.68
771.16	7.52
771.35	6.73
771.54	-4.50
771.72	5.95
771.91	7.35
772.09	8.20
772.28	0.93
772.46	9.50
772.65	-4.87
772.84	6.42
773.02	0.28
773.21	5.50
773.39	0.11
773.58	11.75
773.76	1.34
773.95	11.48
774.13	-2.59
774.32	9.05
774.51	-2.35
774.69	8.10
774.88	3.80
775.06	3.66
775.25	1.27
775.43	5.13
775.62	11.61
775.80	5.64
775.99	-2.76
776.18	5.74
776.36	-1.32
776.55	8.61
776.73	5.91
776.92	7.69
777.10	5.50
777.29	7.31
777.47	9.05
777.66	9.22
777.84	-4.05
778.03	1.06
778.21	3.25
778.40	8.51
778.58	11.24
778.77	4.21
778.95	2.98
779.14	2.16
779.33	7.28
779.51	6.32
779.70	0.48
779.88	5.30
780.07	7.31
780.25	11.20
780.44	1.03
780.62	12.12
780.81	-0.91
780.99	6.70
781.18	7.55
781.36	9.80
781.55	0.96
781.73	10.38
781.92	-4.12
782.10	10.28
782.29	-0.64
782.47	11.54
782.66	5.40
782.84	8.54
783.03	-3.20
783.21	-1.50
783.39	5.37
783.58	8.54
783.76	2.36
783.95	12.60
784.13	2.12
784.32	8.98
784.50	5.20
784.69	5.88
784.87	0.21
785.06	8.20
785.24	4.14
785.43	5.81
785.61	-3.88
785.80	7.31
785.98	-2.72
786.17	17.52
786.35	-2.42
786.53	9.80
786.72	7.00
786.90	4.41
787.09	5.16
787.27	6.08
787.46	2.77
787.64	8.57
787.83	6.59
788.01	13.01
788.19	4.79
788.38	-2.66
788.56	1.51
788.75	-0.95
788.93	10.76
789.12	11.54
789.30	3.59
789.49	8.16
789.67	7.07
789.85	12.09
790.04	-3.34
790.22	8.57
790.41	2.36
790.59	-2.04
790.77	4.55
790.96	5.40
791.14	-4.40
791.33	12.43
791.51	-0.61
791.70	14.75
791.88	-1.32
792.06	15.78
792.25	-7.50
792.43	1.10
792.62	2.05
792.80	6.25
792.98	1.68
793.17	2.84
793.35	0.45
793.54	16.22
793.72	-1.53
793.90	12.60
794.09	6.01
794.27	11.51
794.46	7.69
794.64	9.91
794.82	1.10
795.01	6.53
795.19	11.37
795.37	9.67
795.56	4.14
795.74	5.47
795.93	0.28
796.11	6.05
796.29	4.82
796.48	6.42
796.66	3.11
796.84	7.89
797.03	7.62
797.21	8.16
797.40	0.48
797.58	12.47
797.76	7.89
797.95	11.13
798.13	1.82
798.31	12.33
798.50	3.97
798.68	12.16
798.86	3.08
799.05	9.05
799.23	13.49
799.42	3.97
799.60	0.35
799.78	4.72
799.97	3.01
800.15	14.79
800.33	6.56
800.52	9.46
800.70	3.35
800.88	8.10
801.07	2.23
801.25	6.49
801.43	7.58
801.62	9.39
801.80	-2.31
801.98	9.39
802.17	0.38
802.35	5.88
802.53	2.50
802.72	11.78
802.90	2.98
803.08	11.92
803.26	-0.51
803.45	8.81
803.63	-3.88
803.81	7.96
804.00	6.08
804.18	8.06
804.36	-1.32
804.55	14.21
804.73	0.93
804.91	3.28
805.10	-2.45
805.28	3.59
805.46	3.97
805.64	10.62
805.83	3.56
806.01	11.92
806.19	-1.84
806.38	7.99
806.56	0.28
806.74	9.70
806.92	4.61
807.11	11.89
807.29	1.37
807.47	15.40
807.66	12.64
807.84	10.93
808.02	0.55
808.20	8.92
808.39	3.42
808.57	18.17
808.75	8.34
808.94	10.86
809.12	-0.61
809.30	14.38
809.48	6.32
809.67	1.06
809.85	5.47
810.03	5.67
810.21	5.95
810.40	1.58
810.58	3.52
810.76	8.13
810.94	-0.85
811.13	9.70
811.31	-0.30
811.49	2.94
811.67	2.64
811.86	6.90
812.04	-6.61
812.22	-0.88
812.40	2.43
812.59	8.06
812.77	4.92
812.95	5.67
813.13	-4.50
813.32	7.28
813.50	6.22
813.68	5.67
813.86	0.79
814.04	7.99
814.23	4.00
814.41	13.97
814.59	-5.35
814.77	3.93
814.96	13.69
815.14	11.03
815.32	1.24
815.50	14.21
815.68	6.66
815.87	6.87
816.05	0.76
816.23	7.82
816.41	3.49
816.59	6.39
816.78	2.26
816.96	5.78
817.14	10.04
817.32	3.11
817.50	4.51
817.69	10.62
817.87	2.46
818.05	2.02
818.23	8.98
818.41	2.57
818.60	2.98
818.78	6.53
818.96	-9.45
819.14	3.42
819.32	1.92
819.51	5.20
819.69	5.67
819.87	8.51
820.05	4.89
820.23	10.69
820.41	1.00
820.60	7.07
820.78	4.51
820.96	8.85
821.14	0.35
821.32	9.43
821.50	-2.55
821.69	21.41
821.87	-0.81
822.05	8.98
822.23	-3.03
822.41	5.60
822.59	5.02
822.78	3.42
822.96	-3.41
823.14	12.84
823.32	6.36
823.50	7.93
823.68	1.44
823.86	11.54
824.05	4.24
824.23	-4.16
824.41	1.06
824.59	5.09
824.77	3.32
824.95	1.65
825.13	6.59
825.32	2.94
825.50	7.04
825.68	8.92
825.86	-0.23
826.04	5.54
826.22	0.48
826.40	11.75
826.58	3.69
826.77	8.47
826.95	7.82
827.13	9.73
827.31	-3.17
827.49	7.38
827.67	6.15
827.85	10.14
828.03	4.89
828.22	4.65
828.40	5.64
828.58	1.41
828.76	-2.59
828.94	10.31
829.12	2.36
829.30	5.74
829.48	1.78
829.66	-0.03
829.84	2.81
830.03	8.37
830.21	-0.27
830.39	11.10
830.57	0.31
830.75	1.20
830.93	2.43
831.11	6.80
831.29	7.96
831.47	7.45
831.65	1.30
831.83	8.81
832.02	-4.26
832.20	4.41
832.38	0.01
832.56	4.79
832.74	4.96
832.92	8.61
833.10	12.09
833.28	14.58
833.46	5.26
833.64	9.63
833.82	3.80
834.00	9.56
834.18	-1.77
834.36	12.74
834.54	-2.04
834.73	8.03
834.91	9.19
835.09	6.59
835.27	11.24
835.45	1.27
835.63	-1.50
835.81	8.57
835.99	1.47
836.17	3.80
836.35	4.17
836.53	8.88
836.71	4.55
836.89	4.48
837.07	10.11
837.25	3.01
837.43	-5.18
837.61	9.77
837.79	0.38
837.97	6.90
838.15	0.66
838.33	8.54
838.51	-6.24
838.69	15.06
838.87	7.58
839.05	3.69
839.23	2.33
839.41	11.71
839.59	6.59
839.78	4.41
839.96	9.77
840.14	16.02
840.32	-0.47
840.50	1.65
840.68	3.01
840.86	3.22
841.04	4.17
841.22	6.80
841.40	7.11
841.58	7.07
841.76	2.67
841.94	8.44
842.12	4.92
842.30	5.50
842.48	6.49
842.66	6.97
842.84	6.87
843.02	2.19
843.20	1.85
843.38	-0.91
843.55	1.88
843.73	9.73
843.91	11.24
844.09	9.12
844.27	0.86
844.45	8.81
844.63	5.81
844.81	8.64
844.99	-3.17
845.17	5.23
845.35	-0.85
845.53	0.66
845.71	6.73
845.89	12.33
846.07	4.10
846.25	4.89
846.43	-1.29
846.61	8.47
846.79	0.86
846.97	5.78
847.15	2.87
847.33	2.26
847.51	13.25
847.69	9.87
847.87	4.79
848.05	12.06
848.23	-3.78
848.41	6.87
848.58	7.41
848.76	5.23
848.94	0.08
849.12	2.05
849.30	5.37
849.48	9.97
849.66	3.39
849.84	7.82
850.02	14.48
850.20	6.77
850.38	-7.81
850.56	12.29
850.74	10.93
850.92	3.80
851.10	4.61
851.27	8.16
851.45	8.37
851.63	13.97
851.81	-3.34
851.99	11.95
852.17	3.32
852.35	5.84
852.53	-1.56
852.71	8.88
852.89	-3.82
853.07	6.25
853.24	4.24
853.42	13.35
853.60	4.31
853.78	14.79
853.96	0.21
854.14	7.28
854.32	6.63
854.50	6.97
854.68	2.74
854.86	5.88
855.03	4.10
855.21	1.95
855.39	-0.61
855.57	8.74
855.75	4.68
855.93	-1.56
856.11	7.00
856.29	1.03
856.47	1.06
856.64	5.30
856.82	-2.04
857.00	3.69
857.18	1.75
857.36	11.61
857.54	5.57
857.72	13.56
857.90	-0.06
858.07	9.39
858.25	8.40
858.43	4.68
858.61	2.53
858.79	1.54
858.97	0.72
859.15	-1.43
859.32	4.24
859.50	10.62
859.68	0.45
859.86	5.54
860.04	11.82
860.22	3.04
860.40	4.41
860.57	4.92
860.75	6.73
860.93	10.21
861.11	-5.25
861.29	8.47
861.47	-0.20
861.64	11.37
861.82	5.98
862.00	11.41
862.18	4.58
862.36	7.86
862.54	-0.51
862.71	9.56
862.89	-0.10
863.07	9.46
863.25	2.77
863.43	3.15
863.61	7.69
863.78	5.02
863.96	4.41
864.14	11.92
864.32	-1.90
864.50	3.32
864.67	8.03
864.85	4.82
865.03	-1.46
865.21	13.59
865.39	4.10
865.57	9.46
865.74	6.39
865.92	6.66
866.10	-0.91
866.28	12.16
866.46	-6.38
866.63	11.95
866.81	9.22
866.99	13.49
867.17	4.21
867.34	5.95
867.52	1.99
867.70	4.75
867.88	10.11
868.06	1.34
868.23	10.28
868.41	5.74
868.59	3.86
868.77	4.41
868.95	5.33
869.12	8.06
869.30	-3.99
869.48	14.31
869.66	-4.26
869.83	-3.17
870.01	-1.46
870.19	13.56
870.37	14.62
870.55	-0.16
870.72	2.19
870.90	5.23
871.08	1.44
871.26	3.49
871.43	-0.13
871.61	9.91
871.79	12.29
871.97	11.68
872.14	2.84
872.32	13.08
872.50	2.09
872.68	9.09
872.85	1.06
873.03	-1.36
873.21	5.43
873.39	9.33
873.56	-1.60
873.74	10.01
873.92	8.16
874.10	10.01
874.27	6.15
874.45	6.46
874.63	0.01
874.80	7.38
874.98	-0.51
875.16	6.70
875.34	-3.47
875.51	11.03
875.69	-1.19
875.87	7.00
876.05	9.91
876.22	7.35
876.40	0.89
876.58	7.38
876.75	1.95
876.93	4.07
877.11	3.18
877.29	8.61
877.46	6.18
877.64	8.54
877.82	-1.84
877.99	9.63
878.17	5.95
878.35	4.55
878.52	2.60
878.70	17.41
878.88	6.73
879.06	2.33
879.23	3.32
879.41	9.19
879.59	2.94
879.76	10.52
879.94	5.67
880.12	11.30
880.29	-1.09
880.47	6.29
880.65	-7.37
880.82	9.63
881.00	1.51
881.18	7.93
881.36	-2.14
881.53	6.29
881.71	4.79
881.89	2.53
882.06	-2.14
882.24	1.78
882.42	-5.86
882.59	3.86
882.77	0.04
882.95	3.32
883.12	4.51
883.30	12.47
883.48	-0.37
883.65	9.29
883.83	8.23
884.01	13.73
884.18	-1.97
884.36	3.04
884.54	0.48
884.71	14.82
884.89	6.39
885.06	11.61
885.24	8.23
885.42	0.14
885.59	4.44
885.77	10.72
885.95	11.13
886.12	7.45
886.30	4.89
886.48	-2.08
886.65	4.61
886.83	19.87
887.01	3.49
887.18	2.26
887.36	7.21
887.53	3.62
887.71	4.31
887.89	7.69
888.06	2.02
888.24	8.98
888.42	-1.02
888.59	2.36
888.77	4.27
888.94	9.87
889.12	8.16
889.30	12.06
889.47	3.52
889.65	6.42
889.82	5.33
890.00	14.79
890.18	5.16
890.35	6.29
890.53	-4.40
890.71	12.29
890.88	1.06
891.06	6.18
891.23	5.37
891.41	8.03
891.59	5.91
891.76	7.69
891.94	6.59
892.11	13.59
892.29	3.18
892.46	7.04
892.64	-0.71
892.82	6.59
892.99	0.18
893.17	4.00
893.34	-0.74
893.52	1.41
893.70	8.13
893.87	5.26
894.05	5.02
894.22	6.90
894.40	6.32
894.57	2.84
894.75	-5.52
894.93	5.95
895.10	-1.39
895.28	4.89
895.45	1.68
895.63	9.63
895.80	0.69
895.98	10.31
896.16	0.28
896.33	1.78
896.51	-2.93
896.68	0.76
896.86	6.42
897.03	6.80
897.21	7.28
897.38	5.64
897.56	-4.84
897.74	3.08
897.91	2.77
898.09	-1.63
898.26	7.75
898.44	13.49
898.61	15.50
898.79	2.46
898.96	3.69
899.14	7.21
899.31	-1.09
899.49	12.47
899.67	-1.63
899.84	6.01
900.02	0.14
900.19	5.43
900.37	2.43
900.54	3.66
900.72	4.51
900.89	13.80
901.07	1.58
901.24	5.84
901.42	2.91
901.59	5.02
901.77	2.12
901.94	5.84
902.12	-0.40
902.29	5.98
902.47	3.93
902.64	12.36
902.82	6.66
902.99	9.12
903.17	2.43
903.34	6.94
903.52	3.01
903.69	9.94
903.87	3.90
904.04	6.29
904.22	5.16
904.39	3.52
904.57	0.89
904.74	4.31
904.92	0.04
905.09	14.38
905.27	1.95
905.44	9.22
905.62	-6.61
905.79	10.21
905.97	-2.25
906.14	12.23
906.32	6.83
906.49	2.23
906.67	-3.68
906.84	3.62
907.02	1.51
907.19	4.99
907.37	2.05
907.54	19.91
907.72	11.10
907.89	3.93
908.06	4.21
908.24	11.95
908.41	-1.90
908.59	2.91
908.76	1.58
908.94	6.83
909.11	6.29
909.29	9.29
909.46	4.96
909.64	10.08
909.81	3.66
909.99	6.49
910.16	-2.76
910.33	4.24
910.51	5.91
910.68	4.79
910.86	0.93
911.03	10.31
911.21	-2.69
911.38	4.51
911.56	-2.35
911.73	4.24
911.90	4.24
912.08	4.10
912.25	2.36
912.43	15.09
912.60	3.32
912.78	-1.12
912.95	-0.81
913.12	17.11
913.30	7.65
913.47	5.13
913.65	5.13
913.82	3.76
914.00	8.68
914.17	4.24
914.34	8.61
914.52	11.51
914.69	-3.47
914.87	7.79
915.04	7.89
915.21	4.96
915.39	4.79
915.56	4.07
915.74	5.64
915.91	8.74
916.08	8.16
916.26	-0.78
916.43	-6.17
916.61	11.82
916.78	3.45
916.95	11.10
917.13	1.10
917.30	8.13
917.48	-6.34
917.65	8.03
917.82	-3.37
918.00	-0.13
918.17	8.85
918.35	7.89
918.52	2.98
918.69	13.46
918.87	0.86
919.04	10.93
919.22	4.24
919.39	6.25
919.56	10.52
919.74	2.81
919.91	-5.01
920.08	9.29
920.26	3.01
920.43	5.37
920.61	7.82
920.78	7.07
920.95	1.06
921.13	8.44
921.30	-0.37
921.47	2.70
921.65	3.69
921.82	0.01
921.99	3.32
922.17	1.51
922.34	-1.56
922.51	2.19
922.69	-0.20
922.86	10.04
923.04	10.49
923.21	8.13
923.38	-2.01
923.56	11.07
923.73	-5.18
923.90	8.98
924.08	11.07
924.25	5.81
924.42	3.49
924.60	9.56
924.77	-4.77
924.94	4.68
925.12	8.88
925.29	9.97
925.46	-1.56
925.64	7.55
925.81	4.10
925.98	7.99
926.16	7.35
926.33	7.38
926.50	-0.30
926.68	12.70
926.85	0.35
927.02	8.92
927.19	-1.56
927.37	10.90
927.54	3.15
927.71	5.81
927.89	3.45
928.06	-5.63
928.23	7.35
928.41	7.55
928.58	1.71
928.75	12.91
928.93	1.95
929.10	1.75
929.27	-3.58
929.44	6.49
929.62	2.60
929.79	7.35
929.96	1.99
930.14	10.25
930.31	7.65
930.48	10.28
930.66	0.93
930.83	8.23
931.00	-10.37
931.17	11.07
931.35	2.57
931.52	10.31
931.69	1.06
931.87	6.25
932.04	0.83
932.21	5.74
932.38	-0.78
932.56	7.79
932.73	-0.68
932.90	2.74
933.07	-3.47
933.25	10.11
933.42	0.45
933.59	8.44
933.77	7.79
933.94	6.66
934.11	3.69
934.28	8.78
934.46	4.92
934.63	2.02
934.80	-2.04
934.97	4.68
935.15	7.69
935.32	11.20
935.49	16.42
935.66	5.88
935.84	2.33
936.01	10.52
936.18	0.21
936.35	8.78
936.53	4.31
936.70	6.83
936.87	6.39
937.04	4.85
937.22	10.55
937.39	12.64
937.56	4.24
937.73	0.42
937.91	3.42
938.08	2.64
938.25	3.52
938.42	8.40
938.59	8.95
938.77	8.88
938.94	2.84
939.11	3.15
939.28	5.20
939.46	5.60
939.63	2.77
939.80	10.90
939.97	4.75
940.14	11.03
940.32	2.60
940.49	-1.15
940.66	-0.27
940.83	10.79
941.00	-9.41
941.18	13.90
941.35	4.99
941.52	13.46
941.69	0.55
941.87	13.63
942.04	-0.16
942.21	10.49
942.38	2.60
942.55	10.25
942.73	6.01
942.90	12.09
943.07	10.38
943.24	8.51
943.41	0.93
943.58	15.23
943.76	11.48
943.93	13.08
944.10	3.83
944.27	11.89
944.44	8.44
944.62	5.26
944.79	-1.15
944.96	9.84
945.13	9.56
945.30	-1.32
945.47	1.44
945.65	7.14
945.82	6.77
945.99	0.59
946.16	5.16
946.33	3.56
946.50	5.54
946.68	5.43
946.85	-2.31
947.02	1.88
947.19	-3.82
947.36	10.18
947.53	1.51
947.71	8.95
947.88	4.79
948.05	11.37
948.22	-7.20
948.39	0.21
948.56	-1.46
948.74	20.01
948.91	-8.25
949.08	9.56
949.25	3.18
949.42	12.67
949.59	-5.22
949.76	12.29
949.94	-0.23
950.11	4.07
950.28	-5.22
950.45	-0.20
950.62	0.52
950.79	6.25
950.96	4.10
951.14	0.66
951.31	1.13
951.48	-1.32
951.65	11.41
951.82	4.79
951.99	5.23
952.16	9.53
952.33	-1.97
952.51	5.88
952.68	6.29
952.85	10.38
953.02	6.83
953.19	9.84
953.36	2.29
953.53	11.30
953.70	1.17
953.87	6.70
954.05	-2.04
954.22	8.03
954.39	9.67
954.56	14.79
954.73	-7.26
954.90	16.83
955.07	-3.54
955.24	15.06
955.41	6.46
955.58	10.52
955.76	0.55
955.93	3.49
956.10	2.19
956.27	-0.20
956.44	-0.30
956.61	7.17
956.78	-1.53
956.95	10.49
957.12	9.87
957.29	2.23
957.46	3.32
957.64	10.04
957.81	7.45
957.98	1.00
958.15	3.76
958.32	7.11
958.49	-3.00
958.66	7.65
958.83	4.31
959.00	12.81
959.17	9.67
959.34	9.19
959.51	4.03
959.68	11.48
959.85	-4.23
960.03	9.80
960.20	-0.16
960.37	4.31
960.54	4.00
960.71	11.20
960.88	10.25
961.05	1.92
961.22	3.18
961.39	3.69
961.56	-0.81
961.73	10.52
961.90	7.96
962.07	4.89
962.24	-3.88
962.41	5.50
962.58	0.31
962.75	6.73
962.92	2.36
963.09	6.90
963.26	6.87
963.44	6.08
963.61	-0.68
963.78	11.95
963.95	2.33
964.12	11.61
964.29	-3.82
964.46	10.35
964.63	9.05
964.80	5.20
964.97	-1.77
965.14	15.47
965.31	4.21
965.48	11.75
965.65	0.21
965.82	12.60
965.99	-0.16
966.16	12.81
966.33	0.04
966.50	-2.86
966.67	8.81
966.84	14.14
967.01	8.92
967.18	5.57
967.35	7.07
967.52	4.44
967.69	2.23
967.86	12.16
968.03	-1.67
968.20	6.73
968.37	4.79
968.54	6.22
968.71	2.40
968.88	14.68
969.05	7.17
969.22	15.67
969.39	-1.36
969.56	8.34
969.73	2.05
969.90	12.16
970.07	0.93
970.24	6.01
970.41	2.53
970.58	3.25
970.75	3.35
970.92	8.92
971.09	1.82
971.26	4.55
971.43	-2.66
971.60	1.75
971.77	1.47
971.94	6.29
972.11	18.40
972.28	3.42
972.45	6.70
972.62	8.54
972.79	4.68
972.96	8.64
973.12	5.57
973.29	2.02
973.46	13.83
973.63	9.33
973.80	7.45
973.97	14.65
974.14	8.37
974.31	11.24
974.48	5.74
974.65	8.57
974.82	9.50
974.99	6.42
975.16	7.48
975.33	7.65
975.50	3.62
975.67	4.82
975.84	2.84
976.01	6.18
976.18	1.00
976.35	5.37
976.51	3.90
976.68	7.62
976.85	2.19
977.02	4.38
977.19	6.08
977.36	3.35
977.53	0.59
977.70	13.15
977.87	2.43
978.04	11.82
978.21	3.01
978.38	3.04
978.55	0.52
978.72	9.63
978.88	-6.79
979.05	1.75
979.22	8.44
979.39	12.53
979.56	0.08
979.73	9.80
979.90	0.25
980.07	10.28
980.24	5.81
980.41	5.26
980.58	1.17
980.75	5.78
980.91	-0.30
981.08	6.90
981.25	7.00
981.42	-2.42
981.59	1.47
981.76	12.23
981.93	3.59
982.10	3.22
982.27	-3.51
982.44	7.35
982.60	2.23
982.77	16.29
982.94	6.29
983.11	3.39
983.28	2.43
983.45	1.24
983.62	4.27
983.79	5.74
983.95	-0.57
984.12	4.51
984.29	6.46
984.46	7.89
984.63	-0.68
984.80	13.69
984.97	5.81
985.14	17.89
985.30	6.01
985.47	8.68
985.64	1.47
985.81	4.03
985.98	0.76
986.15	4.75
986.32	4.38
986.49	6.25
986.65	5.33
986.82	-5.45
986.99	-0.10
987.16	7.62
987.33	5.37
987.50	14.45
987.67	7.89
987.83	9.70
988.00	0.72
988.17	8.57
988.34	1.75
988.51	5.23
988.68	-1.56
988.84	5.95
989.01	2.94
989.18	7.96
989.35	1.41
989.52	8.85
989.69	3.04
989.86	4.99
990.02	-3.00
990.19	7.07
990.36	-6.82
990.53	4.27
990.70	12.43
990.87	9.53
991.03	7.04
991.20	3.80
991.37	5.81
991.54	9.33
991.71	9.39
991.87	10.04
992.04	5.84
992.21	13.97
992.38	6.42
992.55	-0.51
992.72	1.34
992.88	7.35
993.05	4.00
993.22	8.16
993.39	9.22
993.56	2.36
993.72	4.99
993.89	12.23
994.06	-3.58
994.23	10.35
994.40	1.24
994.56	11.20
994.73	11.41
994.90	10.76
995.07	-0.44
995.24	3.90
995.40	-2.35
995.57	3.66
995.74	8.47
995.91	1.61
996.08	4.65
996.24	11.68
996.41	2.29
996.58	12.53
996.75	-5.97
996.92	16.56
997.08	4.24
997.25	16.80
997.42	5.20
997.59	5.88
997.75	4.55
997.92	9.97
998.09	3.28
998.26	4.58
998.43	1.65
998.59	13.90
998.76	2.81
998.93	2.53
999.10	10.59
999.26	2.09
999.43	-1.29
999.60	9.70
999.77	4.44
999.93	9.43
1000.10	1.99
1000.27	6.18
1000.44	9.29
1000.60	10.49
1000.77	3.83
1000.94	17.31
1001.11	5.26
1001.28	14.55
1001.44	11.24
1001.61	7.38
1001.78	4.10
1001.95	13.25
1002.11	7.21
1002.28	3.62
1002.45	2.26
1002.61	10.14
1002.78	1.47
1002.95	-4.36
1003.12	0.83
1003.28	5.81
1003.45	4.85
1003.62	13.97
1003.79	10.66
1003.95	9.80
1004.12	1.71
1004.29	3.62
1004.46	-3.07
1004.62	2.19
1004.79	5.74
1004.96	7.41
1005.12	2.29
1005.29	-0.51
1005.46	3.35
1005.63	4.41
1005.79	2.64
1005.96	9.94
1006.13	4.65
1006.29	6.49
1006.46	6.63
1006.63	1.88
1006.80	2.19
1006.96	5.57
1007.13	7.28
1007.30	13.15
1007.46	-0.91
1007.63	7.93
1007.80	7.48
1007.97	3.97
1008.13	2.87
1008.30	3.59
1008.47	0.38
1008.63	7.07
1008.80	-4.36
1008.97	15.74
1009.13	-0.03
1009.30	16.29
1009.47	1.17
1009.64	2.98
1009.80	12.09
1009.97	4.21
1010.14	6.42
1010.30	4.82
1010.47	-2.93
1010.64	14.72
1010.80	-0.13
1010.97	11.20
1011.14	1.34
1011.30	10.11
1011.47	-3.58
1011.64	11.44
1011.80	3.01
1011.97	10.49
1012.14	-0.64
1012.30	8.85
1012.47	-2.86
1012.64	11.58
1012.80	8.03
1012.97	11.10
1013.14	-1.73
1013.30	8.95
1013.47	2.29
1013.64	7.21
1013.80	-2.52
1013.97	6.59
1014.14	3.73
1014.30	9.22
1014.47	-0.57
1014.64	4.41
1014.80	-6.61
1014.97	-2.08
1015.14	-2.52
1015.30	7.58
1015.47	10.18
1015.64	7.65
1015.80	-6.82
1015.97	6.39
1016.13	0.62
1016.30	7.58
1016.47	6.15
1016.63	15.37
1016.80	-2.66
1016.97	2.46
1017.13	3.35
1017.30	9.02
1017.47	8.10
1017.63	11.20
1017.80	1.44
1017.96	9.63
1018.13	4.82
1018.30	4.65
1018.46	-2.14
1018.63	7.35
1018.80	2.67
1018.96	10.11
1019.13	1.85
1019.29	3.49
1019.46	-1.97
1019.63	11.24
1019.79	1.03
1019.96	20.76
1020.13	2.87
1020.29	0.69
1020.46	0.62
1020.62	10.14
1020.79	-0.98
1020.96	-5.86
1021.12	7.04
1021.29	12.57
1021.45	5.98
1021.62	1.99
1021.79	1.54
1021.95	9.19
1022.12	-4.53
1022.28	10.90
1022.45	-0.16
1022.62	15.91
1022.78	3.97
1022.95	9.94
1023.11	-0.54
1023.28	5.23
1023.45	-0.61
1023.61	20.62
1023.78	3.59
1023.94	2.98
1024.11	-5.69
1024.27	13.42
1024.44	12.47
1024.61	4.85
1024.77	7.86
1024.94	14.96
1025.10	4.68
1025.27	8.71
1025.43	8.44
1025.60	9.84
1025.77	11.17
1025.93	6.94
1026.10	4.27
1026.26	10.01
1026.43	6.22
1026.59	5.30
1026.76	-0.03
1026.93	3.52
1027.09	-1.94
1027.26	4.79
1027.42	-0.33
1027.59	14.00
1027.75	-0.23
1027.92	9.80
1028.08	6.12
1028.25	3.39
1028.42	2.23
1028.58	12.53
1028.75	0.31
1028.91	3.76
1029.08	3.90
1029.24	1.54
1029.41	-2.04
1029.57	3.22
1029.74	-10.03
1029.91	3.93
1030.07	-1.46
1030.24	12.26
1030.40	1.82
1030.57	11.20
1030.73	4.38
1030.90	8.47
1031.06	2.94
1031.23	7.38
1031.39	4.51
1031.56	15.30
1031.72	-2.31
1031.89	-1.90
1032.05	-0.23
1032.22	3.28
1032.38	-0.30
1032.55	16.19
1032.72	4.44
1032.88	3.83
1033.05	2.46
1033.21	11.89
1033.38	4.17
1033.54	4.48
1033.71	-1.67
1033.87	8.03
1034.04	3.35
1034.20	13.15
1034.37	3.83
1034.53	7.58
1034.70	0.08
1034.86	-0.57
1035.03	4.27
1035.19	6.39
1035.36	-4.19
1035.52	9.39
1035.69	1.88
1035.85	2.81
1036.02	4.41
1036.18	6.49
1036.35	11.00
1036.51	5.95
1036.68	1.37
1036.84	5.50
1037.01	10.28
1037.17	9.43
1037.34	-0.20
1037.50	-4.50
1037.67	4.58
