File Dati SpectraSuite
++++++++++++++++++++++++++++++++++++
Data: Mon Feb 25 16:25:12 CET 2019
Utente: Studente
Spettro Scuro Presente: Si
Spettro di Riferimento Presente: No
Numero di Componenti Spettri Campionati: 1
Spettrometri: USB4F01341
Tempo di integrazione (usec): 200000 (USB4F01341)
Media Spettri: 10 (USB4F01341)
Appiattimento Boxcar: 0 (USB4F01341)
Correggi Oscurità Elettronica: Si (USB4F01341)
Strobo/Lampada Abilitato: No (USB4F01341)
Correct for Detector Non-linearity: No (USB4F01341)
Correggi Stray Light: No (USB4F01341)
Numero di Pixel nello Spettro Elaborato: 3648
>>>>>Comincia Dati dello Spettro Elaborati<<<<<
337,57	-179,02
337,79	-179,02
338,02	-179,02
338,24	-204,21
338,47	-176,97
338,69	11,64
338,92	8,57
339,14	17,58
339,36	166,88
339,59	132,47
339,81	28,64
340,04	104,42
340,26	132,27
340,49	59,57
340,71	146,40
340,93	82,50
341,16	50,56
341,38	3,45
341,61	56,70
341,83	161,76
342,05	88,65
342,28	109,33
342,50	106,05
342,73	37,86
342,95	156,64
343,17	15,74
343,40	64,07
343,62	29,26
343,85	80,46
344,07	7,75
344,29	32,33
344,52	-7,81
344,74	98,68
344,97	22,50
345,19	12,46
345,41	88,24
345,64	32,53
345,86	169,95
346,08	63,46
346,31	-14,78
346,53	-18,87
346,76	36,83
346,98	172,41
347,20	131,65
347,43	48,92
347,65	67,35
347,87	121,41
348,10	32,94
348,32	118,75
348,54	115,48
348,77	86,60
348,99	140,67
349,21	119,16
349,44	91,10
349,66	73,29
349,88	66,12
350,11	72,67
350,33	50,15
350,55	144,15
350,78	39,70
351,00	217,26
351,22	132,06
351,45	39,91
351,67	53,01
351,89	39,09
352,12	22,70
352,34	121,21
352,56	55,67
352,79	52,81
353,01	54,24
353,23	88,03
353,45	96,22
353,68	146,40
353,90	143,53
354,12	76,36
354,35	82,71
354,57	101,14
354,79	79,64
355,01	182,03
355,24	51,99
355,46	155,21
355,68	4,07
355,91	159,92
356,13	98,07
356,35	31,10
356,57	107,28
356,80	-3,10
357,02	13,28
357,24	3,45
357,46	78,82
357,69	90,70
357,91	107,90
358,13	33,56
358,35	85,58
358,58	81,68
358,80	57,52
359,02	101,75
359,24	75,95
359,47	136,98
359,69	85,78
359,91	-46,72
360,13	142,10
360,36	18,20
360,58	105,03
360,80	31,51
361,02	17,38
361,25	124,28
361,47	138,82
361,69	145,17
361,91	78,61
362,13	38,06
362,36	184,49
362,58	63,05
362,80	87,42
363,02	35,60
363,25	105,44
363,47	54,24
363,69	107,08
363,91	288,53
364,13	83,73
364,36	36,22
364,58	38,06
364,80	43,39
365,02	163,19
365,24	61,61
365,47	-22,15
365,69	-2,08
365,91	31,30
366,13	80,46
366,35	5,50
366,57	84,14
366,80	37,24
367,02	98,27
367,24	99,91
367,46	142,51
367,68	116,50
367,90	115,27
368,13	139,23
368,35	115,68
368,57	189,20
368,79	132,06
369,01	140,26
369,23	44,21
369,46	78,00
369,68	78,41
369,90	57,52
370,12	132,06
370,34	9,19
370,56	139,64
370,78	40,72
371,01	93,77
371,23	76,15
371,45	97,86
371,67	79,84
371,89	150,29
372,11	173,84
372,33	2,43
372,56	144,35
372,78	155,21
373,00	132,47
373,22	78,20
373,44	56,90
373,66	98,48
373,88	26,80
374,10	38,06
374,32	46,87
374,55	84,96
374,77	39,91
374,99	108,51
375,21	41,34
375,43	113,02
375,65	76,36
375,87	122,85
376,09	128,79
376,31	76,36
376,53	55,47
376,75	63,66
376,98	139,44
377,20	115,89
377,42	60,79
377,64	-3,10
377,86	121,21
378,08	74,31
378,30	81,48
378,52	59,16
378,74	98,07
378,96	103,60
379,18	70,63
379,40	138,00
379,62	167,29
379,84	23,32
380,07	216,44
380,29	78,82
380,51	7,75
380,73	131,45
380,95	62,02
381,17	109,74
381,39	63,66
381,61	42,77
381,83	94,59
382,05	44,00
382,27	16,15
382,49	102,78
382,71	-14,37
382,93	80,25
383,15	142,10
383,37	48,51
383,59	93,36
383,81	156,03
384,03	-1,26
384,25	40,11
384,47	14,31
384,69	76,15
384,91	19,22
385,13	150,09
385,35	69,19
385,57	177,53
385,79	111,99
386,01	-9,04
386,23	40,32
386,45	93,15
386,67	22,91
386,89	63,46
387,11	102,57
387,33	80,25
387,55	68,78
387,77	85,98
387,99	72,26
388,21	8,37
388,43	71,03
388,65	64,07
388,87	22,09
389,09	69,40
389,31	137,59
389,53	71,65
389,75	124,28
389,97	60,79
390,19	136,16
390,41	52,40
390,63	54,86
390,85	49,33
391,07	131,45
391,29	159,51
391,51	15,74
391,72	110,36
391,94	116,70
392,16	27,41
392,38	83,32
392,60	42,98
392,82	31,71
393,04	23,93
393,26	74,93
393,48	89,26
393,70	60,18
393,92	59,77
394,14	99,50
394,36	52,81
394,58	265,80
394,80	100,73
395,01	50,76
395,23	136,36
395,45	22,70
395,67	87,21
395,89	128,99
396,11	63,05
396,33	73,08
396,55	119,78
396,77	150,91
396,99	162,99
397,21	63,25
397,42	90,70
397,64	67,14
397,86	25,16
398,08	94,18
398,30	12,26
398,52	104,62
398,74	52,40
398,96	75,54
399,17	31,10
399,39	95,00
399,61	128,58
399,83	38,68
400,05	151,93
400,27	118,96
400,49	114,45
400,71	3,25
400,92	37,65
401,14	87,42
401,36	128,38
401,58	139,23
401,80	184,49
402,02	82,09
402,24	140,67
402,45	28,64
402,67	178,14
402,89	68,99
403,11	175,69
403,33	141,28
403,55	73,08
403,76	38,06
403,98	145,99
404,20	76,77
404,42	152,75
404,64	118,75
404,86	132,06
405,07	20,45
405,29	120,80
405,51	69,40
405,73	165,86
405,95	74,93
406,17	189,20
406,38	51,78
406,60	73,29
406,82	63,46
407,04	81,48
407,26	125,10
407,47	76,77
407,69	54,45
407,91	115,68
408,13	127,35
408,35	169,95
408,56	140,26
408,78	67,35
409,00	40,32
409,22	49,12
409,44	42,98
409,65	79,84
409,87	123,26
410,09	176,71
410,31	71,85
410,52	126,53
410,74	202,31
410,96	54,86
411,18	55,67
411,40	127,35
411,61	90,49
411,83	121,21
412,05	86,80
412,27	11,64
412,48	50,96
412,70	80,86
412,92	19,84
413,14	91,10
413,35	18,61
413,57	39,29
413,79	52,60
414,01	124,90
414,22	67,14
414,44	118,96
414,66	139,03
414,87	99,71
415,09	97,25
415,31	78,61
415,53	117,32
415,74	159,30
415,96	149,68
416,18	201,70
416,40	91,92
416,61	126,94
416,83	94,38
417,05	12,67
417,26	27,82
417,48	9,19
417,70	185,11
417,92	141,48
418,13	102,37
418,35	55,06
418,57	139,44
418,78	127,35
419,00	169,13
419,22	178,35
419,43	159,92
419,65	92,95
419,87	99,50
420,09	95,41
420,30	104,42
420,52	11,03
420,74	57,72
420,95	65,30
421,17	132,06
421,39	141,69
421,60	106,46
421,82	144,15
422,04	137,59
422,25	181,83
422,47	80,46
422,69	157,87
422,90	70,63
423,12	216,85
423,34	56,49
423,55	77,18
423,77	46,46
423,99	17,79
424,20	198,21
424,42	25,57
424,64	135,14
424,85	41,34
425,07	111,79
425,28	129,40
425,50	128,17
425,72	289,76
425,93	152,13
426,15	148,65
426,37	58,95
426,58	134,93
426,80	99,30
427,01	46,66
427,23	151,11
427,45	148,04
427,66	101,55
427,88	63,87
428,10	29,67
428,31	69,81
428,53	50,76
428,74	128,17
428,96	153,16
429,18	10,41
429,39	33,35
429,61	64,28
429,82	106,26
430,04	254,53
430,26	121,62
430,47	27,21
430,69	52,60
430,90	98,68
431,12	45,44
431,34	260,06
431,55	70,42
431,77	159,10
431,98	28,03
432,20	104,62
432,41	137,39
432,63	119,78
432,85	78,20
433,06	29,05
433,28	121,62
433,49	99,71
433,71	28,23
433,92	70,22
434,14	89,06
434,35	5,29
434,57	93,77
434,79	30,89
435,00	175,89
435,22	135,96
435,43	36,01
435,65	75,75
435,86	75,95
436,08	42,36
436,29	33,15
436,51	130,84
436,72	171,59
436,94	206,61
437,16	119,57
437,37	126,74
437,59	156,44
437,80	269,07
438,02	79,64
438,23	209,48
438,45	314,95
438,66	82,50
438,88	163,40
439,09	97,25
439,31	106,67
439,52	198,83
439,74	90,49
439,95	254,33
440,17	92,74
440,38	67,14
440,60	55,67
440,81	51,17
441,03	131,25
441,24	65,51
441,46	139,44
441,67	115,89
441,89	189,00
442,10	136,36
442,32	114,86
442,53	38,27
442,75	180,81
442,96	103,39
443,18	80,66
443,39	62,84
443,61	85,98
443,82	165,24
444,04	107,08
444,25	171,18
444,46	134,93
444,68	142,10
444,89	26,80
445,11	81,07
445,32	180,40
445,54	150,29
445,75	105,65
445,97	186,34
446,18	347,92
446,40	61,61
446,61	59,98
446,82	136,57
447,04	79,23
447,25	139,23
447,47	71,03
447,68	114,04
447,90	88,44
448,11	91,72
448,32	92,54
448,54	193,09
448,75	34,99
448,97	150,91
449,18	233,44
449,40	91,51
449,61	63,46
449,82	-4,54
450,04	102,78
450,25	82,30
450,47	29,46
450,68	215,42
450,89	150,70
451,11	122,23
451,32	134,11
451,54	177,32
451,75	72,26
451,96	143,12
452,18	119,78
452,39	74,31
452,61	88,03
452,82	123,46
453,03	52,60
453,25	60,18
453,46	101,96
453,68	97,86
453,89	211,32
454,10	302,66
454,32	161,35
454,53	61,82
454,74	188,79
454,96	98,07
455,17	146,40
455,39	99,09
455,60	202,31
455,81	78,82
456,03	173,23
456,24	112,61
456,45	123,87
456,67	65,91
456,88	44,41
457,09	226,89
457,31	124,28
457,52	173,02
457,73	270,51
457,95	66,12
458,16	122,23
458,37	84,76
458,59	108,31
458,80	100,73
459,01	160,12
459,23	221,15
459,44	176,10
459,65	224,43
459,87	195,55
460,08	102,98
460,29	145,79
460,51	88,85
460,72	237,94
460,93	125,31
461,15	130,63
461,36	191,66
461,57	62,84
461,79	100,94
462,00	85,58
462,21	127,35
462,42	292,83
462,64	128,17
462,85	164,83
463,06	145,17
463,28	162,17
463,49	187,77
463,70	206,61
463,92	150,70
464,13	155,82
464,34	186,74
464,55	213,16
464,77	143,74
464,98	168,52
465,19	153,98
465,40	175,69
465,62	164,83
465,83	265,80
466,04	147,83
466,26	251,26
466,47	131,25
466,68	213,78
466,89	229,14
467,11	219,72
467,32	166,27
467,53	172,82
467,74	216,85
467,96	220,95
468,17	206,61
468,38	255,15
468,59	208,86
468,81	225,86
469,02	263,95
469,23	331,74
469,44	353,45
469,66	234,05
469,87	320,89
470,08	162,58
470,29	299,18
470,50	283,20
470,72	303,27
470,93	362,67
471,14	247,36
471,35	292,62
471,57	335,63
471,78	446,43
471,99	259,65
472,20	302,25
472,41	386,83
472,63	343,62
472,84	293,65
473,05	294,67
473,26	350,38
473,47	406,08
473,69	339,93
473,90	362,87
474,11	399,73
474,32	438,65
474,53	427,18
474,75	369,01
474,96	329,69
475,17	490,66
475,38	361,03
475,59	470,59
475,80	348,53
476,02	418,17
476,23	432,71
476,44	407,11
476,65	363,28
476,86	594,91
477,08	538,79
477,29	400,96
477,50	495,37
477,71	414,27
477,92	485,13
478,13	433,73
478,34	467,11
478,56	536,54
478,77	455,44
478,98	477,15
479,19	531,83
479,40	466,91
479,61	575,65
479,83	529,17
480,04	501,72
480,25	514,62
480,46	563,78
480,67	650,00
480,88	550,87
481,09	620,10
481,30	584,46
481,52	616,00
481,73	585,69
481,94	706,93
482,15	689,32
482,36	641,80
482,57	763,45
482,78	718,60
482,99	760,59
483,21	795,81
483,42	809,53
483,63	910,50
483,84	873,43
484,05	868,92
484,26	981,97
484,47	1175,91
484,68	1174,07
484,89	1271,96
485,10	1218,31
485,32	1270,94
485,53	1411,23
485,74	1497,44
485,95	1622,58
486,16	1832,90
486,37	2092,99
486,58	2678,10
486,79	3654,57
487,00	5241,13
487,21	7499,02
487,42	11124,33
487,63	15357,89
487,85	21037,11
488,06	27562,97
488,27	34403,59
488,48	43489,20
488,69	51358,32
488,90	61173,82
489,11	64135,18
489,32	64135,18
489,53	64135,18
489,74	64135,18
489,95	64135,18
490,16	64135,18
490,37	64135,18
490,58	64135,18
490,79	64135,18
491,00	64135,18
491,21	64135,18
491,42	64135,18
491,63	64135,18
491,84	64135,18
492,06	64135,18
492,27	64135,18
492,48	64135,18
492,69	64135,18
492,90	64135,18
493,11	64135,18
493,32	64135,18
493,53	64135,18
493,74	64135,18
493,95	64135,18
494,16	64135,18
494,37	64135,18
494,58	64135,18
494,79	64135,18
495,00	64135,18
495,21	64135,18
495,42	64135,18
495,63	64135,18
495,84	64135,18
496,05	64135,18
496,26	64135,18
496,47	64135,18
496,68	64135,18
496,89	64135,18
497,10	64135,18
497,31	64135,18
497,52	64135,18
497,73	64135,18
497,94	64135,18
498,15	64135,18
498,36	64135,18
498,57	64135,18
498,78	64135,18
498,98	64135,18
499,19	64135,18
499,40	64135,18
499,61	64135,18
499,82	64135,18
500,03	64135,18
500,24	64135,18
500,45	64135,18
500,66	59723,45
500,87	4573,90
501,08	1286,50
501,29	1356,14
501,50	1263,98
501,71	1149,90
501,92	1263,36
502,13	1236,94
502,34	1208,27
502,55	1299,20
502,76	1226,09
502,97	1382,55
503,17	1356,34
503,38	1243,09
503,59	1289,78
503,80	1266,02
504,01	1200,49
504,22	1162,40
504,43	1321,32
504,64	1157,07
504,85	1201,10
505,06	1199,26
505,27	1172,43
505,48	1167,52
505,68	1161,58
505,89	1169,97
506,10	1104,85
506,31	1045,46
506,52	1087,03
506,73	1058,16
506,94	1129,83
507,15	1066,55
507,36	926,68
507,57	1001,63
507,77	915,21
507,98	821,21
508,19	859,50
508,40	836,16
508,61	840,25
508,82	839,84
509,03	824,48
509,24	804,41
509,45	785,57
509,65	857,45
509,86	814,45
510,07	707,54
510,28	763,04
510,49	713,69
510,70	692,80
510,91	725,36
511,11	583,03
511,32	819,16
511,53	648,56
511,74	630,54
511,95	627,26
512,16	603,10
512,37	637,30
512,57	663,72
512,78	625,42
512,99	719,42
513,20	536,95
513,41	558,45
513,62	530,60
513,82	605,55
514,03	456,67
514,24	617,02
514,45	562,55
514,66	544,32
514,87	468,14
515,07	499,26
515,28	525,07
515,49	452,98
515,70	472,44
515,91	509,30
516,11	436,19
516,32	439,67
516,53	506,64
516,74	449,29
516,95	512,58
517,16	546,98
517,36	549,85
517,57	492,30
517,78	440,90
517,99	337,68
518,20	486,36
518,40	468,34
518,61	477,35
518,82	391,95
519,03	472,23
519,23	422,26
519,44	462,61
519,65	422,06
519,86	439,87
520,07	423,29
520,27	406,08
520,48	382,12
520,69	305,73
520,90	389,49
521,10	399,53
521,31	353,65
521,52	489,23
521,73	357,55
521,94	392,36
522,14	366,15
522,35	451,55
522,56	424,72
522,77	423,90
522,97	313,31
523,18	398,91
523,39	357,96
523,60	321,71
523,80	335,22
524,01	306,96
524,22	291,81
524,43	242,45
524,63	344,23
524,84	336,25
525,05	270,92
525,25	350,58
525,46	362,67
525,67	373,52
525,88	331,74
526,08	284,23
526,29	265,18
526,50	294,67
526,71	326,83
526,91	296,52
527,12	341,16
527,33	311,06
527,53	323,96
527,74	299,38
527,95	312,29
528,16	337,27
528,36	340,55
528,57	279,72
528,78	245,73
528,98	304,71
529,19	317,41
529,40	250,64
529,60	311,67
529,81	417,96
530,02	370,04
530,22	309,83
530,43	296,72
530,64	265,18
530,85	251,26
531,05	269,69
531,26	305,73
531,47	364,30
531,67	369,42
531,88	344,03
532,09	285,05
532,29	266,82
532,50	238,15
532,71	182,24
532,91	275,42
533,12	315,77
533,33	271,94
533,53	220,95
533,74	176,51
533,95	259,65
534,15	318,02
534,36	266,82
534,56	270,30
534,77	330,51
534,98	187,36
535,18	329,28
535,39	302,86
535,60	241,02
535,80	264,77
536,01	241,84
536,22	247,98
536,42	243,06
536,63	232,82
536,83	206,82
537,04	287,71
537,25	235,90
537,45	196,78
537,66	283,00
537,87	195,14
538,07	281,16
538,28	256,17
538,48	217,67
538,69	145,58
538,90	245,11
539,10	140,87
539,31	207,43
539,51	233,03
539,72	238,97
539,93	221,77
540,13	231,60
540,34	244,70
540,54	189,20
540,75	143,94
540,96	217,26
541,16	241,63
541,37	162,58
541,57	244,91
541,78	116,09
541,99	211,12
542,19	214,19
542,40	249,62
542,60	121,82
542,81	158,48
543,01	267,84
543,22	209,27
543,43	268,66
543,63	174,87
543,84	167,49
544,04	219,31
544,25	272,55
544,45	147,01
544,66	104,21
544,87	242,65
545,07	314,95
545,28	159,10
545,48	213,78
545,69	199,24
545,89	150,91
546,10	170,77
546,30	228,11
546,51	208,66
546,71	224,22
546,92	188,79
547,13	226,27
547,33	199,65
547,54	332,77
547,74	242,45
547,95	130,63
548,15	118,75
548,36	297,95
548,56	152,34
548,77	243,06
548,97	207,02
549,18	236,31
549,38	151,11
549,59	187,36
549,79	207,22
550,00	192,27
550,20	197,19
550,41	157,66
550,61	222,38
550,82	181,42
551,02	251,26
551,23	178,55
551,43	172,20
551,64	126,74
551,84	149,06
552,05	144,15
552,25	172,00
552,46	221,15
552,66	358,77
552,87	236,31
553,07	114,04
553,28	201,49
553,48	169,95
553,69	124,08
553,89	196,98
554,10	289,96
554,30	295,49
554,51	247,16
554,71	234,26
554,92	183,47
555,12	245,32
555,32	240,40
555,53	219,72
555,73	179,37
555,94	297,13
556,14	305,94
556,35	214,60
556,55	211,53
556,76	234,46
556,96	199,44
557,17	248,80
557,37	291,60
557,57	313,92
557,78	286,69
557,98	183,47
558,19	238,76
558,39	191,66
558,60	234,67
558,80	286,89
559,00	190,43
559,21	231,39
559,41	237,94
559,62	287,30
559,82	267,23
560,03	170,77
560,23	183,88
560,43	255,15
560,64	256,58
560,84	333,58
561,05	178,76
561,25	187,77
561,45	300,00
561,66	292,62
561,86	267,23
562,07	250,44
562,27	266,62
562,47	224,02
562,68	201,49
562,88	256,79
563,09	310,03
563,29	217,87
563,49	201,49
563,70	213,98
563,90	324,57
564,11	253,51
564,31	258,22
564,51	281,57
564,72	137,39
564,92	310,24
565,12	338,29
565,33	258,01
565,53	314,74
565,74	189,41
565,94	179,99
566,14	334,61
566,35	375,77
566,55	219,10
566,75	239,17
566,96	288,12
567,16	253,92
567,36	231,60
567,57	246,14
567,77	262,72
567,98	263,34
568,18	214,19
568,38	175,07
568,59	287,71
568,79	198,21
568,99	313,51
569,20	305,32
569,40	234,46
569,60	140,87
569,81	341,57
570,01	272,96
570,21	252,28
570,42	210,50
570,62	294,88
570,82	225,45
571,03	229,34
571,23	196,17
571,43	238,35
571,63	259,04
571,84	219,51
572,04	282,18
572,24	301,84
572,45	341,57
572,65	254,33
572,85	238,56
573,06	295,08
573,26	320,48
573,46	184,49
573,67	197,80
573,87	315,77
574,07	268,05
574,27	196,78
574,48	356,52
574,68	280,54
574,88	185,11
575,09	226,89
575,29	224,84
575,49	207,02
575,69	286,48
575,90	322,53
576,10	241,43
576,30	235,90
576,51	294,26
576,71	236,10
576,91	346,08
577,11	246,34
577,32	356,11
577,52	258,63
577,72	240,61
577,92	298,36
578,13	202,92
578,33	305,12
578,53	223,40
578,73	221,36
578,94	281,16
579,14	244,29
579,34	304,50
579,54	213,16
579,75	314,54
579,95	268,87
580,15	252,08
580,35	459,94
580,56	198,42
580,76	308,80
580,96	315,15
581,16	309,21
581,37	260,06
581,57	191,66
581,77	305,32
581,97	205,59
582,17	281,36
582,38	220,13
582,58	299,38
582,78	225,04
582,98	292,62
583,19	223,40
583,39	240,40
583,59	185,72
583,79	294,47
583,99	330,10
584,20	218,28
584,40	249,62
584,60	343,21
584,80	258,22
585,00	206,00
585,21	318,22
585,41	337,48
585,61	344,64
585,81	250,85
586,01	247,36
586,22	273,37
586,42	336,45
586,62	325,39
586,82	340,34
587,02	258,63
587,22	361,85
587,43	178,14
587,63	248,18
587,83	359,59
588,03	306,14
588,23	310,44
588,43	254,94
588,64	435,78
588,84	303,27
589,04	226,27
589,24	266,62
589,44	277,27
589,64	322,93
589,85	256,38
590,05	262,72
590,25	243,27
590,45	294,06
590,65	243,68
590,85	267,64
591,05	248,80
591,26	233,23
591,46	322,93
591,66	269,89
591,86	284,43
592,06	416,73
592,26	194,73
592,46	318,02
592,67	267,84
592,87	349,15
593,07	259,24
593,27	333,99
593,47	359,18
593,67	262,93
593,87	267,43
594,07	334,61
594,28	351,20
594,48	340,14
594,68	289,35
594,88	446,43
595,08	319,04
595,28	344,03
595,48	393,39
595,68	398,50
595,88	300,82
596,08	288,32
596,29	408,74
596,49	266,21
596,69	297,74
596,89	264,36
597,09	340,55
597,29	353,45
597,49	277,67
597,69	253,71
597,89	371,27
598,09	331,13
598,29	318,43
598,50	362,26
598,70	328,46
598,90	304,50
599,10	433,32
599,30	366,35
599,50	360,41
599,70	493,12
599,90	374,75
600,10	351,81
600,30	305,94
600,50	411,82
600,70	344,85
600,90	314,74
601,10	331,13
601,30	380,07
601,50	252,69
601,71	272,96
601,91	296,72
602,11	268,46
602,31	378,43
602,51	333,38
602,71	268,05
602,91	296,11
603,11	371,06
603,31	307,78
603,51	307,98
603,71	358,98
603,91	368,81
604,11	393,39
604,31	380,28
604,51	352,02
604,71	339,73
604,91	405,26
605,11	359,59
605,31	353,04
605,51	396,87
605,71	267,43
605,91	273,78
606,11	347,31
606,31	327,65
606,51	345,46
606,71	331,74
606,91	368,81
607,11	386,01
607,31	297,54
607,51	386,01
607,71	375,77
607,91	314,33
608,11	287,10
608,31	264,98
608,51	345,46
608,71	332,56
608,91	241,63
609,11	291,60
609,31	362,46
609,51	353,04
609,71	268,25
609,91	272,35
610,11	317,61
610,31	322,12
610,51	283,82
610,71	277,06
610,91	303,68
611,11	336,45
611,31	249,21
611,51	273,99
611,71	394,20
611,91	303,68
612,11	240,81
612,31	244,09
612,51	317,81
612,71	334,40
612,90	250,85
613,10	297,54
613,30	293,65
613,50	264,77
613,70	312,70
613,90	311,88
614,10	240,40
614,30	251,67
614,50	381,10
614,70	264,98
614,90	263,13
615,10	246,14
615,30	300,41
615,50	204,15
615,70	190,23
615,90	313,92
616,09	244,29
616,29	315,97
616,49	277,06
616,69	260,88
616,89	262,52
617,09	244,91
617,29	250,44
617,49	226,68
617,69	293,65
617,89	214,60
618,09	221,36
618,28	311,67
618,48	204,36
618,68	295,90
618,88	231,60
619,08	267,84
619,28	252,08
619,48	193,91
619,68	229,96
619,88	197,60
620,08	147,22
620,27	186,13
620,47	210,09
620,67	259,04
620,87	304,30
621,07	212,75
621,27	219,31
621,47	280,13
621,67	197,39
621,86	220,54
622,06	270,10
622,26	226,89
622,46	290,17
622,66	176,91
622,86	184,29
623,06	224,84
623,25	236,51
623,45	282,18
623,65	169,95
623,85	200,26
624,05	103,60
624,25	99,91
624,45	237,53
624,64	186,13
624,84	149,06
625,04	153,77
625,24	313,72
625,44	219,92
625,64	203,13
625,83	147,83
626,03	197,60
626,23	178,14
626,43	202,31
626,63	175,69
626,83	181,22
627,02	221,15
627,22	266,41
627,42	212,14
627,62	270,71
627,82	202,72
628,02	195,76
628,21	225,86
628,41	192,68
628,61	247,77
628,81	228,93
629,01	144,56
629,20	186,74
629,40	138,21
629,60	136,98
629,80	144,76
630,00	181,83
630,19	256,58
630,39	161,35
630,59	206,20
630,79	130,63
630,99	160,53
631,18	183,26
631,38	118,14
631,58	140,67
631,78	169,13
631,98	222,79
632,17	210,91
632,37	132,68
632,57	167,49
632,77	222,99
632,96	268,46
633,16	214,60
633,36	205,59
633,56	206,82
633,76	145,58
633,95	105,65
634,15	188,18
634,35	286,28
634,55	145,79
634,74	154,39
634,94	137,59
635,14	94,79
635,34	219,31
635,53	172,61
635,73	184,08
635,93	232,82
636,13	196,78
636,32	176,30
636,52	111,38
636,72	158,07
636,92	174,05
637,11	201,08
637,31	202,72
637,51	169,95
637,70	138,21
637,90	121,62
638,10	203,74
638,30	124,28
638,49	146,40
638,69	229,34
638,89	181,22
639,09	143,12
639,28	156,03
639,48	211,12
639,68	202,51
639,87	105,65
640,07	157,25
640,27	177,94
640,47	120,39
640,66	79,23
640,86	142,51
641,06	156,03
641,25	228,52
641,45	140,87
641,65	192,89
641,84	120,39
642,04	254,94
642,24	144,56
642,44	119,57
642,63	180,19
642,83	86,39
643,03	185,31
643,22	120,19
643,42	176,91
643,62	222,38
643,81	234,26
644,01	122,23
644,21	217,26
644,40	237,74
644,60	227,70
644,80	186,34
644,99	154,39
645,19	58,95
645,39	165,65
645,58	126,94
645,78	146,81
645,98	68,78
646,17	139,23
646,37	56,29
646,57	185,93
646,76	172,00
646,96	58,75
647,16	118,14
647,35	145,38
647,55	142,71
647,75	191,46
647,94	140,67
648,14	195,55
648,33	174,46
648,53	199,65
648,73	125,51
648,92	109,74
649,12	79,64
649,32	86,60
649,51	58,34
649,71	175,69
649,90	191,46
650,10	159,30
650,30	162,17
650,49	125,51
650,69	144,15
650,89	117,73
651,08	149,06
651,28	190,43
651,47	158,89
651,67	140,67
651,87	166,27
652,06	166,06
652,26	200,26
652,45	119,16
652,65	151,32
652,85	165,24
653,04	121,41
653,24	99,50
653,43	164,01
653,63	165,65
653,83	74,31
654,02	105,24
654,22	72,06
654,41	269,69
654,61	141,08
654,81	153,16
655,00	213,78
655,20	135,96
655,39	107,28
655,59	161,15
655,78	124,69
655,98	144,97
656,18	147,42
656,37	240,61
656,57	127,97
656,76	160,94
656,96	285,05
657,15	104,62
657,35	118,14
657,55	188,38
657,74	239,79
657,94	96,43
658,13	111,38
658,33	137,59
658,52	191,86
658,72	90,90
658,91	149,68
659,11	128,79
659,30	341,16
659,50	70,01
659,70	156,64
659,89	65,30
660,09	99,71
660,28	72,26
660,48	90,70
660,67	130,63
660,87	127,97
661,06	172,61
661,26	145,79
661,45	92,54
661,65	64,69
661,84	250,85
662,04	107,49
662,23	169,54
662,43	128,17
662,62	197,19
662,82	128,17
663,01	80,05
663,21	150,50
663,41	56,70
663,60	126,13
663,80	138,62
663,99	157,25
664,19	94,18
664,38	119,37
664,58	84,55
664,77	138,21
664,97	123,26
665,16	145,99
665,35	272,76
665,55	131,04
665,74	90,29
665,94	215,21
666,13	138,00
666,33	168,52
666,52	228,52
666,72	221,77
666,91	74,11
667,11	128,38
667,30	79,43
667,50	88,65
667,69	68,17
667,89	115,68
668,08	246,34
668,28	85,37
668,47	94,38
668,67	169,54
668,86	117,52
669,05	159,30
669,25	202,92
669,44	82,30
669,64	97,04
669,83	36,01
670,03	156,03
670,22	218,90
670,42	125,10
670,61	101,75
670,81	68,78
671,00	58,54
671,19	37,24
671,39	132,68
671,58	143,74
671,78	144,15
671,97	154,80
672,17	159,10
672,36	92,74
672,55	130,63
672,75	106,26
672,94	124,08
673,14	147,22
673,33	179,37
673,53	111,38
673,72	116,70
673,91	132,06
674,11	175,28
674,30	301,23
674,50	155,41
674,69	181,83
674,88	109,95
675,08	112,40
675,27	78,61
675,47	124,49
675,66	80,25
675,85	51,37
676,05	150,91
676,24	62,02
676,44	68,58
676,63	125,92
676,82	134,73
677,02	301,43
677,21	106,67
677,41	79,43
677,60	238,56
677,79	134,52
677,99	222,99
678,18	168,31
678,37	189,61
678,57	143,53
678,76	102,78
678,96	107,28
679,15	89,47
679,34	194,94
679,54	88,44
679,73	136,98
679,92	161,76
680,12	160,53
680,31	141,28
680,51	93,15
680,70	101,96
680,89	184,70
681,09	165,86
681,28	95,82
681,47	177,94
681,67	141,48
681,86	198,42
682,05	150,70
682,25	92,33
682,44	59,16
682,63	124,28
682,83	100,12
683,02	185,11
683,21	202,51
683,41	132,47
683,60	158,89
683,79	135,75
683,99	155,82
684,18	157,25
684,37	87,21
684,57	75,13
684,76	171,59
684,95	130,22
685,15	189,20
685,34	72,67
685,53	154,80
685,73	92,74
685,92	93,56
686,11	80,05
686,31	77,18
686,50	149,88
686,69	42,16
686,88	106,67
687,08	223,81
687,27	119,16
687,46	146,81
687,66	138,21
687,85	131,86
688,04	139,03
688,24	114,45
688,43	143,74
688,62	208,45
688,81	80,05
689,01	157,05
689,20	138,21
689,39	97,25
689,59	45,23
689,78	185,72
689,97	186,34
690,16	48,30
690,36	110,77
690,55	162,37
690,74	50,56
690,93	178,96
691,13	118,75
691,32	159,10
691,51	81,07
691,70	139,85
691,90	116,29
692,09	117,93
692,28	21,06
692,48	89,26
692,67	177,94
692,86	190,02
693,05	79,23
693,25	143,53
693,44	93,97
693,63	161,15
693,82	86,39
694,01	148,24
694,21	104,62
694,40	83,32
694,59	118,75
694,78	18,20
694,98	49,94
695,17	134,73
695,36	15,33
695,55	141,89
695,75	123,67
695,94	109,95
696,13	170,36
696,32	72,67
696,51	104,42
696,71	131,25
696,90	46,87
697,09	242,65
697,28	89,88
697,48	178,76
697,67	139,64
697,86	139,85
698,05	122,44
698,24	146,60
698,44	90,49
698,63	105,44
698,82	108,10
699,01	217,87
699,20	138,82
699,40	42,57
699,59	274,81
699,78	89,06
699,97	181,63
700,16	121,62
700,36	151,72
700,55	89,47
700,74	108,72
700,93	154,80
701,12	112,61
701,31	127,35
701,51	10,62
701,70	123,46
701,89	90,49
702,08	89,88
702,27	91,10
702,46	162,17
702,66	73,29
702,85	145,99
703,04	184,49
703,23	62,23
703,42	138,00
703,61	156,84
703,81	123,26
704,00	105,44
704,19	88,24
704,38	163,19
704,57	161,96
704,76	89,88
704,96	97,04
705,15	193,50
705,34	36,83
705,53	148,24
705,72	90,70
705,91	242,45
706,10	40,11
706,30	92,54
706,49	41,13
706,68	35,60
706,87	8,78
707,06	14,72
707,25	113,22
707,44	90,90
707,63	33,35
707,83	29,46
708,02	197,39
708,21	60,39
708,40	71,24
708,59	71,85
708,78	170,16
708,97	113,02
709,16	36,01
709,35	78,41
709,55	115,48
709,74	64,69
709,93	57,72
710,12	151,32
710,31	121,62
710,50	25,57
710,69	104,42
710,88	45,84
711,07	84,96
711,26	61,00
711,46	140,05
711,65	139,03
711,84	65,91
712,03	-4,74
712,22	194,73
712,41	107,90
712,60	147,83
712,79	84,76
712,98	58,13
713,17	59,57
713,36	167,08
713,55	92,54
713,75	101,14
713,94	65,30
714,13	155,00
714,32	126,74
714,51	215,62
714,70	164,63
714,89	37,45
715,08	42,57
715,27	74,93
715,46	104,62
715,65	184,08
715,84	55,27
716,03	-2,28
716,22	54,04
716,41	138,62
716,60	60,59
716,79	71,85
716,99	104,83
717,18	77,79
717,37	164,22
717,56	49,74
717,75	28,64
717,94	121,41
718,13	108,72
718,32	102,78
718,51	29,87
718,70	33,97
718,89	61,20
719,08	87,42
719,27	55,88
719,46	55,67
719,65	191,25
719,84	37,65
720,03	143,94
720,22	103,80
720,41	115,27
720,60	34,38
720,79	32,33
720,98	46,87
721,17	24,55
721,36	-6,58
721,55	208,25
721,74	130,63
721,93	52,81
722,12	73,49
722,31	119,37
722,50	75,95
722,69	8,37
722,88	32,74
723,07	122,85
723,26	151,72
723,45	133,09
723,64	97,25
723,83	58,54
724,02	139,44
724,21	53,42
724,40	123,46
724,59	46,87
724,78	157,46
724,97	94,59
725,16	30,89
725,35	25,37
725,54	16,15
725,73	107,49
725,92	106,67
726,11	155,00
726,30	89,26
726,49	115,27
726,68	127,56
726,87	41,54
727,06	67,55
727,25	135,34
727,43	88,44
727,62	114,04
727,81	68,58
728,00	87,83
728,19	140,87
728,38	182,03
728,57	102,98
728,76	86,39
728,95	166,06
729,14	172,41
729,33	78,20
729,52	143,33
729,71	106,87
729,90	80,46
730,09	87,62
730,28	198,21
730,47	112,61
730,65	50,76
730,84	51,58
731,03	196,78
731,22	117,93
731,41	40,93
731,60	77,38
731,79	83,73
731,98	39,91
732,17	63,25
732,36	157,87
732,55	87,83
732,74	60,59
732,92	80,86
733,11	77,18
733,30	89,88
733,49	8,98
733,68	10,62
733,87	50,15
734,06	17,38
734,25	-1,05
734,44	170,77
734,63	226,68
734,81	87,83
735,00	41,34
735,19	73,70
735,38	104,62
735,57	129,40
735,76	86,19
735,95	132,68
736,14	173,64
736,33	108,92
736,51	12,46
736,70	103,39
736,89	49,33
737,08	65,10
737,27	94,79
737,46	136,36
737,65	-12,73
737,83	5,91
738,02	24,75
738,21	55,06
738,40	157,87
738,59	178,76
738,78	3,86
738,97	79,84
739,16	199,24
739,34	101,96
739,53	41,54
739,72	101,14
739,91	91,72
740,10	34,17
740,29	132,27
740,47	218,49
740,66	154,39
740,85	0,79
741,04	22,70
741,23	1,20
741,42	85,37
741,60	183,06
741,79	109,54
741,98	16,76
742,17	23,32
742,36	120,39
742,55	136,57
742,73	14,51
742,92	31,71
743,11	79,84
743,30	35,40
743,49	206,82
743,68	34,17
743,86	110,15
744,05	64,07
744,24	143,53
744,43	39,91
744,62	134,11
744,80	77,59
744,99	71,03
745,18	146,20
745,37	43,80
745,56	69,60
745,74	118,34
745,93	116,50
746,12	90,08
746,31	25,98
746,50	71,65
746,68	71,44
746,87	92,74
747,06	95,61
747,25	189,61
747,44	234,87
747,62	112,40
747,81	14,51
748,00	160,53
748,19	131,65
748,37	89,88
748,56	105,24
748,75	54,86
748,94	130,84
749,13	93,15
749,31	-28,50
749,50	82,50
749,69	5,29
749,88	87,83
750,06	34,79
750,25	70,42
750,44	99,71
750,63	49,53
750,81	165,65
751,00	143,12
751,19	71,65
751,38	-8,02
751,56	99,50
751,75	123,26
751,94	71,65
752,13	28,64
752,31	137,59
752,50	6,11
752,69	90,90
752,88	123,26
753,06	154,39
753,25	25,57
753,44	66,12
753,63	59,77
753,81	51,58
754,00	89,06
754,19	169,34
754,37	58,13
754,56	64,28
754,75	47,69
754,94	14,51
755,12	31,92
755,31	18,20
755,50	98,48
755,69	95,20
755,87	-5,35
756,06	43,80
756,25	-33,82
756,43	158,69
756,62	-47,13
756,81	102,98
756,99	65,10
757,18	113,43
757,37	117,73
757,56	28,64
757,74	26,59
757,93	48,10
758,12	143,53
758,30	126,94
758,49	-14,57
758,68	213,57
758,86	38,06
759,05	53,01
759,24	47,48
759,42	135,96
759,61	111,17
759,80	51,58
759,99	91,51
760,17	56,49
760,36	45,03
760,55	-8,63
760,73	136,36
760,92	27,21
761,11	119,16
761,29	94,18
761,48	137,18
761,67	84,35
761,85	125,51
762,04	28,44
762,23	141,08
762,41	52,60
762,60	54,45
762,79	4,07
762,97	136,57
763,16	36,63
763,34	14,92
763,53	40,52
763,72	12,67
763,90	95,00
764,09	91,10
764,28	135,55
764,46	149,88
764,65	163,60
764,84	45,64
765,02	39,50
765,21	3,45
765,40	110,56
765,58	188,79
765,77	148,45
765,95	141,89
766,14	6,32
766,33	47,07
766,51	73,08
766,70	94,38
766,89	89,88
767,07	140,67
767,26	189,61
767,44	93,15
767,63	104,01
767,82	57,11
768,00	134,73
768,19	97,04
768,37	126,13
768,56	59,16
768,75	51,78
768,93	67,96
769,12	28,85
769,30	99,09
769,49	71,65
769,68	93,56
769,86	94,18
770,05	97,66
770,23	105,65
770,42	30,89
770,61	112,20
770,79	109,54
770,98	124,90
771,16	112,61
771,35	66,73
771,54	13,28
771,72	130,63
771,91	87,42
772,09	94,79
772,28	49,53
772,46	20,86
772,65	85,37
772,84	29,46
773,02	121,01
773,21	97,66
773,39	105,24
773,58	72,47
773,76	23,11
773,95	119,57
774,13	36,63
774,32	211,12
774,51	37,65
774,69	160,53
774,88	66,53
775,06	202,92
775,25	51,37
775,43	72,06
775,62	183,88
775,80	54,65
775,99	94,79
776,18	39,70
776,36	126,53
776,55	50,96
776,73	135,96
776,92	92,95
777,10	110,15
777,29	136,16
777,47	29,87
777,66	157,05
777,84	40,72
778,03	165,45
778,21	121,41
778,40	88,44
778,58	116,29
778,77	131,04
778,95	142,10
779,14	115,27
779,33	133,70
779,51	99,09
779,70	64,28
779,88	113,02
780,07	141,28
780,25	98,68
780,44	54,65
780,62	70,01
780,81	-0,85
780,99	76,97
781,18	41,13
781,36	-4,74
781,55	60,79
781,73	89,26
781,92	142,10
782,10	74,11
782,29	158,07
782,47	28,23
782,66	89,67
782,84	110,36
783,03	112,61
783,21	72,88
783,39	63,25
783,58	24,96
783,76	87,83
783,95	104,01
784,13	160,53
784,32	133,70
784,50	5,70
784,69	142,92
784,87	137,80
785,06	129,61
785,24	221,36
785,43	64,48
785,61	83,53
785,80	99,91
785,98	63,87
786,17	111,58
786,35	70,63
786,53	37,86
786,72	20,45
786,90	52,81
787,09	82,91
787,27	100,12
787,46	61,82
787,64	132,47
787,83	129,20
788,01	64,89
788,19	79,23
788,38	78,61
788,56	93,56
788,75	41,13
788,93	-0,85
789,12	148,65
789,30	99,30
789,49	105,03
789,67	218,28
789,85	88,24
790,04	92,74
790,22	117,93
790,41	49,74
790,59	121,41
790,77	69,19
790,96	26,80
791,14	45,84
791,33	75,75
791,51	115,48
791,70	68,58
791,88	22,50
792,06	117,93
792,25	128,38
792,43	34,79
792,62	239,79
792,80	194,32
792,98	91,72
793,17	110,56
793,35	131,25
793,54	10,21
793,72	140,05
793,90	112,61
794,09	169,75
794,27	133,50
794,46	82,50
794,64	92,74
794,82	14,92
795,01	91,72
795,19	85,58
795,37	71,03
795,56	114,66
795,74	56,08
795,93	40,52
796,11	119,98
796,29	86,19
796,48	103,80
796,66	122,03
796,84	44,00
797,03	98,89
797,21	183,88
797,40	76,15
797,58	43,18
797,76	122,03
797,95	105,24
798,13	37,24
798,31	70,63
798,50	81,27
798,68	7,75
798,86	46,87
799,05	126,33
799,23	153,98
799,42	83,12
799,60	78,61
799,78	61,82
799,97	83,53
800,15	78,61
800,33	74,11
800,52	34,17
800,70	74,52
800,88	131,25
801,07	49,33
801,25	83,73
801,43	86,60
801,62	65,51
801,80	71,85
801,98	40,93
802,17	182,65
802,35	124,08
802,53	133,91
802,72	21,68
802,90	-1,26
803,08	45,03
803,26	75,13
803,45	116,70
803,63	96,22
803,81	146,60
804,00	21,68
804,18	26,59
804,36	133,29
804,55	34,17
804,73	122,64
804,91	-52,25
805,10	111,58
805,28	-15,39
805,46	50,96
805,64	144,56
805,83	171,39
806,01	92,74
806,19	57,72
806,38	43,39
806,56	226,68
806,74	113,22
806,92	118,55
807,11	122,03
807,29	98,89
807,47	63,25
807,66	55,06
807,84	169,75
808,02	191,46
808,20	85,78
808,39	0,38
808,57	75,13
808,75	50,15
808,94	196,98
809,12	119,98
809,30	164,63
809,48	78,20
809,67	198,83
809,85	159,10
810,03	89,26
810,21	60,39
810,40	126,33
810,58	121,41
810,76	196,78
810,94	5,70
811,13	150,09
811,31	221,15
811,49	142,30
811,67	140,26
811,86	135,96
812,04	159,30
812,22	142,92
812,40	124,49
812,59	185,11
812,77	158,89
812,95	165,45
813,13	70,83
813,32	177,12
813,50	157,87
813,68	138,62
813,86	7,34
814,04	80,25
814,23	143,74
814,41	135,34
814,59	161,35
814,77	168,93
814,96	127,56
815,14	147,22
815,32	107,08
815,50	148,04
815,68	194,12
815,87	140,26
816,05	132,88
816,23	145,79
816,41	197,19
816,59	114,25
816,78	174,66
816,96	97,45
817,14	237,74
817,32	144,97
817,50	289,35
817,69	43,80
817,87	123,46
818,05	155,41
818,23	220,95
818,41	185,31
818,60	194,73
818,78	128,79
818,96	170,98
819,14	108,72
819,32	136,36
819,51	133,70
819,69	197,60
819,87	208,86
820,05	81,68
820,23	197,19
820,41	156,64
820,60	194,53
820,78	144,76
820,96	163,81
821,14	40,32
821,32	155,82
821,50	30,89
821,69	162,17
821,87	111,58
822,05	211,12
822,23	169,54
822,41	134,93
822,59	93,15
822,78	88,85
822,96	164,83
823,14	90,90
823,32	126,53
823,50	234,87
823,68	198,01
823,86	179,58
824,05	155,41
824,23	113,02
824,41	185,11
824,59	182,85
824,77	158,07
824,95	81,48
825,13	115,68
825,32	175,48
825,50	84,96
825,68	74,31
825,86	112,61
826,04	134,32
826,22	65,71
826,40	157,05
826,58	98,07
826,77	113,43
826,95	211,93
827,13	109,13
827,31	133,29
827,49	167,29
827,67	190,84
827,85	146,81
828,03	53,42
828,22	123,26
828,40	181,22
828,58	106,67
828,76	109,13
828,94	134,52
829,12	209,68
829,30	139,23
829,48	62,02
829,66	162,17
829,84	153,36
830,03	165,45
830,21	156,84
830,39	160,94
830,57	253,71
830,75	239,17
830,93	65,71
831,11	83,94
831,29	210,50
831,47	62,64
831,65	143,94
831,83	120,19
832,02	38,06
832,20	84,55
832,38	68,58
832,56	38,68
832,74	87,83
832,92	47,69
833,10	138,41
833,28	37,24
833,46	166,67
833,64	218,90
833,82	163,19
834,00	59,77
834,18	77,38
834,36	158,48
834,54	49,94
834,73	181,83
834,91	20,25
835,09	89,88
835,27	103,80
835,45	150,09
835,63	38,27
835,81	142,71
835,99	96,22
836,17	150,50
836,35	75,54
836,53	38,06
836,71	188,59
836,89	145,58
837,07	102,78
837,25	65,91
837,43	66,94
837,61	103,60
837,79	171,18
837,97	143,53
838,15	70,01
838,33	104,01
838,51	116,70
838,69	156,03
838,87	34,99
839,05	10,41
839,23	96,63
839,41	12,67
839,59	55,06
839,78	73,49
839,96	155,41
840,14	94,59
840,32	43,18
840,50	20,65
840,68	127,56
840,86	59,16
841,04	73,70
841,22	74,93
841,40	139,44
841,58	179,99
841,76	57,93
841,94	12,67
842,12	56,08
842,30	97,66
842,48	99,30
842,66	23,73
842,84	78,82
843,02	111,79
843,20	38,47
843,38	102,16
843,55	74,72
843,73	143,12
843,91	118,14
844,09	106,67
844,27	108,72
844,45	58,95
844,63	87,21
844,81	82,30
844,99	87,62
845,17	151,93
845,35	163,40
845,53	44,41
845,71	106,87
845,89	60,79
846,07	140,67
846,25	83,53
846,43	67,55
846,61	89,88
846,79	72,67
846,97	22,50
847,15	96,22
847,33	31,30
847,51	63,25
847,69	15,33
847,87	71,65
848,05	59,16
848,23	44,62
848,41	118,75
848,58	51,78
848,76	132,06
848,94	-13,55
849,12	42,57
849,30	91,51
849,48	55,27
849,66	19,02
849,84	137,80
850,02	103,39
850,20	130,02
850,38	57,11
850,56	-37,71
850,74	42,36
850,92	68,78
851,10	7,34
851,27	76,15
851,45	55,47
851,63	171,59
851,81	49,53
851,99	120,39
852,17	121,82
852,35	100,53
852,53	178,96
852,71	47,89
852,89	112,20
853,07	49,12
853,24	58,95
853,42	93,36
853,60	208,25
853,78	118,14
853,96	-15,18
854,14	15,33
854,32	84,96
854,50	141,69
854,68	135,96
854,86	83,12
855,03	12,67
855,21	-23,17
855,39	173,64
855,57	84,35
855,75	24,14
855,93	163,60
856,11	85,37
856,29	143,33
856,47	3,45
856,64	67,76
856,82	14,51
857,00	65,91
857,18	109,33
857,36	86,39
857,54	11,64
857,72	85,78
857,90	26,59
858,07	81,68
858,25	58,54
858,43	-6,58
858,61	144,97
858,79	12,05
858,97	32,33
859,15	80,46
859,32	51,17
859,50	162,58
859,68	165,86
859,86	45,44
860,04	62,23
860,22	87,01
860,40	81,07
860,57	37,45
860,75	55,47
860,93	59,57
861,11	32,74
861,29	131,04
861,47	-19,69
861,64	199,65
861,82	31,10
862,00	116,70
862,18	68,37
862,36	25,98
862,54	-11,91
862,71	36,42
862,89	135,55
863,07	120,60
863,25	14,10
863,43	31,10
863,61	64,07
863,78	58,75
863,96	83,73
864,14	32,74
864,32	208,25
864,50	51,17
864,67	28,23
864,85	52,60
865,03	187,97
865,21	82,91
865,39	107,69
865,57	16,56
865,74	205,59
865,92	117,11
866,10	86,19
866,28	99,71
866,46	33,56
866,63	154,80
866,81	114,86
866,99	168,31
867,17	48,92
867,34	50,15
867,52	33,56
867,70	24,96
867,88	127,76
868,06	6,93
868,23	67,96
868,41	172,61
868,59	94,18
868,77	-18,87
868,95	40,52
869,12	72,06
869,30	98,89
869,48	92,95
869,66	81,07
869,83	40,93
870,01	93,36
870,19	108,31
870,37	22,09
870,55	45,23
870,72	92,33
870,90	50,96
871,08	5,50
871,26	90,90
871,43	48,10
871,61	51,58
871,79	38,06
871,97	36,42
872,14	260,27
872,32	42,98
872,50	54,04
872,68	34,79
872,85	134,11
873,03	113,02
873,21	71,65
873,39	19,63
873,56	15,74
873,74	197,60
873,92	61,00
874,10	52,81
874,27	31,71
874,45	56,70
874,63	68,78
874,80	96,43
874,98	121,01
875,16	17,38
875,34	116,09
875,51	144,56
875,69	67,55
875,87	26,18
876,05	30,48
876,22	16,15
876,40	32,53
876,58	-0,23
876,75	-37,92
876,93	-8,84
877,11	28,23
877,29	1,20
877,46	109,95
877,64	93,97
877,82	13,49
877,99	-1,46
878,17	-2,28
878,35	31,92
878,52	87,62
878,70	169,75
878,88	17,58
879,06	90,08
879,23	8,98
879,41	167,49
879,59	109,13
879,76	-7,81
879,94	-2,49
880,12	100,94
880,29	103,19
880,47	-13,96
880,65	72,67
880,82	44,21
881,00	23,32
881,18	-26,45
881,36	83,73
881,53	121,41
881,71	150,29
881,89	64,48
882,06	84,96
882,24	101,55
882,42	-1,05
882,59	110,15
882,77	104,62
882,95	58,95
883,12	68,99
883,30	98,27
883,48	-1,67
883,65	110,77
883,83	41,34
884,01	115,27
884,18	0,18
884,36	39,29
884,54	43,39
884,71	73,29
884,89	50,56
885,06	11,85
885,24	124,28
885,42	92,33
885,59	78,61
885,77	41,75
885,95	80,25
886,12	88,24
886,30	67,35
886,48	115,89
886,65	75,54
886,83	92,74
887,01	-10,47
887,18	61,82
887,36	165,04
887,53	44,62
887,71	48,10
887,89	62,64
888,06	-39,56
888,24	98,07
888,42	135,34
888,59	87,01
888,77	-19,49
888,94	48,92
889,12	57,31
889,30	152,95
889,47	54,45
889,65	125,72
889,82	70,83
890,00	111,79
890,18	90,90
890,35	91,10
890,53	62,02
890,71	-32,18
890,88	185,72
891,06	26,39
891,23	47,69
891,41	103,19
891,59	56,70
891,76	119,98
891,94	120,60
892,11	19,63
892,29	26,39
892,46	202,51
892,64	-15,59
892,82	82,50
892,99	-10,06
893,17	101,75
893,34	85,17
893,52	79,02
893,70	23,11
893,87	8,98
894,05	131,25
894,22	-24,40
894,40	125,10
894,57	38,06
894,75	107,90
894,93	24,55
895,10	114,45
895,28	129,40
895,45	89,06
895,63	204,56
895,80	106,05
895,98	79,02
896,16	95,82
896,33	151,11
896,51	62,43
896,68	127,15
896,86	167,70
897,03	66,12
897,21	52,81
897,38	-6,58
897,56	50,76
897,74	254,94
897,91	177,53
898,09	17,17
898,26	157,87
898,44	80,66
898,61	101,96
898,79	39,91
898,96	81,68
899,14	33,76
899,31	81,48
899,49	16,15
899,67	51,58
899,84	146,60
900,02	22,50
900,19	69,19
900,37	119,78
900,54	119,37
900,72	-4,94
900,89	70,22
901,07	146,81
901,24	35,40
901,42	-14,37
901,59	-4,94
901,77	184,29
901,94	192,68
902,12	36,22
902,29	55,47
902,47	109,13
902,64	51,58
902,82	21,47
902,99	69,19
903,17	49,12
903,34	247,16
903,52	179,37
903,69	57,93
903,87	22,09
904,04	70,01
904,22	133,91
904,39	72,67
904,57	131,25
904,74	17,79
904,92	50,15
905,09	110,56
905,27	32,33
905,44	129,61
905,62	68,78
905,79	84,96
905,97	118,75
906,14	124,28
906,32	149,27
906,49	125,51
906,67	16,35
906,84	103,39
907,02	63,25
907,19	160,53
907,37	122,44
907,54	40,93
907,72	192,89
907,89	40,32
908,06	40,11
908,24	93,97
908,41	131,86
908,59	65,51
908,76	35,60
908,94	177,32
909,11	246,34
909,29	92,33
909,46	220,33
909,64	118,96
909,81	64,28
909,99	96,63
910,16	51,37
910,33	87,42
910,51	151,93
910,68	34,99
910,86	141,08
911,03	-18,05
911,21	48,92
911,38	70,83
911,56	44,41
911,73	61,61
911,90	108,51
912,08	12,26
912,25	163,19
912,43	75,13
912,60	110,56
912,78	65,10
912,95	91,51
913,12	118,14
913,30	117,52
913,47	114,25
913,65	157,66
913,82	38,47
914,00	115,48
914,17	13,49
914,34	149,88
914,52	34,17
914,69	17,17
914,87	55,47
915,04	96,02
915,21	-9,45
915,39	70,42
915,56	95,61
915,74	45,84
915,91	137,59
916,08	111,79
916,26	34,79
916,43	59,98
916,61	60,79
916,78	58,95
916,95	108,92
917,13	193,71
917,30	38,06
917,48	110,56
917,65	28,64
917,82	62,23
918,00	70,01
918,17	76,56
918,35	91,72
918,52	93,77
918,69	95,20
918,87	108,92
919,04	102,98
919,22	102,98
919,39	129,40
919,56	98,68
919,74	173,02
919,91	157,66
920,08	125,10
920,26	116,91
920,43	109,33
920,61	119,16
920,78	50,96
920,95	148,65
921,13	133,91
921,30	44,41
921,47	99,30
921,65	148,45
921,82	60,59
921,99	133,50
922,17	166,67
922,34	158,89
922,51	-16,21
922,69	87,42
922,86	66,32
923,04	79,23
923,21	6,52
923,38	81,27
923,56	216,85
923,73	97,04
923,90	21,47
924,08	51,37
924,25	82,09
924,42	53,01
924,60	39,91
924,77	122,64
924,94	111,17
925,12	100,53
925,29	173,84
925,46	8,37
925,64	83,73
925,81	173,02
925,98	112,61
926,16	121,41
926,33	112,81
926,50	68,17
926,68	41,95
926,85	16,76
927,02	104,21
927,19	93,77
927,37	122,85
927,54	131,45
927,71	94,79
927,89	146,20
928,06	42,57
928,23	74,31
928,41	134,73
928,58	167,49
928,75	90,90
928,93	57,31
929,10	25,98
929,27	97,25
929,44	150,09
929,62	47,89
929,79	149,06
929,96	158,89
930,14	43,59
930,31	224,02
930,48	149,06
930,66	207,22
930,83	80,46
931,00	130,84
931,17	114,45
931,35	5,70
931,52	95,00
931,69	178,96
931,87	51,78
932,04	65,10
932,21	142,10
932,38	153,77
932,56	172,00
932,73	120,60
932,90	147,01
933,07	157,46
933,25	135,55
933,42	89,47
933,59	132,88
933,77	115,27
933,94	62,43
934,11	219,72
934,28	80,05
934,46	149,88
934,63	100,12
934,80	70,01
934,97	36,42
935,15	108,10
935,32	140,26
935,49	143,53
935,66	56,90
935,84	109,95
936,01	183,47
936,18	87,42
936,35	3,25
936,53	271,33
936,70	100,73
936,87	135,34
937,04	130,02
937,22	133,50
937,39	139,03
937,56	195,96
937,73	104,62
937,91	84,35
938,08	47,69
938,25	53,01
938,42	118,96
938,59	139,44
938,77	61,41
938,94	81,68
939,11	10,21
939,28	97,04
939,46	89,88
939,63	23,11
939,80	92,54
939,97	58,34
940,14	101,34
940,32	145,17
940,49	72,47
940,66	235,28
940,83	134,11
941,00	104,21
941,18	79,64
941,35	107,28
941,52	110,56
941,69	125,10
941,87	51,78
942,04	103,60
942,21	62,23
942,38	153,77
942,55	91,31
942,73	76,36
942,90	62,02
943,07	60,79
943,24	74,31
943,41	29,46
943,58	97,04
943,76	107,90
943,93	104,62
944,10	151,72
944,27	201,49
944,44	25,98
944,62	154,59
944,79	59,16
944,96	121,41
945,13	177,12
945,30	49,53
945,47	84,55
945,65	151,72
945,82	78,20
945,99	92,33
946,16	182,85
946,33	110,56
946,50	102,16
946,68	160,53
946,85	130,02
947,02	146,40
947,19	149,06
947,36	75,75
947,53	175,48
947,71	162,99
947,88	75,75
948,05	109,54
948,22	95,41
948,39	64,89
948,56	125,31
948,74	68,78
948,91	115,48
949,08	166,67
949,25	75,75
949,42	105,85
949,59	82,91
949,76	158,48
949,94	123,87
950,11	13,49
950,28	117,73
950,45	55,88
950,62	40,32
950,79	142,71
950,96	21,47
951,14	54,45
951,31	116,70
951,48	68,37
951,65	140,26
951,82	99,91
951,99	55,67
952,16	182,03
952,33	140,05
952,51	170,57
952,68	116,70
952,85	148,86
953,02	130,84
953,19	136,36
953,36	169,13
953,53	68,99
953,70	138,82
953,87	166,47
954,05	60,39
954,22	131,25
954,39	140,67
954,56	6,52
954,73	187,97
954,90	65,91
955,07	95,82
955,24	97,45
955,41	144,76
955,58	181,83
955,76	69,19
955,93	100,94
956,10	121,01
956,27	206,41
956,44	87,01
956,61	148,04
956,78	99,71
956,95	149,06
957,12	139,03
957,29	164,83
957,46	123,67
957,64	106,87
957,81	213,78
957,98	213,78
958,15	67,35
958,32	27,00
958,49	113,63
958,66	63,46
958,83	140,26
959,00	148,65
959,17	77,18
959,34	116,09
959,51	106,67
959,68	286,69
959,85	141,28
960,03	120,60
960,20	-10,06
960,37	165,65
960,54	241,02
960,71	69,40
960,88	240,40
961,05	127,56
961,22	115,48
961,39	147,83
961,56	282,18
961,73	149,47
961,90	56,90
962,07	134,73
962,24	64,69
962,41	131,04
962,58	119,78
962,75	199,44
962,92	141,08
963,09	38,47
963,26	62,02
963,44	201,90
963,61	60,79
963,78	79,02
963,95	188,38
964,12	192,68
964,29	49,74
964,46	142,10
964,63	97,04
964,80	173,43
964,97	123,26
965,14	122,23
965,31	129,81
965,48	144,97
965,65	103,60
965,82	70,01
965,99	84,55
966,16	147,01
966,33	116,29
966,50	110,77
966,67	128,79
966,84	180,40
967,01	137,18
967,18	140,67
967,35	168,52
967,52	101,14
967,69	93,36
967,86	84,76
968,03	293,85
968,20	33,97
968,37	90,49
968,54	126,13
968,71	207,02
968,88	166,88
969,05	112,20
969,22	178,14
969,39	70,83
969,56	292,62
969,73	130,84
969,90	96,02
970,07	158,07
970,24	122,44
970,41	72,47
970,58	190,64
970,75	218,90
970,92	130,22
971,09	207,63
971,26	127,76
971,43	153,98
971,60	306,76
971,77	149,27
971,94	232,21
972,11	152,95
972,28	128,38
972,45	95,41
972,62	79,02
972,79	203,95
972,96	222,17
973,12	128,17
973,29	179,37
973,46	177,94
973,63	79,23
973,80	210,50
973,97	187,97
974,14	251,05
974,31	89,47
974,48	186,95
974,65	183,88
974,82	202,51
974,99	137,18
975,16	190,43
975,33	252,28
975,50	264,57
975,67	244,29
975,84	302,86
976,01	184,49
976,18	277,88
976,35	244,29
976,51	472,23
976,68	485,95
976,85	617,43
977,02	716,55
977,19	954,32
977,36	1137,21
977,53	1493,14
977,70	1894,96
977,87	2311,31
978,04	2749,37
978,21	3376,46
978,38	4118,03
978,55	4768,46
978,72	5569,42
978,88	6468,48
979,05	7542,43
979,22	8581,78
979,39	9618,87
979,56	10955,37
979,73	12145,45
979,90	13491,99
980,07	15026,74
980,24	16585,65
980,41	18175,49
980,58	19775,98
980,75	21285,74
980,91	22990,26
981,08	24607,13
981,25	26537,55
981,42	28262,55
981,59	30085,45
981,76	31789,77
981,93	33707,69
982,10	34955,32
982,27	37153,40
982,44	37858,31
982,60	40179,89
982,77	41117,65
982,94	42734,93
983,11	44081,88
983,28	44777,58
983,45	46057,15
983,62	47176,57
983,79	48606,67
983,95	49629,22
984,12	50285,59
984,29	51683,53
984,46	51914,95
984,63	53397,89
984,80	52684,79
984,97	52900,44
985,14	52559,45
985,30	52987,27
985,47	52479,58
985,64	53304,09
985,81	53119,16
985,98	51696,23
986,15	51143,89
986,32	50276,17
986,49	49257,51
986,65	48483,17
986,82	46411,86
986,99	45361,25
987,16	43333,96
987,33	41973,91
987,50	41270,64
987,67	39805,72
987,83	38120,45
988,00	36635,26
988,17	34665,73
988,34	33400,09
988,51	31817,62
988,68	30010,70
988,84	28020,69
989,01	26193,49
989,18	24552,45
989,35	23114,78
989,52	21248,26
989,69	19821,24
989,86	18433,33
990,02	16718,56
990,19	15562,69
990,36	13915,92
990,53	13023,21
990,70	11429,48
990,87	10440,11
991,03	9474,49
991,20	8286,46
991,37	7329,86
991,54	6420,56
991,71	5664,45
991,87	4970,60
992,04	4323,85
992,21	3831,51
992,38	3319,11
992,55	2836,61
992,72	2399,17
992,88	2015,79
993,05	1673,37
993,22	1499,08
993,39	1218,10
993,56	1030,51
993,72	922,17
993,89	760,59
994,06	627,06
994,23	542,48
994,40	514,42
994,56	400,14
994,73	349,35
994,90	296,72
995,07	310,24
995,24	302,46
995,40	288,73
995,57	297,34
995,74	352,43
995,91	283,61
996,08	258,01
996,24	304,30
996,41	311,47
996,58	226,48
996,75	119,16
996,92	226,68
997,08	252,89
997,25	222,99
997,42	199,24
997,59	248,18
997,75	261,50
997,92	287,71
998,09	131,65
998,26	140,05
998,43	198,01
998,59	165,45
998,76	152,34
998,93	236,72
999,10	225,66
999,26	124,49
999,43	96,02
999,60	159,71
999,77	287,51
999,93	126,13
1000,10	133,91
1000,27	104,21
1000,44	151,11
1000,60	98,89
1000,77	166,27
1000,94	80,05
1001,11	220,13
1001,28	160,33
1001,44	147,63
1001,61	79,23
1001,78	133,91
1001,95	184,70
1002,11	81,27
1002,28	189,00
1002,45	84,55
1002,61	85,58
1002,78	76,15
1002,95	211,53
1003,12	124,69
1003,28	145,17
1003,45	27,00
1003,62	37,45
1003,79	59,57
1003,95	57,72
1004,12	109,74
1004,29	11,85
1004,46	173,84
1004,62	124,69
1004,79	30,69
1004,96	143,74
1005,12	198,01
1005,29	-1,05
1005,46	149,27
1005,63	86,39
1005,79	36,83
1005,96	136,98
1006,13	102,37
1006,29	120,80
1006,46	56,70
1006,63	166,88
1006,80	116,91
1006,96	65,51
1007,13	55,88
1007,30	96,84
1007,46	152,34
1007,63	22,29
1007,80	154,18
1007,97	153,57
1008,13	46,66
1008,30	36,42
1008,47	105,44
1008,63	121,41
1008,80	152,13
1008,97	66,32
1009,13	71,65
1009,30	61,20
1009,47	50,15
1009,64	92,95
1009,80	67,55
1009,97	160,74
1010,14	112,20
1010,30	95,41
1010,47	47,28
1010,64	101,14
1010,80	85,58
1010,97	22,50
1011,14	67,14
1011,30	305,73
1011,47	72,26
1011,64	142,71
1011,80	95,20
1011,97	77,79
1012,14	59,98
1012,30	44,62
1012,47	145,79
1012,64	175,89
1012,80	70,83
1012,97	102,57
1013,14	116,50
1013,30	199,44
1013,47	133,91
1013,64	96,84
1013,80	93,77
1013,97	83,12
1014,14	32,94
1014,30	60,18
1014,47	135,34
1014,64	97,45
1014,80	109,33
1014,97	18,20
1015,14	130,84
1015,30	151,72
1015,47	75,95
1015,64	118,75
1015,80	117,93
1015,97	96,22
1016,13	56,70
1016,30	125,92
1016,47	87,62
1016,63	83,53
1016,80	24,14
1016,97	22,09
1017,13	-5,15
1017,30	98,48
1017,47	44,82
1017,63	75,95
1017,80	139,44
1017,96	131,04
1018,13	182,44
1018,30	87,01
1018,46	96,63
1018,63	102,16
1018,80	93,15
1018,96	66,73
1019,13	65,30
1019,29	87,42
1019,46	80,05
1019,63	68,37
1019,79	35,40
1019,96	144,15
1020,13	88,85
1020,29	104,21
1020,46	158,07
1020,62	137,18
1020,79	156,84
1020,96	157,66
1021,12	151,52
1021,29	65,91
1021,45	140,87
1021,62	46,87
1021,79	19,43
1021,95	98,27
1022,12	194,73
1022,28	16,97
1022,45	119,78
1022,62	192,68
1022,78	153,36
1022,95	106,46
1023,11	185,93
1023,28	83,32
1023,45	65,30
1023,61	62,84
1023,78	155,41
1023,94	93,36
1024,11	81,89
1024,27	155,00
1024,44	68,99
1024,61	132,68
1024,77	46,25
1024,94	83,94
1025,10	51,58
1025,27	111,79
1025,43	71,03
1025,60	46,87
1025,77	170,16
1025,93	53,83
1026,10	57,11
1026,26	63,25
1026,43	98,89
1026,59	155,21
1026,76	30,48
1026,93	79,43
1027,09	74,52
1027,26	65,30
1027,42	77,38
1027,59	116,09
1027,75	102,37
1027,92	111,79
1028,08	44,00
1028,25	72,47
1028,42	105,85
1028,58	44,41
1028,75	82,91
1028,91	-16,62
1029,08	257,20
1029,24	93,15
1029,41	70,22
1029,57	29,87
1029,74	89,67
1029,91	34,38
1030,07	4,89
1030,24	138,82
1030,40	36,01
1030,57	85,78
1030,73	156,23
1030,90	96,02
1031,06	150,09
1031,23	145,17
1031,39	83,53
1031,56	21,68
1031,72	86,60
1031,89	149,88
1032,05	133,29
1032,22	93,56
1032,38	95,41
1032,55	143,33
1032,72	74,31
1032,88	77,38
1033,05	75,34
1033,21	118,34
1033,38	-5,97
1033,54	48,92
1033,71	115,27
1033,87	180,19
1034,04	35,60
1034,20	72,88
1034,37	104,83
1034,53	103,19
1034,70	137,39
1034,86	2,02
1035,03	136,77
1035,19	75,13
1035,36	121,82
1035,52	-26,86
1035,69	96,63
1035,85	225,25
1036,02	138,00
1036,18	69,40
1036,35	42,77
1036,51	244,50
1036,68	67,96
1036,84	39,09
1037,01	47,48
1037,17	88,03
1037,34	57,93
1037,50	80,05
1037,67	196,98
>>>>>Finisci Dati dello Spettro Elaborati<<<<<
