337.57	-49.70
337.79	-49.70
338.02	-49.70
338.24	-71.41
338.47	-37.62
338.69	9.07
338.92	11.94
339.14	3.95
339.36	67.23
339.59	77.47
339.81	-2.19
340.04	20.75
340.26	51.46
340.49	20.95
340.71	53.51
340.93	34.47
341.16	15.22
341.38	26.48
341.61	25.05
341.83	90.79
342.05	34.06
342.28	28.53
342.50	41.02
342.73	22.59
342.95	77.06
343.17	11.12
343.40	19.93
343.62	29.55
343.85	38.77
344.07	15.42
344.29	-0.96
344.52	2.72
344.74	40.20
344.97	0.88
345.19	6.00
345.41	38.15
345.64	17.67
345.86	29.55
346.08	3.75
346.31	-3.42
346.53	12.35
346.76	16.44
346.98	77.47
347.20	64.16
347.43	36.11
347.65	15.63
347.87	70.10
348.10	9.69
348.32	62.73
348.54	42.25
348.77	31.19
348.99	47.16
349.21	66.82
349.44	41.22
349.66	10.51
349.88	25.05
350.11	23.61
350.33	24.43
350.55	66.82
350.78	18.49
351.00	69.49
351.22	54.54
351.45	16.65
351.67	-6.29
351.89	5.80
352.12	15.42
352.34	47.57
352.56	31.80
352.79	7.23
353.01	22.18
353.23	51.67
353.45	51.46
353.68	69.28
353.90	55.97
354.12	19.72
354.35	35.90
354.57	58.63
354.79	54.74
355.01	65.19
355.24	24.43
355.46	44.30
355.68	-5.06
355.91	67.64
356.13	47.57
356.35	18.08
356.57	51.46
356.80	2.72
357.02	-4.65
357.24	19.11
357.46	36.11
357.69	36.11
357.91	43.89
358.13	21.15
358.35	36.72
358.58	48.60
358.80	-5.26
359.02	51.87
359.24	34.67
359.47	40.00
359.69	47.37
359.91	21.56
360.13	53.31
360.36	25.46
360.58	32.42
360.80	12.76
361.02	7.64
361.25	64.78
361.47	33.24
361.69	59.45
361.91	34.26
362.13	7.02
362.36	53.51
362.58	28.12
362.80	35.08
363.02	-1.78
363.25	32.42
363.47	11.53
363.69	49.42
363.91	89.56
364.13	39.79
364.36	6.20
364.58	17.26
364.80	16.44
365.02	55.97
365.24	35.90
365.47	-13.66
365.69	10.10
365.91	17.26
366.13	30.58
366.35	6.20
366.57	36.11
366.80	31.19
367.02	34.88
367.24	19.93
367.46	46.34
367.68	35.70
367.90	45.12
368.13	68.87
368.35	61.91
368.57	78.09
368.79	55.97
369.01	55.15
369.23	1.90
369.46	37.74
369.68	23.00
369.90	27.30
370.12	58.22
370.34	24.84
370.56	47.78
370.78	24.84
371.01	42.25
371.23	63.34
371.45	45.32
371.67	23.41
371.89	72.97
372.11	63.34
372.33	25.66
372.56	45.32
372.78	51.46
373.00	52.69
373.22	46.14
373.44	42.25
373.66	44.50
373.88	26.07
374.10	9.48
374.32	26.48
374.55	35.08
374.77	23.61
374.99	50.24
375.21	18.29
375.43	53.72
375.65	41.43
375.87	37.54
376.09	49.21
376.31	25.87
376.53	6.00
376.75	31.80
376.98	43.07
377.20	60.07
377.42	22.79
377.64	16.65
377.86	48.60
378.08	33.65
378.30	33.85
378.52	33.44
378.74	41.63
378.96	50.44
379.18	36.72
379.40	66.62
379.62	57.61
379.84	19.11
380.07	82.18
380.29	26.89
380.51	11.94
380.73	77.06
380.95	16.65
381.17	33.85
381.39	41.22
381.61	16.85
381.83	50.65
382.05	19.93
382.27	10.10
382.49	71.33
382.71	-0.14
382.93	40.20
383.15	63.75
383.37	14.81
383.59	6.61
383.81	43.68
384.03	7.84
384.25	13.37
384.47	6.00
384.69	33.44
384.91	6.20
385.13	68.87
385.35	45.32
385.57	61.70
385.79	55.36
386.01	10.30
386.23	2.93
386.45	25.46
386.67	13.99
386.89	15.22
387.11	39.18
387.33	58.43
387.55	41.43
387.77	44.71
387.99	40.20
388.21	31.60
388.43	30.78
388.65	27.50
388.87	28.32
389.09	38.97
389.31	57.20
389.53	35.49
389.75	41.43
389.97	26.89
390.19	59.25
390.41	49.42
390.63	16.44
390.85	27.30
391.07	54.13
391.29	77.06
391.51	-7.11
391.72	54.54
391.94	35.49
392.16	36.92
392.38	60.27
392.60	20.34
392.82	14.81
393.04	23.82
393.26	33.24
393.48	47.37
393.70	28.53
393.92	33.65
394.14	61.91
394.36	57.40
394.58	101.23
394.80	43.89
395.01	7.64
395.23	47.98
395.45	22.18
395.67	36.51
395.89	70.72
396.11	20.54
396.33	32.21
396.55	76.45
396.77	67.85
396.99	71.33
397.21	26.68
397.42	16.44
397.64	26.27
397.86	29.76
398.08	25.46
398.30	10.71
398.52	37.54
398.74	22.59
398.96	42.45
399.17	30.37
399.39	42.45
399.61	74.20
399.83	33.44
400.05	81.57
400.27	63.75
400.49	52.49
400.71	20.13
400.92	39.38
401.14	39.38
401.36	61.30
401.58	57.61
401.80	80.55
402.02	42.04
402.24	61.09
402.45	-3.83
402.67	86.89
402.89	32.42
403.11	77.68
403.33	67.85
403.55	44.71
403.76	47.37
403.98	82.39
404.20	16.24
404.42	68.05
404.64	42.45
404.86	49.62
405.07	19.72
405.29	60.89
405.51	33.03
405.73	78.91
405.95	33.44
406.17	88.94
406.38	31.80
406.60	34.47
406.82	49.62
407.04	56.79
407.26	56.79
407.47	45.12
407.69	39.59
407.91	49.42
408.13	68.87
408.35	80.75
408.56	75.43
408.78	43.27
409.00	61.70
409.22	67.23
409.44	63.75
409.65	85.46
409.87	99.80
410.09	139.12
410.31	111.27
410.52	170.25
410.74	196.67
410.96	170.25
411.18	221.65
411.40	309.51
411.61	411.91
411.83	491.78
412.05	580.05
412.27	691.25
412.48	824.37
412.70	982.47
412.92	1129.52
413.14	1311.17
413.35	1506.55
413.57	1486.27
413.79	1752.30
414.01	1872.31
414.22	1969.18
414.44	2206.95
414.66	2220.06
414.87	2368.33
415.09	2495.92
415.31	2506.98
415.53	2443.70
415.74	2663.03
415.96	2655.25
416.18	2714.85
416.40	2666.31
416.61	2725.09
416.83	2625.97
417.05	2472.57
417.26	2569.85
417.48	2476.87
417.70	2392.29
417.92	2187.29
418.13	2215.14
418.35	2205.52
418.57	1975.94
418.78	1867.60
419.00	1678.78
419.22	1552.22
419.43	1341.89
419.65	1186.65
419.87	1014.01
420.09	890.93
420.30	768.05
420.52	582.50
420.74	511.64
420.95	422.97
421.17	362.35
421.39	262.00
421.60	216.53
421.82	168.61
422.04	140.76
422.25	132.36
422.47	86.08
422.69	91.40
422.90	54.33
423.12	127.85
423.34	53.72
423.55	63.96
423.77	52.69
423.99	43.27
424.20	94.88
424.42	31.39
424.64	76.86
424.85	40.20
425.07	62.52
425.28	66.42
425.50	74.81
425.72	140.35
425.93	87.51
426.15	73.38
426.37	49.62
426.58	85.26
426.80	67.03
427.01	53.92
427.23	85.26
427.45	90.38
427.66	61.09
427.88	47.78
428.10	38.56
428.31	50.24
428.53	55.56
428.74	100.82
428.96	79.52
429.18	55.56
429.39	75.22
429.61	59.04
429.82	69.28
430.04	93.04
430.26	50.85
430.47	43.68
430.69	21.77
430.90	52.28
431.12	26.89
431.34	143.42
431.55	46.34
431.77	86.28
431.98	31.60
432.20	63.96
432.41	58.02
432.63	63.96
432.85	62.73
433.06	38.77
433.28	64.57
433.49	57.40
433.71	53.31
433.92	58.84
434.14	54.74
434.35	5.59
434.57	57.40
434.79	41.22
435.00	62.11
435.22	51.06
435.43	39.18
435.65	52.90
435.86	31.19
436.08	37.54
436.29	43.07
436.51	54.13
436.72	81.57
436.94	91.40
437.16	63.96
437.37	48.39
437.59	64.37
437.80	89.56
438.02	44.09
438.23	86.89
438.45	110.24
438.66	37.95
438.88	62.73
439.09	47.57
439.31	33.85
439.52	79.73
439.74	50.65
439.95	107.17
440.17	21.56
440.38	38.56
440.60	25.46
440.81	23.41
441.03	53.92
441.24	26.07
441.46	44.50
441.67	51.46
441.89	64.57
442.10	64.37
442.32	45.53
442.53	14.19
442.75	66.21
442.96	37.95
443.18	39.18
443.39	25.66
443.61	41.22
443.82	67.23
444.04	36.72
444.25	69.49
444.46	53.10
444.68	62.73
444.89	18.70
445.11	38.15
445.32	54.95
445.54	43.68
445.75	36.92
445.97	46.55
446.18	127.03
446.40	32.83
446.61	21.15
446.82	55.56
447.04	35.08
447.25	60.89
447.47	37.74
447.68	21.77
447.90	33.24
448.11	28.73
448.32	32.83
448.54	69.69
448.75	26.68
448.97	59.66
449.18	61.50
449.40	24.43
449.61	29.55
449.82	-0.35
450.04	51.26
450.25	32.62
450.47	11.32
450.68	91.20
450.89	59.66
451.11	29.76
451.32	21.56
451.54	49.83
451.75	38.77
451.96	43.07
452.18	39.18
452.39	33.85
452.61	23.00
452.82	76.45
453.03	16.44
453.25	20.95
453.46	44.09
453.68	39.59
453.89	89.97
454.10	118.64
454.32	34.67
454.53	3.13
454.74	55.36
454.96	36.11
455.17	26.07
455.39	30.78
455.60	87.10
455.81	46.34
456.03	68.46
456.24	62.73
456.45	44.50
456.67	32.21
456.88	31.39
457.09	80.96
457.31	41.84
457.52	69.49
457.73	84.85
457.95	33.85
458.16	56.38
458.37	40.00
458.59	37.74
458.80	29.96
459.01	61.70
459.23	67.23
459.44	74.81
459.65	86.69
459.87	68.46
460.08	29.76
460.29	50.65
460.51	43.89
460.72	85.46
460.93	17.47
461.15	55.77
461.36	63.55
461.57	-7.52
461.79	25.87
462.00	29.76
462.21	42.25
462.42	89.35
462.64	41.02
462.85	67.64
463.06	67.85
463.28	46.14
463.49	63.75
463.70	67.03
463.92	42.04
464.13	64.78
464.34	70.72
464.55	77.06
464.77	54.13
464.98	55.56
465.19	50.03
465.40	53.10
465.62	53.10
465.83	94.68
466.04	27.30
466.26	80.34
466.47	36.72
466.68	28.73
466.89	74.81
467.11	74.40
467.32	41.63
467.53	38.77
467.74	49.62
467.96	36.51
468.17	44.09
468.38	59.45
468.59	48.19
468.81	38.36
469.02	60.07
469.23	90.38
469.44	61.70
469.66	42.45
469.87	49.42
470.08	-5.47
470.29	70.31
470.50	44.50
470.72	70.92
470.93	62.11
471.14	19.72
471.35	61.91
471.57	50.65
471.78	104.71
471.99	27.09
472.20	56.58
472.41	85.87
472.63	54.54
472.84	34.06
473.05	57.20
473.26	65.60
473.47	51.87
473.69	44.71
473.90	72.15
474.11	80.55
474.32	85.05
474.53	76.25
474.75	47.37
474.96	53.72
475.17	73.99
475.38	43.68
475.59	105.74
475.80	44.09
476.02	35.08
476.23	69.69
476.44	60.07
476.65	41.43
476.86	117.61
477.08	102.46
477.29	53.10
477.50	70.51
477.71	65.80
477.92	68.87
478.13	64.57
478.34	70.92
478.56	87.92
478.77	69.08
478.98	46.55
479.19	76.45
479.40	60.48
479.61	94.47
479.83	34.47
480.04	76.04
480.25	70.92
480.46	86.89
480.67	102.46
480.88	83.41
481.09	84.64
481.30	65.80
481.52	107.78
481.73	82.80
481.94	115.98
482.15	76.04
482.36	73.58
482.57	117.00
482.78	87.30
482.99	80.34
483.21	91.81
483.42	62.11
483.63	115.98
483.84	76.04
484.05	58.63
484.26	80.14
484.47	117.61
484.68	101.84
484.89	107.37
485.10	71.74
485.32	58.63
485.53	89.15
485.74	77.27
485.95	102.05
486.16	87.92
486.37	88.12
486.58	75.63
486.79	50.65
487.00	70.92
487.21	75.63
487.42	85.67
487.63	75.22
487.85	101.44
488.06	89.76
488.27	82.18
488.48	62.52
488.69	74.20
488.90	53.31
489.11	55.97
489.32	88.12
489.53	63.75
489.74	68.26
489.95	99.80
490.16	79.73
490.37	87.30
490.58	72.15
490.79	64.37
491.00	59.86
491.21	62.32
491.42	101.23
491.63	57.40
491.84	60.68
492.06	40.41
492.27	97.54
492.48	98.36
492.69	76.25
492.90	76.65
493.11	112.70
493.32	74.20
493.53	40.00
493.74	39.18
493.95	48.60
494.16	51.46
494.37	77.68
494.58	132.77
494.79	57.40
495.00	66.42
495.21	62.32
495.42	71.13
495.63	53.10
495.84	97.34
496.05	53.72
496.26	57.81
496.47	102.66
496.68	69.49
496.89	52.69
497.10	90.38
497.31	83.41
497.52	52.69
497.73	60.89
497.94	46.96
498.15	52.49
498.36	80.55
498.57	85.46
498.78	65.60
498.98	38.56
499.19	95.70
499.40	77.47
499.61	42.86
499.82	40.82
500.03	47.78
500.24	64.78
500.45	60.07
500.66	59.66
500.87	112.49
501.08	77.27
501.29	83.41
501.50	87.30
501.71	26.68
501.92	63.14
502.13	36.11
502.34	54.74
502.55	117.82
502.76	53.10
502.97	127.65
503.17	98.57
503.38	60.27
503.59	73.79
503.80	71.13
504.01	65.19
504.22	48.19
504.43	103.48
504.64	44.50
504.85	98.16
505.06	70.31
505.27	67.23
505.48	70.51
505.68	67.23
505.89	85.67
506.10	90.17
506.31	50.24
506.52	83.82
506.73	69.90
506.94	105.74
507.15	98.16
507.36	52.28
507.57	99.80
507.77	69.08
507.98	40.20
508.19	84.85
508.40	48.60
508.61	64.57
508.82	90.79
509.03	81.16
509.24	90.17
509.45	75.43
509.65	108.81
509.86	106.35
510.07	77.47
510.28	103.28
510.49	102.87
510.70	86.08
510.91	86.49
511.11	63.75
511.32	149.15
511.53	94.47
511.74	70.10
511.95	105.53
512.16	68.87
512.37	100.21
512.57	109.63
512.78	91.61
512.99	123.76
513.20	58.43
513.41	96.32
513.62	79.52
513.82	89.76
514.03	55.56
514.24	94.68
514.45	77.88
514.66	83.00
514.87	43.48
515.07	59.45
515.28	89.35
515.49	63.75
515.70	86.08
515.91	81.57
516.11	77.68
516.32	66.82
516.53	84.85
516.74	101.44
516.95	107.17
517.16	111.27
517.36	110.04
517.57	89.35
517.78	73.38
517.99	57.40
518.20	89.76
518.40	67.85
518.61	87.30
518.82	53.31
519.03	86.89
519.23	62.32
519.44	90.58
519.65	81.16
519.86	86.49
520.07	97.54
520.27	83.21
520.48	63.75
520.69	60.48
520.90	63.96
521.10	87.30
521.31	72.56
521.52	106.35
521.73	64.37
521.94	80.75
522.14	79.52
522.35	73.58
522.56	92.63
522.77	104.10
522.97	32.01
523.18	84.03
523.39	83.21
523.60	70.10
523.80	35.49
524.01	56.79
524.22	36.51
524.43	44.50
524.63	91.81
524.84	59.66
525.05	43.48
525.25	67.64
525.46	81.77
525.67	84.03
525.88	70.51
526.08	49.21
526.29	58.43
526.50	34.47
526.71	67.85
526.91	55.36
527.12	54.54
527.33	70.72
527.53	66.82
527.74	69.69
527.95	67.44
528.16	80.34
528.36	80.55
528.57	77.47
528.78	51.87
528.98	62.73
529.19	81.77
529.40	50.03
529.60	69.69
529.81	115.98
530.02	79.32
530.22	66.01
530.43	75.22
530.64	49.62
530.85	40.61
531.05	57.81
531.26	68.05
531.47	95.50
531.67	106.76
531.88	74.20
532.09	92.01
532.29	74.81
532.50	60.48
532.71	37.13
532.91	75.84
533.12	98.36
533.33	58.43
533.53	40.61
533.74	44.91
533.95	69.90
534.15	94.06
534.36	71.33
534.56	63.34
534.77	122.73
534.98	62.11
535.18	106.56
535.39	78.29
535.60	78.91
535.80	70.31
536.01	89.97
536.22	72.15
536.42	79.52
536.63	84.85
536.83	28.12
537.04	95.91
537.25	78.29
537.45	52.90
537.66	88.33
537.87	54.13
538.07	79.32
538.28	90.38
538.48	105.12
538.69	71.13
538.90	92.01
539.10	38.56
539.31	74.40
539.51	77.06
539.72	84.44
539.93	68.87
540.13	90.17
540.34	69.49
540.54	77.06
540.75	62.73
540.96	59.25
541.16	85.67
541.37	73.58
541.57	87.71
541.78	51.06
541.99	66.62
542.19	50.44
542.40	103.28
542.60	35.49
542.81	73.58
543.01	128.47
543.22	79.73
543.43	67.85
543.63	61.09
543.84	77.88
544.04	65.39
544.25	109.63
544.45	36.92
544.66	67.85
544.87	71.53
545.07	140.55
545.28	58.84
545.48	64.78
545.69	69.69
545.89	48.39
546.10	63.55
546.30	69.69
546.51	65.19
546.71	91.61
546.92	66.01
547.13	100.21
547.33	70.51
547.54	155.71
547.74	72.35
547.95	43.48
548.15	37.13
548.36	110.45
548.56	43.68
548.77	85.87
548.97	55.77
549.18	91.81
549.38	28.73
549.59	70.10
549.79	80.75
550.00	93.04
550.20	78.50
550.41	80.34
550.61	87.71
550.82	64.37
551.02	98.57
551.23	60.48
551.43	52.49
551.64	52.90
551.84	76.86
552.05	82.39
552.25	51.26
552.46	51.06
552.66	119.05
552.87	96.93
553.07	48.39
553.28	42.66
553.48	59.04
553.69	41.63
553.89	82.59
554.10	90.79
554.30	95.91
554.51	81.37
554.71	77.06
554.92	73.99
555.12	65.60
555.32	69.08
555.53	109.01
555.73	50.03
555.94	108.40
556.14	117.41
556.35	89.76
556.55	68.87
556.76	61.50
556.96	52.69
557.17	102.87
557.37	87.92
557.57	129.90
557.78	87.71
557.98	70.10
558.19	103.07
558.39	66.62
558.60	67.64
558.80	86.28
559.00	101.03
559.21	49.62
559.41	92.22
559.62	66.82
559.82	103.48
560.03	44.30
560.23	69.90
560.43	90.38
560.64	68.67
560.84	101.23
561.05	44.91
561.25	70.10
561.45	111.68
561.66	88.94
561.86	69.69
562.07	89.56
562.27	77.06
562.47	62.52
562.68	57.61
562.88	78.09
563.09	123.35
563.29	54.54
563.49	62.73
563.70	46.96
563.90	105.74
564.11	75.43
564.31	63.96
564.51	79.52
564.72	53.10
564.92	86.69
565.12	94.06
565.33	72.97
565.53	78.50
565.74	41.84
565.94	66.82
566.14	109.01
566.35	134.82
566.55	90.17
566.75	73.17
566.96	98.77
567.16	70.51
567.36	54.33
567.57	81.37
567.77	66.01
567.98	81.77
568.18	68.87
568.38	48.60
568.59	69.49
568.79	57.40
568.99	80.14
569.20	94.47
569.40	72.56
569.60	37.74
569.81	94.06
570.01	67.64
570.21	82.59
570.42	68.46
570.62	79.73
570.82	64.16
571.03	89.35
571.23	62.93
571.43	86.89
571.63	56.38
571.84	56.18
572.04	74.61
572.24	89.76
572.45	90.17
572.65	82.39
572.85	81.37
573.06	76.04
573.26	100.62
573.46	55.97
573.67	60.27
573.87	105.53
574.07	110.24
574.27	39.18
574.48	106.76
574.68	77.47
574.88	59.86
575.09	38.97
575.29	51.67
575.49	54.74
575.69	64.16
575.90	76.04
576.10	80.55
576.30	94.88
576.51	84.44
576.71	60.68
576.91	80.34
577.11	63.55
577.32	119.46
577.52	70.10
577.72	67.23
577.92	81.57
578.13	51.46
578.33	74.61
578.53	65.80
578.73	47.78
578.94	91.61
579.14	63.14
579.34	83.82
579.54	65.39
579.75	89.97
579.95	52.28
580.15	77.88
580.35	142.19
580.56	74.20
580.76	98.16
580.96	94.27
581.16	90.99
581.37	62.32
581.57	48.60
581.77	77.47
581.97	50.65
582.17	54.13
582.38	63.14
582.58	86.69
582.78	52.90
582.98	68.67
583.19	56.18
583.39	56.58
583.59	33.03
583.79	68.67
583.99	93.24
584.20	49.21
584.40	70.72
584.60	80.96
584.80	67.44
585.00	55.97
585.21	84.23
585.41	97.13
585.61	72.35
585.81	65.80
586.01	70.10
586.22	95.29
586.42	79.93
586.62	80.55
586.82	80.96
587.02	50.65
587.22	114.34
587.43	51.26
587.63	71.74
587.83	86.89
588.03	80.34
588.23	88.33
588.43	70.72
588.64	121.51
588.84	51.67
589.04	6.41
589.24	62.52
589.44	53.72
589.64	80.55
589.85	71.74
590.05	47.16
590.25	58.84
590.45	61.30
590.65	70.10
590.85	66.42
591.05	47.98
591.26	52.90
591.46	90.79
591.66	67.03
591.86	63.55
592.06	134.20
592.26	12.55
592.46	73.79
592.67	52.69
592.87	86.08
593.07	61.50
593.27	67.03
593.47	70.72
593.67	56.18
593.87	58.22
594.07	82.80
594.28	95.29
594.48	44.71
594.68	76.04
594.88	128.47
595.08	69.90
595.28	54.13
595.48	87.71
595.68	81.37
595.88	53.92
596.08	34.06
596.29	87.51
596.49	34.88
596.69	38.56
596.89	57.20
597.09	66.01
597.29	52.28
597.49	40.00
597.69	13.37
597.89	60.27
598.09	61.91
598.29	52.69
598.50	87.30
598.70	69.28
598.90	41.02
599.10	110.24
599.30	84.85
599.50	49.01
599.70	106.56
599.90	74.61
600.10	60.68
600.30	62.93
600.50	90.17
600.70	54.74
600.90	62.52
601.10	72.76
601.30	101.44
601.50	31.80
601.71	37.13
601.91	56.79
602.11	24.43
602.31	75.84
602.51	71.53
602.71	26.27
602.91	36.31
603.11	82.39
603.31	41.43
603.51	57.81
603.71	54.13
603.91	80.75
604.11	62.73
604.31	85.05
604.51	73.58
604.71	43.68
604.91	118.64
605.11	70.51
605.31	67.85
605.51	83.41
605.71	51.87
605.91	54.33
606.11	71.13
606.31	74.20
606.51	72.76
606.71	67.03
606.91	73.99
607.11	64.98
607.31	64.78
607.51	78.29
607.71	70.31
607.91	57.81
608.11	36.92
608.31	47.78
608.51	71.13
608.71	76.04
608.91	25.25
609.11	79.73
609.31	71.74
609.51	48.19
609.71	38.15
609.91	63.55
610.11	65.19
610.31	82.39
610.51	44.09
610.71	67.44
610.91	45.94
611.11	67.85
611.31	59.45
611.51	53.31
611.71	83.21
611.91	54.33
612.11	44.50
612.31	27.30
612.51	73.17
612.71	91.61
612.90	49.01
613.10	90.17
613.30	64.78
613.50	34.47
613.70	69.08
613.90	72.56
614.10	43.68
614.30	38.36
614.50	124.58
614.70	61.30
614.90	63.96
615.10	57.20
615.30	64.37
615.50	43.27
615.70	27.09
615.90	85.67
616.09	55.15
616.29	72.97
616.49	72.35
616.69	74.40
616.89	57.61
617.09	36.31
617.29	73.17
617.49	37.74
617.69	102.66
617.89	63.55
618.09	44.09
618.28	110.45
618.48	52.28
618.68	86.89
618.88	47.37
619.08	68.87
619.28	81.98
619.48	44.50
619.68	71.53
619.88	44.09
620.08	44.50
620.27	64.78
620.47	54.95
620.67	67.23
620.87	84.44
621.07	71.13
621.27	36.72
621.47	83.21
621.67	58.84
621.86	71.13
622.06	87.30
622.26	76.25
622.46	93.65
622.66	30.17
622.86	43.27
623.06	74.61
623.25	69.69
623.45	92.42
623.65	68.67
623.85	52.28
624.05	19.11
624.25	17.47
624.45	60.27
624.64	59.25
624.84	34.06
625.04	59.25
625.24	70.31
625.44	85.67
625.64	60.48
625.83	39.38
626.03	76.45
626.23	37.54
626.43	43.07
626.63	59.04
626.83	39.18
627.02	68.87
627.22	77.88
627.42	69.90
627.62	78.09
627.82	73.99
628.02	62.93
628.21	77.68
628.41	65.60
628.61	71.94
628.81	81.77
629.01	42.04
629.20	55.36
629.40	37.95
629.60	43.68
629.80	33.03
630.00	40.82
630.19	53.31
630.39	54.13
630.59	86.69
630.79	33.44
630.99	71.53
631.18	72.97
631.38	40.61
631.58	52.90
631.78	54.54
631.98	56.18
632.17	66.82
632.37	47.78
632.57	52.69
632.77	62.11
632.96	85.26
633.16	70.92
633.36	82.18
633.56	50.65
633.76	67.23
633.95	16.24
634.15	52.49
634.35	94.06
634.55	59.04
634.74	35.29
634.94	44.09
635.14	18.08
635.34	70.31
635.53	51.26
635.73	71.33
635.93	86.89
636.13	63.34
636.32	60.48
636.52	37.33
636.72	49.01
636.92	64.37
637.11	65.60
637.31	63.96
637.51	57.20
637.70	39.18
637.90	33.85
638.10	82.80
638.30	50.44
638.49	54.95
638.69	73.17
638.89	49.21
639.09	53.72
639.28	49.21
639.48	64.57
639.68	72.56
639.87	9.07
640.07	56.99
640.27	71.74
640.47	55.15
640.66	25.46
640.86	58.63
641.06	52.28
641.25	83.82
641.45	64.57
641.65	74.61
641.84	50.65
642.04	106.96
642.24	46.75
642.44	37.95
642.63	61.30
642.83	32.42
643.03	61.50
643.22	37.74
643.42	75.84
643.62	68.26
643.81	64.98
644.01	22.79
644.21	83.41
644.40	76.65
644.60	84.64
644.80	65.60
644.99	52.69
645.19	26.68
645.39	64.16
645.58	72.76
645.78	35.90
645.98	44.71
646.17	41.63
646.37	23.82
646.57	43.48
646.76	56.58
646.96	21.36
647.16	49.83
647.35	44.71
647.55	29.35
647.75	75.02
647.94	35.08
648.14	100.62
648.33	70.92
648.53	69.69
648.73	36.92
648.92	52.49
649.12	35.90
649.32	20.34
649.51	53.72
649.71	66.82
649.90	75.02
650.10	72.35
650.30	83.82
650.49	45.53
650.69	43.07
650.89	31.60
651.08	57.40
651.28	85.67
651.47	54.54
651.67	49.01
651.87	43.07
652.06	62.52
652.26	63.14
652.45	61.09
652.65	63.34
652.85	42.86
653.04	49.62
653.24	23.82
653.43	41.63
653.63	39.38
653.83	29.76
654.02	44.50
654.22	48.39
654.41	75.02
654.61	48.80
654.81	56.38
655.00	66.82
655.20	70.31
655.39	48.80
655.59	64.78
655.78	44.50
655.98	44.30
656.18	49.83
656.37	89.76
656.57	63.96
656.76	45.94
656.96	118.23
657.15	54.74
657.35	47.57
657.55	85.05
657.74	85.87
657.94	35.90
658.13	58.84
658.33	69.08
658.52	61.09
658.72	50.65
658.91	68.67
659.11	64.37
659.30	132.36
659.50	40.82
659.70	73.99
659.89	42.86
660.09	51.26
660.28	34.26
660.48	36.72
660.67	57.40
660.87	44.50
661.06	65.60
661.26	50.44
661.45	25.66
661.65	37.95
661.84	95.29
662.04	62.32
662.23	80.34
662.43	68.26
662.62	90.79
662.82	36.72
663.01	40.41
663.21	55.56
663.41	29.35
663.60	53.72
663.80	52.08
663.99	69.49
664.19	41.43
664.38	41.02
664.58	44.91
664.77	73.38
664.97	40.61
665.16	47.16
665.35	111.06
665.55	59.45
665.74	38.36
665.94	72.97
666.13	45.12
666.33	60.27
666.52	85.05
666.72	104.71
666.91	17.26
667.11	69.08
667.30	50.85
667.50	47.16
667.69	51.87
667.89	41.84
668.08	94.47
668.28	29.96
668.47	38.36
668.67	72.56
668.86	72.76
669.05	77.68
669.25	79.73
669.44	43.27
669.64	59.45
669.83	51.87
670.03	71.33
670.22	90.17
670.42	55.56
670.61	45.12
670.81	52.28
671.00	29.14
671.19	27.30
671.39	69.69
671.58	62.93
671.78	89.76
671.97	87.10
672.17	63.75
672.36	46.14
672.55	81.98
672.75	49.42
672.94	62.73
673.14	60.89
673.33	62.73
673.53	58.02
673.72	58.43
673.91	69.49
674.11	78.50
674.30	123.14
674.50	46.14
674.69	89.15
674.88	38.56
675.08	63.34
675.27	68.05
675.47	51.87
675.66	36.31
675.85	54.54
676.05	60.89
676.24	28.53
676.44	47.16
676.63	72.56
676.82	76.04
677.02	138.09
677.21	58.63
677.41	53.51
677.60	108.19
677.79	80.34
677.99	116.18
678.18	70.31
678.37	90.79
678.57	72.76
678.76	60.68
678.96	68.46
679.15	79.32
679.34	82.18
679.54	59.86
679.73	73.17
679.92	92.22
680.12	53.31
680.31	80.34
680.51	45.94
680.70	51.87
680.89	87.10
681.09	74.20
681.28	65.80
681.47	92.22
681.67	81.98
681.86	87.51
682.05	73.79
682.25	40.82
682.44	47.37
682.63	60.89
682.83	54.54
683.02	93.45
683.21	79.32
683.41	65.39
683.60	81.98
683.79	65.19
683.99	56.58
684.18	94.88
684.37	57.61
684.57	42.25
684.76	93.86
684.95	59.86
685.15	102.25
685.34	54.74
685.53	78.91
685.73	47.98
685.92	69.28
686.11	51.67
686.31	64.16
686.50	69.90
686.69	54.13
686.88	48.60
687.08	98.36
687.27	57.61
687.46	75.84
687.66	59.45
687.85	93.04
688.04	53.72
688.24	60.89
688.43	85.46
688.62	78.70
688.81	51.87
689.01	84.64
689.20	60.07
689.39	63.55
689.59	52.28
689.78	68.67
689.97	100.00
690.16	58.02
690.36	61.09
690.55	64.37
690.74	66.82
690.93	74.81
691.13	61.09
691.32	81.77
691.51	73.99
691.70	72.76
691.90	71.33
692.09	76.86
692.28	63.14
692.48	47.57
692.67	86.89
692.86	96.72
693.05	61.30
693.25	57.40
693.44	44.09
693.63	50.24
693.82	61.30
694.01	70.51
694.21	77.88
694.40	45.53
694.59	76.25
694.78	21.97
694.98	33.44
695.17	76.45
695.36	27.91
695.55	67.44
695.75	80.55
695.94	57.61
696.13	69.28
696.32	43.89
696.51	69.28
696.71	82.39
696.90	29.96
697.09	108.81
697.28	72.97
697.48	83.62
697.67	70.51
697.86	75.43
698.05	62.32
698.24	55.77
698.44	54.33
698.63	75.22
698.82	58.63
699.01	103.89
699.20	68.26
699.40	32.42
699.59	119.66
699.78	55.77
699.97	97.34
700.16	52.49
700.36	92.83
700.55	56.18
700.74	49.83
700.93	78.09
701.12	64.78
701.31	63.96
701.51	21.36
701.70	60.68
701.89	53.51
702.08	57.40
702.27	52.90
702.46	97.75
702.66	36.72
702.85	55.77
703.04	101.64
703.23	52.90
703.42	49.83
703.61	94.88
703.81	75.22
704.00	50.44
704.19	58.02
704.38	90.79
704.57	78.29
704.76	55.36
704.96	60.68
705.15	81.77
705.34	61.50
705.53	63.96
705.72	57.20
705.91	102.05
706.10	51.26
706.30	56.38
706.49	26.68
706.68	28.73
706.87	45.32
707.06	21.97
707.25	59.04
707.44	56.18
707.63	38.77
707.83	43.07
708.02	95.70
708.21	48.60
708.40	44.91
708.59	59.66
708.78	77.06
708.97	52.08
709.16	52.28
709.35	57.61
709.55	56.58
709.74	44.09
709.93	66.21
710.12	53.10
710.31	44.50
710.50	22.18
710.69	55.56
710.88	19.52
711.07	55.15
711.26	66.01
711.46	52.08
711.65	60.48
711.84	52.08
712.03	37.13
712.22	92.63
712.41	49.42
712.60	79.32
712.79	70.92
712.98	26.27
713.17	56.79
713.36	88.53
713.55	44.09
713.75	40.82
713.94	39.59
714.13	72.76
714.32	52.08
714.51	101.84
714.70	78.91
714.89	28.73
715.08	43.48
715.27	49.01
715.46	67.23
715.65	90.58
715.84	25.87
716.03	20.95
716.22	33.24
716.41	72.76
716.60	36.92
716.79	55.97
716.99	60.68
717.18	38.77
717.37	84.85
717.56	39.79
717.75	44.91
717.94	62.73
718.13	32.21
718.32	38.36
718.51	22.38
718.70	41.63
718.89	36.31
719.08	44.09
719.27	42.45
719.46	26.27
719.65	72.35
719.84	22.38
720.03	60.68
720.22	69.08
720.41	52.90
720.60	48.60
720.79	31.80
720.98	36.72
721.17	5.59
721.36	12.55
721.55	79.73
721.74	60.27
721.93	28.12
722.12	54.74
722.31	49.42
722.50	43.48
722.69	44.50
722.88	28.12
723.07	54.54
723.26	76.45
723.45	35.08
723.64	26.89
723.83	20.34
724.02	70.31
724.21	52.69
724.40	61.70
724.59	12.35
724.78	74.61
724.97	53.92
725.16	53.10
725.35	9.07
725.54	39.59
725.73	54.95
725.92	55.36
726.11	92.42
726.30	61.50
726.49	58.63
726.68	46.75
726.87	21.97
727.06	37.95
727.25	58.43
727.43	58.84
727.62	43.48
727.81	33.03
728.00	36.72
728.19	61.50
728.38	67.03
728.57	45.73
728.76	9.89
728.95	83.41
729.14	72.76
729.33	49.62
729.52	50.03
729.71	57.61
729.90	16.44
730.09	35.90
730.28	76.04
730.47	55.77
730.65	37.33
730.84	21.56
731.03	82.59
731.22	52.49
731.41	40.61
731.60	54.54
731.79	44.50
731.98	32.83
732.17	47.16
732.36	74.81
732.55	42.45
732.74	45.32
732.92	40.00
733.11	46.75
733.30	37.95
733.49	11.73
733.68	37.74
733.87	52.69
734.06	5.59
734.25	2.93
734.44	62.93
734.63	51.26
734.81	51.26
735.00	45.94
735.19	39.38
735.38	54.33
735.57	69.28
735.76	52.90
735.95	48.80
736.14	86.49
736.33	66.42
736.51	25.87
736.70	47.57
736.89	48.19
737.08	14.81
737.27	27.50
737.46	70.92
737.65	12.76
737.83	21.97
738.02	1.90
738.21	40.82
738.40	57.61
738.59	75.84
738.78	53.10
738.97	33.65
739.16	99.59
739.34	41.43
739.53	12.14
739.72	49.83
739.91	45.53
740.10	25.05
740.29	67.44
740.47	90.79
740.66	77.47
740.85	21.15
741.04	28.94
741.23	11.32
741.42	45.12
741.60	67.64
741.79	65.39
741.98	25.66
742.17	36.51
742.36	34.67
742.55	50.24
742.73	16.85
742.92	38.97
743.11	34.67
743.30	28.73
743.49	93.86
743.68	39.59
743.86	67.03
744.05	38.77
744.24	37.33
744.43	28.73
744.62	51.26
744.80	39.18
744.99	24.23
745.18	60.27
745.37	27.91
745.56	49.01
745.74	64.57
745.93	41.84
746.12	63.96
746.31	35.49
746.50	47.16
746.68	42.04
746.87	60.27
747.06	70.10
747.25	85.87
747.44	92.42
747.62	34.67
747.81	36.51
748.00	69.08
748.19	58.84
748.37	52.49
748.56	25.25
748.75	38.15
748.94	51.87
749.13	45.32
749.31	8.66
749.50	28.12
749.69	4.98
749.88	37.33
750.06	33.85
750.25	24.64
750.44	59.66
750.63	26.89
750.81	96.11
751.00	63.14
751.19	23.20
751.38	21.97
751.56	46.14
751.75	58.84
751.94	41.02
752.13	29.76
752.31	104.92
752.50	14.81
752.69	45.12
752.88	44.91
753.06	66.42
753.25	24.64
753.44	50.65
753.63	45.32
753.81	36.31
754.00	45.94
754.19	58.02
754.37	36.11
754.56	64.98
754.75	42.25
754.94	29.96
755.12	18.29
755.31	15.22
755.50	65.19
755.69	51.67
755.87	28.53
756.06	39.59
756.25	2.11
756.43	91.61
756.62	16.65
756.81	60.68
756.99	32.62
757.18	60.07
757.37	47.57
757.56	42.04
757.74	28.53
757.93	29.14
758.12	99.80
758.30	58.63
758.49	-5.47
758.68	95.50
758.86	45.32
759.05	58.22
759.24	34.47
759.42	106.56
759.61	55.15
759.80	38.97
759.99	65.80
760.17	15.01
760.36	33.44
760.55	23.20
760.73	47.98
760.92	24.64
761.11	68.05
761.29	44.30
761.48	72.76
761.67	47.16
761.85	61.30
762.04	21.77
762.23	70.92
762.41	63.14
762.60	45.53
762.79	35.08
762.97	55.15
763.16	50.24
763.34	27.91
763.53	49.83
763.72	39.18
763.90	85.87
764.09	62.93
764.28	101.44
764.46	64.57
764.65	90.38
764.84	28.32
765.02	69.08
765.21	45.73
765.40	74.61
765.58	96.11
765.77	61.91
765.95	83.00
766.14	49.62
766.33	52.28
766.51	55.15
766.70	55.77
766.89	60.68
767.07	84.44
767.26	100.82
767.44	78.91
767.63	57.40
767.82	50.85
768.00	95.70
768.19	54.74
768.37	90.79
768.56	61.30
768.75	68.05
768.93	77.06
769.12	55.15
769.30	54.33
769.49	74.81
769.68	75.84
769.86	79.32
770.05	77.88
770.23	88.33
770.42	51.46
770.61	79.11
770.79	85.67
770.98	93.86
771.16	56.99
771.35	54.33
771.54	49.21
771.72	102.66
771.91	81.16
772.09	80.75
772.28	44.71
772.46	37.74
772.65	62.52
772.84	49.62
773.02	80.55
773.21	71.74
773.39	98.77
773.58	28.32
773.76	63.14
773.95	82.39
774.13	67.85
774.32	131.95
774.51	74.81
774.69	118.43
774.88	51.67
775.06	93.86
775.25	56.38
775.43	61.50
775.62	87.71
775.80	58.84
775.99	58.84
776.18	33.44
776.36	76.04
776.55	59.66
776.73	69.69
776.92	57.20
777.10	85.67
777.29	78.50
777.47	51.46
777.66	85.05
777.84	55.77
778.03	118.84
778.21	96.52
778.40	96.52
778.58	66.62
778.77	99.39
778.95	104.10
779.14	85.87
779.33	73.99
779.51	81.77
779.70	58.84
779.88	74.61
780.07	89.97
780.25	89.35
780.44	47.57
780.62	78.91
780.81	52.69
780.99	91.61
781.18	46.55
781.36	41.63
781.55	69.69
781.73	74.61
781.92	87.10
782.10	72.97
782.29	77.68
782.47	54.33
782.66	92.42
782.84	90.17
783.03	82.18
783.21	66.21
783.39	36.72
783.58	54.74
783.76	69.69
783.95	93.65
784.13	77.88
784.32	86.08
784.50	38.15
784.69	108.60
784.87	88.94
785.06	94.27
785.24	118.23
785.43	34.47
785.61	66.21
785.80	89.15
785.98	56.18
786.17	55.56
786.35	68.05
786.53	62.73
786.72	44.91
786.90	68.67
787.09	103.07
787.27	89.76
787.46	58.43
787.64	81.98
787.83	88.94
788.01	96.93
788.19	59.04
788.38	54.54
788.56	73.99
788.75	49.21
788.93	39.59
789.12	90.99
789.30	87.51
789.49	94.68
789.67	121.51
789.85	85.26
790.04	98.16
790.22	71.33
790.41	69.28
790.59	65.80
790.77	75.84
790.96	64.37
791.14	27.71
791.33	62.11
791.51	86.28
791.70	61.30
791.88	61.70
792.06	95.09
792.25	69.08
792.43	63.34
792.62	137.07
792.80	135.64
792.98	89.35
793.17	92.83
793.35	84.64
793.54	50.24
793.72	99.18
793.90	83.00
794.09	106.56
794.27	107.17
794.46	68.26
794.64	60.27
794.82	41.43
795.01	68.46
795.19	93.04
795.37	81.57
795.56	84.03
795.74	55.36
795.93	76.25
796.11	110.65
796.29	78.29
796.48	81.37
796.66	106.35
796.84	54.74
797.03	99.80
797.21	123.55
797.40	74.61
797.58	72.35
797.76	90.58
797.95	94.68
798.13	54.33
798.31	83.00
798.50	87.51
798.68	76.86
798.86	87.71
799.05	100.82
799.23	113.11
799.42	87.51
799.60	76.04
799.78	93.24
799.97	95.29
800.15	100.41
800.33	97.54
800.52	71.53
800.70	90.17
800.88	110.24
801.07	76.45
801.25	84.64
801.43	84.23
801.62	60.89
801.80	102.46
801.98	77.06
802.17	140.55
802.35	95.50
802.53	99.39
802.72	65.60
802.90	57.20
803.08	89.15
803.26	103.28
803.45	129.29
803.63	90.58
803.81	128.26
804.00	113.93
804.18	83.82
804.36	128.88
804.55	110.86
804.73	123.14
804.91	42.25
805.10	114.75
805.28	91.61
805.46	81.16
805.64	138.50
805.83	144.65
806.01	123.76
806.19	101.03
806.38	98.36
806.56	141.99
806.74	123.96
806.92	115.77
807.11	134.61
807.29	126.01
807.47	94.68
807.66	102.66
807.84	151.20
808.02	141.78
808.20	130.72
808.39	77.47
808.57	105.74
808.75	108.60
808.94	164.92
809.12	132.97
809.30	134.61
809.48	99.59
809.67	126.22
809.85	169.02
810.03	118.43
810.21	114.34
810.40	141.58
810.58	121.71
810.76	174.14
810.94	89.56
811.13	132.56
811.31	169.84
811.49	103.89
811.67	129.90
811.86	161.44
812.04	147.51
812.22	113.52
812.40	127.44
812.59	160.21
812.77	166.56
812.95	158.78
813.13	119.87
813.32	134.61
813.50	128.88
813.68	135.02
813.86	86.69
814.04	104.30
814.23	112.70
814.41	125.40
814.59	144.85
814.77	158.16
814.96	140.76
815.14	127.03
815.32	140.14
815.50	139.32
815.68	170.66
815.87	127.65
816.05	131.75
816.23	129.29
816.41	146.49
816.59	137.68
816.78	134.61
816.96	127.85
817.14	165.13
817.32	146.70
817.50	195.44
817.69	148.33
817.87	148.13
818.05	177.82
818.23	184.17
818.41	171.68
818.60	164.92
818.78	166.15
818.96	148.74
819.14	148.74
819.32	142.60
819.51	162.26
819.69	184.58
819.87	213.87
820.05	180.28
820.23	224.31
820.41	190.93
820.60	196.26
820.78	200.76
820.96	216.33
821.14	164.92
821.32	207.52
821.50	164.72
821.69	227.79
821.87	215.10
822.05	249.09
822.23	233.94
822.41	256.06
822.59	221.86
822.78	252.78
822.96	282.89
823.14	234.55
823.32	280.22
823.50	305.82
823.68	307.46
823.86	307.26
824.05	323.23
824.23	357.43
824.41	473.96
824.59	539.70
824.77	725.45
824.95	944.79
825.13	1300.52
825.32	1730.59
825.50	2189.13
825.68	2799.02
825.86	3455.80
826.04	4262.91
826.22	5002.63
826.40	5935.89
826.58	7061.05
826.77	8371.95
826.95	9712.35
827.13	11442.88
827.31	13044.39
827.49	14849.06
827.67	16775.59
827.85	18776.86
828.03	20808.45
828.22	22758.93
828.40	24911.35
828.58	26999.46
828.76	29296.87
828.94	31660.02
829.12	34257.46
829.30	36105.55
829.48	39126.09
829.66	40825.09
829.84	43120.45
830.03	45702.12
830.21	47924.58
830.39	49818.33
830.57	51768.82
830.75	53720.53
830.93	55728.16
831.11	56739.65
831.29	58584.46
831.47	59638.96
831.65	60945.56
831.83	62188.07
832.02	62569.19
832.20	63147.13
832.38	63030.60
832.56	63562.46
832.74	63460.06
832.92	63134.23
833.10	63016.06
833.28	62294.56
833.46	61967.91
833.64	60984.88
833.82	59442.56
834.00	57607.99
834.18	56535.06
834.36	54914.29
834.54	52959.30
834.73	51282.02
834.91	48346.25
835.09	46910.63
835.27	44630.01
835.45	42642.46
835.63	40335.83
835.81	37935.20
835.99	35368.69
836.17	33340.58
836.35	31078.81
836.53	28946.87
836.71	26868.39
836.89	24794.41
837.07	22701.18
837.25	20847.15
837.43	19006.44
837.61	17294.54
837.79	15619.10
837.97	13769.17
838.15	12396.21
838.33	10930.27
838.51	9597.46
838.69	8467.39
838.87	7313.77
839.05	6257.63
839.23	5352.84
839.41	4559.25
839.59	3828.53
839.78	3262.48
839.96	2669.79
840.14	2169.27
840.32	1704.79
840.50	1362.37
840.68	1091.01
840.86	845.87
841.04	660.33
841.22	571.44
841.40	481.13
841.58	402.28
841.76	325.07
841.94	243.15
842.12	245.61
842.30	262.41
842.48	239.88
842.66	196.87
842.84	177.01
843.02	205.68
843.20	175.78
843.38	178.23
843.55	180.69
843.73	193.80
843.91	182.53
844.09	207.11
844.27	176.60
844.45	131.54
844.63	158.57
844.81	164.31
844.99	150.79
845.17	180.90
845.35	157.75
845.53	151.20
845.71	141.17
845.89	140.35
846.07	154.07
846.25	124.58
846.43	129.90
846.61	140.96
846.79	140.55
846.97	98.16
847.15	119.05
847.33	107.58
847.51	127.44
847.69	98.16
847.87	143.62
848.05	120.48
848.23	94.06
848.41	153.04
848.58	108.81
848.76	132.56
848.94	76.45
849.12	109.22
849.30	129.90
849.48	84.23
849.66	80.55
849.84	115.16
850.02	127.24
850.20	128.67
850.38	112.29
850.56	75.02
850.74	109.83
850.92	96.52
851.10	87.10
851.27	84.44
851.45	86.49
851.63	141.78
851.81	116.39
851.99	126.83
852.17	105.74
852.35	130.11
852.53	139.94
852.71	105.12
852.89	106.96
853.07	103.07
853.24	90.38
853.42	103.48
853.60	128.26
853.78	139.73
853.96	88.74
854.14	78.29
854.32	115.57
854.50	136.87
854.68	110.24
854.86	104.92
855.03	86.08
855.21	67.44
855.39	127.03
855.57	119.25
855.75	66.01
855.93	101.64
856.11	105.12
856.29	125.81
856.47	79.32
856.64	102.05
856.82	71.74
857.00	91.20
857.18	95.50
857.36	93.45
857.54	86.28
857.72	84.23
857.90	73.99
858.07	98.77
858.25	67.03
858.43	60.68
858.61	103.07
858.79	60.07
858.97	78.70
859.15	89.76
859.32	75.63
859.50	125.60
859.68	116.59
859.86	83.62
860.04	62.93
860.22	59.25
860.40	61.91
860.57	62.32
860.75	83.82
860.93	54.13
861.11	60.48
861.29	81.37
861.47	48.39
861.64	112.08
861.82	55.97
862.00	90.17
862.18	64.78
862.36	59.25
862.54	48.80
862.71	42.04
862.89	69.28
863.07	71.74
863.25	26.48
863.43	33.65
863.61	34.06
863.78	73.79
863.96	53.10
864.14	38.56
864.32	113.31
864.50	40.61
864.67	40.61
864.85	48.60
865.03	94.06
865.21	58.22
865.39	60.68
865.57	22.59
865.74	92.83
865.92	57.81
866.10	69.90
866.28	85.46
866.46	26.89
866.63	64.98
866.81	60.89
866.99	93.45
867.17	48.80
867.34	53.92
867.52	28.12
867.70	49.62
867.88	61.91
868.06	26.07
868.23	47.16
868.41	94.47
868.59	45.53
868.77	7.84
868.95	7.02
869.12	40.41
869.30	65.39
869.48	34.06
869.66	23.00
869.83	25.66
870.01	59.86
870.19	70.31
870.37	33.24
870.55	37.95
870.72	53.31
870.90	45.12
871.08	27.71
871.26	52.08
871.43	18.49
871.61	45.32
871.79	24.64
871.97	33.65
872.14	110.24
872.32	42.86
872.50	8.05
872.68	25.46
872.85	35.90
873.03	61.30
873.21	34.88
873.39	22.79
873.56	16.03
873.74	100.62
873.92	41.43
874.10	40.82
874.27	14.40
874.45	19.93
874.63	44.50
874.80	38.97
874.98	45.12
875.16	34.47
875.34	61.30
875.51	69.08
875.69	43.48
875.87	29.55
876.05	29.76
876.22	30.78
876.40	24.02
876.58	32.42
876.75	-1.58
876.93	14.81
877.11	8.66
877.29	12.55
877.46	36.11
877.64	66.21
877.82	14.19
877.99	17.67
878.17	23.82
878.35	42.04
878.52	53.92
878.70	81.16
878.88	32.42
879.06	38.15
879.23	24.64
879.41	52.49
879.59	52.90
879.76	12.76
879.94	28.94
880.12	49.01
880.29	53.10
880.47	46.96
880.65	49.01
880.82	23.00
881.00	33.44
881.18	-4.85
881.36	54.54
881.53	39.18
881.71	85.67
881.89	28.73
882.06	15.83
882.24	65.60
882.42	11.12
882.59	86.08
882.77	54.95
882.95	41.02
883.12	51.06
883.30	69.69
883.48	17.26
883.65	69.90
883.83	53.10
884.01	61.70
884.18	26.07
884.36	43.48
884.54	31.80
884.71	44.91
884.89	10.30
885.06	15.42
885.24	56.99
885.42	35.70
885.59	38.15
885.77	32.62
885.95	52.08
886.12	62.32
886.30	41.02
886.48	72.76
886.65	52.90
886.83	38.97
887.01	13.99
887.18	25.66
887.36	90.58
887.53	49.62
887.71	45.73
887.89	46.75
888.06	16.03
888.24	41.02
888.42	66.42
888.59	34.88
888.77	11.73
888.94	29.96
889.12	20.95
889.30	51.26
889.47	27.09
889.65	57.20
889.82	49.62
890.00	47.37
890.18	42.86
890.35	52.49
890.53	29.96
890.71	7.64
890.88	81.16
891.06	24.02
891.23	19.31
891.41	52.69
891.59	23.41
891.76	56.38
891.94	37.54
892.11	11.12
892.29	10.92
892.46	106.96
892.64	-16.94
892.82	37.95
892.99	-10.38
893.17	51.67
893.34	56.79
893.52	66.21
893.70	23.41
893.87	27.30
894.05	48.60
894.22	12.76
894.40	65.60
894.57	25.66
894.75	37.33
894.93	19.11
895.10	58.22
895.28	66.62
895.45	41.63
895.63	85.46
895.80	34.26
895.98	41.22
896.16	26.48
896.33	72.15
896.51	48.80
896.68	77.06
896.86	67.23
897.03	41.02
897.21	41.02
897.38	18.90
897.56	23.61
897.74	84.64
897.91	83.41
898.09	12.35
898.26	65.60
898.44	31.19
898.61	33.24
898.79	3.95
898.96	36.92
899.14	24.23
899.31	30.78
899.49	39.18
899.67	24.43
899.84	88.33
900.02	19.11
900.19	52.69
900.37	29.55
900.54	60.27
900.72	17.26
900.89	29.76
901.07	63.55
901.24	26.07
901.42	11.73
901.59	23.20
901.77	79.11
901.94	80.96
902.12	39.18
902.29	16.24
902.47	43.48
902.64	46.34
902.82	18.49
902.99	41.84
903.17	31.80
903.34	107.99
903.52	87.71
903.69	23.00
903.87	38.15
904.04	13.99
904.22	64.98
904.39	34.67
904.57	47.37
904.74	27.30
904.92	49.21
905.09	58.02
905.27	21.56
905.44	54.95
905.62	19.52
905.79	36.31
905.97	30.58
906.14	54.95
906.32	43.48
906.49	32.83
906.67	1.90
906.84	35.70
907.02	38.15
907.19	61.30
907.37	23.41
907.54	33.03
907.72	94.88
907.89	48.60
908.06	15.01
908.24	54.54
908.41	63.75
908.59	56.38
908.76	11.73
908.94	77.68
909.11	84.44
909.29	22.18
909.46	61.30
909.64	42.66
909.81	18.90
909.99	41.63
910.16	26.07
910.33	67.64
910.51	59.45
910.68	9.28
910.86	57.81
911.03	-5.67
911.21	32.01
911.38	42.66
911.56	34.06
911.73	27.50
911.90	55.97
912.08	1.70
912.25	55.97
912.43	40.41
912.60	17.47
912.78	16.65
912.95	26.89
913.12	43.07
913.30	34.88
913.47	50.65
913.65	58.84
913.82	1.08
914.00	40.41
914.17	28.94
914.34	47.57
914.52	42.86
914.69	8.25
914.87	11.94
915.04	37.54
915.21	15.22
915.39	30.37
915.56	38.36
915.74	14.60
915.91	58.63
916.08	44.50
916.26	35.08
916.43	33.65
916.61	12.14
916.78	37.95
916.95	33.85
917.13	71.53
917.30	26.89
917.48	42.04
917.65	20.34
917.82	33.65
918.00	28.32
918.17	41.43
918.35	30.99
918.52	29.76
918.69	28.12
918.87	56.99
919.04	49.62
919.22	46.14
919.39	43.68
919.56	44.09
919.74	99.18
919.91	56.18
920.08	27.91
920.26	30.37
920.43	56.79
920.61	64.37
920.78	19.11
920.95	37.95
921.13	70.92
921.30	12.55
921.47	31.80
921.65	22.59
921.82	29.14
921.99	35.70
922.17	43.27
922.34	56.58
922.51	-2.40
922.69	34.06
922.86	40.20
923.04	13.17
923.21	-9.77
923.38	42.45
923.56	73.99
923.73	32.62
923.90	17.47
924.08	34.88
924.25	39.38
924.42	33.85
924.60	33.03
924.77	41.02
924.94	17.47
925.12	18.49
925.29	98.57
925.46	3.75
925.64	48.80
925.81	79.93
925.98	32.21
926.16	25.87
926.33	37.74
926.50	25.46
926.68	26.89
926.85	8.25
927.02	46.75
927.19	42.86
927.37	45.32
927.54	60.27
927.71	35.70
927.89	59.25
928.06	7.43
928.23	27.91
928.41	85.26
928.58	52.69
928.75	37.54
928.93	30.78
929.10	14.40
929.27	23.82
929.44	59.04
929.62	4.57
929.79	62.32
929.96	75.63
930.14	20.13
930.31	89.35
930.48	47.37
930.66	64.57
930.83	37.74
931.00	27.71
931.17	46.96
931.35	-18.37
931.52	31.39
931.69	75.02
931.87	33.85
932.04	33.85
932.21	60.48
932.38	67.64
932.56	64.98
932.73	17.88
932.90	64.37
933.07	47.16
933.25	64.16
933.42	32.21
933.59	33.65
933.77	53.31
933.94	29.14
934.11	81.37
934.28	33.44
934.46	69.90
934.63	36.11
934.80	37.95
934.97	20.13
935.15	42.25
935.32	53.92
935.49	63.75
935.66	16.03
935.84	36.51
936.01	53.31
936.18	34.26
936.35	12.14
936.53	88.94
936.70	31.19
936.87	33.03
937.04	38.56
937.22	33.85
937.39	57.81
937.56	91.61
937.73	30.58
937.91	21.77
938.08	12.14
938.25	24.43
938.42	57.81
938.59	41.63
938.77	29.96
938.94	6.00
939.11	-11.61
939.28	32.42
939.46	40.00
939.63	-6.08
939.80	12.14
939.97	18.70
940.14	38.97
940.32	55.97
940.49	12.35
940.66	78.70
940.83	42.86
941.00	35.90
941.18	26.27
941.35	30.17
941.52	1.90
941.69	13.17
941.87	24.02
942.04	41.22
942.21	30.58
942.38	49.01
942.55	48.39
942.73	30.17
942.90	35.49
943.07	3.54
943.24	40.82
943.41	12.14
943.58	38.97
943.76	28.94
943.93	38.97
944.10	47.98
944.27	65.39
944.44	7.64
944.62	62.11
944.79	33.03
944.96	50.65
945.13	64.37
945.30	9.89
945.47	27.09
945.65	37.74
945.82	17.88
945.99	38.77
946.16	50.24
946.33	36.31
946.50	51.67
946.68	77.68
946.85	32.62
947.02	69.28
947.19	44.30
947.36	16.65
947.53	70.51
947.71	48.19
947.88	12.96
948.05	45.12
948.22	21.56
948.39	12.14
948.56	31.19
948.74	21.56
948.91	21.56
949.08	56.58
949.25	18.90
949.42	33.65
949.59	29.35
949.76	73.58
949.94	50.03
950.11	-13.25
950.28	35.49
950.45	18.70
950.62	0.27
950.79	52.90
950.96	-3.83
951.14	24.84
951.31	42.25
951.48	15.22
951.65	50.65
951.82	35.70
951.99	43.27
952.16	94.47
952.33	49.42
952.51	53.10
952.68	33.44
952.85	45.32
953.02	43.07
953.19	62.11
953.36	75.43
953.53	21.36
953.70	31.60
953.87	66.21
954.05	16.65
954.22	43.07
954.39	57.61
954.56	-13.46
954.73	61.50
954.90	17.06
955.07	46.96
955.24	18.90
955.41	46.34
955.58	66.21
955.76	-3.63
955.93	31.60
956.10	29.14
956.27	72.76
956.44	44.71
956.61	40.00
956.78	35.08
956.95	56.99
957.12	29.76
957.29	52.08
957.46	19.52
957.64	32.83
957.81	76.04
957.98	69.08
958.15	21.56
958.32	8.05
958.49	34.06
958.66	34.67
958.83	53.51
959.00	56.38
959.17	12.14
959.34	30.37
959.51	30.78
959.68	110.24
959.85	33.65
960.03	21.56
960.20	-15.30
960.37	54.33
960.54	81.98
960.71	16.65
960.88	90.99
961.05	8.66
961.22	13.37
961.39	39.18
961.56	104.71
961.73	40.41
961.90	0.06
962.07	58.43
962.24	12.96
962.41	59.86
962.58	43.07
962.75	57.81
962.92	42.66
963.09	-30.25
963.26	-30.45
963.44	66.01
963.61	6.82
963.78	35.08
963.95	51.87
964.12	35.49
964.29	-4.85
964.46	51.26
964.63	9.48
964.80	43.27
964.97	47.37
965.14	35.70
965.31	27.50
965.48	27.71
965.65	41.43
965.82	33.03
965.99	-10.38
966.16	63.34
966.33	27.91
966.50	42.66
966.67	14.19
966.84	41.02
967.01	34.26
967.18	39.18
967.35	46.34
967.52	33.65
967.69	19.11
967.86	35.70
968.03	93.86
968.20	2.93
968.37	-12.43
968.54	54.95
968.71	59.04
968.88	36.92
969.05	36.72
969.22	67.23
969.39	16.24
969.56	81.16
969.73	35.49
969.90	22.38
970.07	49.62
970.24	18.29
970.41	5.18
970.58	76.04
970.75	51.06
970.92	36.31
971.09	38.56
971.26	15.22
971.43	42.25
971.60	83.62
971.77	29.76
971.94	61.70
972.11	30.17
972.28	30.37
972.45	17.26
972.62	8.05
972.79	57.20
972.96	51.06
973.12	29.35
973.29	8.46
973.46	32.83
973.63	13.58
973.80	43.07
973.97	46.14
974.14	56.58
974.31	-0.76
974.48	43.68
974.65	37.13
974.82	37.54
974.99	-1.17
975.16	22.38
975.33	36.72
975.50	49.21
975.67	61.70
975.84	55.97
976.01	4.36
976.18	28.12
976.35	30.17
976.51	47.98
976.68	32.83
976.85	29.76
977.02	24.02
977.19	20.54
977.36	3.95
977.53	18.08
977.70	40.61
977.87	45.12
978.04	36.72
978.21	3.95
978.38	41.22
978.55	45.32
978.72	4.57
978.88	22.18
979.05	32.83
979.22	52.90
979.39	20.34
979.56	40.41
979.73	33.24
979.90	45.53
980.07	68.46
980.24	18.90
980.41	57.61
980.58	72.56
980.75	47.98
980.91	34.06
981.08	26.27
981.25	44.50
981.42	66.21
981.59	24.64
981.76	10.71
981.93	36.31
982.10	3.13
982.27	41.84
982.44	19.72
982.60	45.73
982.77	47.37
982.94	52.08
983.11	31.80
983.28	18.70
983.45	24.43
983.62	22.38
983.79	25.66
983.95	56.18
984.12	28.73
984.29	26.07
984.46	12.14
984.63	17.47
984.80	47.78
984.97	66.42
985.14	37.95
985.30	25.05
985.47	50.65
985.64	32.21
985.81	16.65
985.98	22.79
986.15	41.22
986.32	29.55
986.49	47.98
986.65	37.74
986.82	17.06
986.99	43.68
987.16	27.30
987.33	26.27
987.50	80.75
987.67	23.20
987.83	24.02
988.00	74.20
988.17	69.69
988.34	53.72
988.51	37.95
988.68	70.10
988.84	29.55
989.01	35.90
989.18	49.01
989.35	36.11
989.52	54.33
989.69	22.79
989.86	34.06
990.02	33.85
990.19	49.62
990.36	-10.38
990.53	119.05
990.70	25.87
990.87	65.39
991.03	54.33
991.20	6.82
991.37	11.94
991.54	58.22
991.71	24.23
991.87	40.82
992.04	19.31
992.21	63.14
992.38	76.25
992.55	36.72
992.72	24.84
992.88	35.70
993.05	35.49
993.22	38.77
993.39	34.88
993.56	31.60
993.72	56.58
993.89	29.96
994.06	55.77
994.23	42.86
994.40	44.50
994.56	24.43
994.73	46.96
994.90	23.20
995.07	17.67
995.24	61.30
995.40	41.63
995.57	22.79
995.74	63.14
995.91	42.04
996.08	43.27
996.24	87.30
996.41	66.62
996.58	21.56
996.75	-7.52
996.92	61.50
997.08	65.39
997.25	24.64
997.42	55.77
997.59	35.08
997.75	42.86
997.92	66.62
998.09	1.08
998.26	44.71
998.43	50.44
998.59	40.41
998.76	25.05
998.93	24.23
999.10	51.67
999.26	26.48
999.43	8.25
999.60	45.32
999.77	64.57
999.93	13.78
1000.10	22.59
1000.27	8.46
1000.44	29.76
1000.60	24.84
1000.77	45.32
1000.94	24.02
1001.11	60.27
1001.28	30.37
1001.44	35.29
1001.61	21.97
1001.78	26.27
1001.95	39.18
1002.11	10.71
1002.28	79.32
1002.45	37.13
1002.61	33.85
1002.78	21.77
1002.95	91.20
1003.12	54.54
1003.28	62.93
1003.45	15.22
1003.62	7.02
1003.79	18.08
1003.95	25.66
1004.12	32.83
1004.29	10.30
1004.46	58.02
1004.62	36.31
1004.79	-5.06
1004.96	56.79
1005.12	91.81
1005.29	1.08
1005.46	61.09
1005.63	52.49
1005.79	2.72
1005.96	30.99
1006.13	39.18
1006.29	38.77
1006.46	21.36
1006.63	45.53
1006.80	49.83
1006.96	24.23
1007.13	20.54
1007.30	38.97
1007.46	64.78
1007.63	37.54
1007.80	42.66
1007.97	33.44
1008.13	29.96
1008.30	19.31
1008.47	54.33
1008.63	39.18
1008.80	44.71
1008.97	28.32
1009.13	25.46
1009.30	27.09
1009.47	11.32
1009.64	34.06
1009.80	10.30
1009.97	50.44
1010.14	41.02
1010.30	42.66
1010.47	7.02
1010.64	54.74
1010.80	44.30
1010.97	4.77
1011.14	32.83
1011.30	104.71
1011.47	16.24
1011.64	82.39
1011.80	19.93
1011.97	29.35
1012.14	21.56
1012.30	17.47
1012.47	58.02
1012.64	58.84
1012.80	36.11
1012.97	68.05
1013.14	57.40
1013.30	70.92
1013.47	62.11
1013.64	42.45
1013.80	4.57
1013.97	12.55
1014.14	12.55
1014.30	17.67
1014.47	68.46
1014.64	25.66
1014.80	56.58
1014.97	24.02
1015.14	45.32
1015.30	56.99
1015.47	36.31
1015.64	61.91
1015.80	43.89
1015.97	44.09
1016.13	36.51
1016.30	29.35
1016.47	54.74
1016.63	46.34
1016.80	9.07
1016.97	14.40
1017.13	-2.40
1017.30	22.59
1017.47	29.55
1017.63	51.26
1017.80	45.73
1017.96	27.71
1018.13	89.15
1018.30	33.24
1018.46	33.24
1018.63	40.00
1018.80	30.78
1018.96	40.20
1019.13	37.95
1019.29	30.99
1019.46	29.14
1019.63	33.24
1019.79	2.52
1019.96	64.37
1020.13	20.95
1020.29	44.91
1020.46	41.02
1020.62	55.36
1020.79	84.44
1020.96	79.52
1021.12	31.60
1021.29	24.02
1021.45	49.62
1021.62	15.01
1021.79	25.25
1021.95	41.63
1022.12	72.56
1022.28	1.08
1022.45	52.28
1022.62	73.58
1022.78	24.23
1022.95	25.05
1023.11	75.43
1023.28	14.40
1023.45	10.51
1023.61	28.12
1023.78	46.55
1023.94	25.66
1024.11	33.03
1024.27	65.39
1024.44	32.62
1024.61	43.07
1024.77	26.27
1024.94	33.85
1025.10	21.97
1025.27	36.11
1025.43	34.06
1025.60	9.69
1025.77	61.50
1025.93	42.66
1026.10	16.44
1026.26	31.60
1026.43	45.12
1026.59	56.18
1026.76	12.96
1026.93	36.92
1027.09	34.47
1027.26	28.32
1027.42	35.49
1027.59	37.13
1027.75	34.47
1027.92	55.56
1028.08	1.70
1028.25	40.82
1028.42	36.31
1028.58	12.35
1028.75	31.39
1028.91	13.58
1029.08	70.31
1029.24	49.21
1029.41	33.65
1029.57	11.32
1029.74	34.06
1029.91	30.58
1030.07	7.43
1030.24	85.05
1030.40	28.32
1030.57	43.68
1030.73	75.63
1030.90	63.14
1031.06	52.08
1031.23	55.56
1031.39	34.06
1031.56	27.09
1031.72	45.73
1031.89	62.93
1032.05	78.09
1032.22	29.55
1032.38	33.03
1032.55	80.96
1032.72	49.42
1032.88	26.27
1033.05	26.27
1033.21	66.21
1033.38	13.17
1033.54	27.09
1033.71	-2.40
1033.87	55.77
1034.04	18.90
1034.20	62.93
1034.37	22.18
1034.53	34.88
1034.70	40.61
1034.86	14.81
1035.03	39.79
1035.19	45.32
1035.36	70.51
1035.52	2.52
1035.69	26.89
1035.85	86.89
1036.02	64.16
1036.18	39.18
1036.35	30.78
1036.51	79.52
1036.68	32.21
1036.84	35.49
1037.01	52.90
1037.17	61.09
1037.34	34.06
1037.50	35.49
1037.67	70.51
