  500    4.468
  520    5.333
  540    6.620
  560    8.060
  570    8.870
  580    8.900
  590    10.243
  600    10.603
  610    12.292
  620    11.907
  630    12.249
  640    12.550
  650    12.877
  660    12.808
  670    12.469
  680    12.773
  690    11.688
  700    12.919
  710    13.030
  720    12.921
  730    12.114
  740    10.550
  750    6.840
  760    6.555
  770    8.693
  780    9.957
  790    11.104
  800    12.230
  810    12.433
  820    12.351
  830    11.612
  840    9.750
  850    7.946
  860    5.300
  870    3.311
  880    2.220
  890    3.380
  900    6.016
  920    11.900
  940    16.128
  960    17.820
  980    16.438
  1000   12.025
