  1000   14.920  0.140
  995    16.237  0.147
  990    17.246  0.180
  985    18.425  0.167
  980    19.156  0.188
  970    20.232  0.155
  960    20.444  0.198
  950    19.388  0.143
  940    17.954  0.160
  935    17.045  0.198
  932    16.130  0.092
  930    15.752  0.183
  928    15.553  0.326
  926    14.940  0.146
  924    14.188  0.110
  922    13.727  0.156
  920    13.189  0.145
  918    12.610  0.143
  917    12.290  0.127
  916    12.060  0.162
  915    11.686  0.192
  914    14.800  0.089
  913    14.359  0.126
  912    13.727  0.088
  911    13.325  0.068
  910    9.851   0.128
  909    9.536   0.127
  908    9.197   0.193
  907    8.633   0.193
  906    8.638   0.202
  905    7.733   0.243
  904    7.525   0.199
  903    7.543   0.297
  900    6.380   0.116
  880    4.787   0.191
  860    7.054   0.377
