  430    1.272   0.207
  440    1.970   0.211
  450    2.496   0.196
  455    2.860   0.179
  460    3.111   0.171
  465    3.303   0.211
  470    3.435   0.266
  472    3.501   0.244
  474    3.613   0.240
  476    3.666   0.236
  478    3.751   0.262
  480    3.851   0.178
  482    4.710   0.321
  489    3.959   0.242
  495    4.337   0.214
  500    4.646   0.252
  505    4.878   0.227
  510    5.123   0.255
  515    5.324   0.114
  517    5.526   0.115
  519    5.567   0.240
  521    5.632   0.165
  525    5.854   0.224
  527    6.379   0.223
  529    6.238   0.215
