19.00	32.563
20.00	34.874
21.00	37.322
22.00	35.527
23.00	33.720
24.00	42.671
25.00	31.652
26.00	27.050
27.00	28.976
28.00	26.394
29.00	30.441
30.00	30.904
31.00	34.804
32.00	36.408
33.00	28.921
34.00	30.293
35.00	28.472
36.00	30.962
37.00	27.360
38.00	35.537
39.00	27.618
40.00	24.825
41.00	28.009
42.00	28.613
43.00	27.657
44.00	33.226
45.00	30.663
46.00	29.383
47.00	32.419
48.00	29.646
49.00	32.673
50.00	27.169
51.00	28.193
52.00	29.293
53.00	27.978
54.00	25.350
55.00	27.001
56.00	26.156
57.00	21.289
58.00	27.925
59.00	28.198
60.00	27.911
61.00	25.264
62.00	25.177
63.00	25.914
64.00	23.756
65.00	24.113
66.00	26.581
67.00	25.986
68.00	30.409
69.00	23.759
70.00	29.004
71.00	23.689
72.00	29.361
73.00	25.902
74.00	25.233
75.00	27.667
76.00	27.155
77.00	23.335
78.00	28.602
79.00	28.073
80.00	17.865
81.00	21.993
82.00	23.638
83.00	25.221
84.00	25.355
85.00	23.876
86.00	24.620
87.00	26.518
88.00	25.508
89.00	29.470
90.00	25.294
91.00	27.203
92.00	26.293
93.00	26.032
94.00	21.745
95.00	21.652
96.00	24.723
97.00	24.150
98.00	21.429
99.00	24.932
100.00	25.284
101.00	21.932
102.00	24.399
103.00	22.526
104.00	22.635
105.00	23.298
106.00	22.385
107.00	23.999
108.00	21.682
109.00	23.663
110.00	24.783
111.00	23.790
112.00	23.040
113.00	19.887
114.00	21.973
115.00	23.474
116.00	23.450
117.00	20.392
118.00	22.685
119.00	22.329
120.00	22.447
121.00	22.723
122.00	21.242
123.00	19.764
124.00	21.531
125.00	24.818
126.00	21.538
127.00	21.490
128.00	22.362
129.00	21.828
130.00	21.226
131.00	22.522
132.00	22.204
133.00	22.802
134.00	20.869
135.00	22.239
136.00	20.553
137.00	22.051
138.00	22.910
139.00	21.903
140.00	22.678
141.00	20.686
142.00	21.169
143.00	21.783
144.00	23.035
145.00	21.213
146.00	21.180
147.00	23.211
148.00	21.693
149.00	23.356
150.00	22.562
151.00	23.760
152.00	22.883
153.00	22.008
154.00	22.758
155.00	22.481
156.00	22.244
157.00	20.248
158.00	20.839
159.00	21.210
160.00	22.618
161.00	21.349
162.00	21.895
163.00	22.581
164.00	22.045
165.00	22.096
166.00	23.331
167.00	22.560
168.00	22.136
169.00	21.896
170.00	22.413
171.00	22.286
172.00	21.489
173.00	21.889
174.00	20.892
175.00	23.709
176.00	21.148
177.00	22.837
178.00	21.762
179.00	23.814
180.00	22.166
181.00	20.856
182.00	22.663
183.00	23.379
184.00	21.777
185.00	22.001
186.00	22.171
187.00	23.377
188.00	23.514
189.00	22.157
190.00	22.023
191.00	21.748
192.00	21.414
193.00	22.778
194.00	22.540
195.00	22.237
196.00	22.468
197.00	20.964
198.00	21.765
199.00	23.106
200.00	22.128
201.00	21.996
202.00	22.470
203.00	22.620
204.00	22.170
205.00	22.913
206.00	22.557
207.00	22.849
208.00	22.459
209.00	22.987
210.00	22.049
211.00	22.914
212.00	21.766
213.00	22.575
214.00	22.658
215.00	23.610
216.00	22.897
217.00	22.283
218.00	22.460
219.00	22.423
220.00	22.474
221.00	22.277
222.00	22.692
223.00	22.023
224.00	22.577
225.00	21.857
226.00	22.386
227.00	22.710
228.00	22.487
229.00	22.792
230.00	23.605
231.00	22.637
232.00	22.917
233.00	22.473
234.00	23.033
235.00	23.344
236.00	22.898
237.00	22.612
238.00	22.700
239.00	23.030
240.00	22.939
241.00	23.279
242.00	23.011
243.00	23.149
244.00	22.719
245.00	23.475
246.00	23.590
247.00	23.081
248.00	23.300
249.00	23.457
250.00	23.866
251.00	23.129
252.00	23.389
253.00	23.463
254.00	22.863
255.00	23.638
256.00	23.433
257.00	23.119
258.00	23.905
259.00	23.151
260.00	23.591
261.00	23.548
262.00	23.324
263.00	23.464
264.00	24.086
265.00	23.749
266.00	23.436
267.00	23.670
268.00	22.883
269.00	23.673
270.00	22.848
271.00	23.548
272.00	23.149
273.00	23.397
274.00	23.431
275.00	23.293
276.00	23.739
277.00	24.044
278.00	24.409
279.00	23.666
280.00	23.429
281.00	24.223
282.00	23.873
283.00	24.321
284.00	23.907
285.00	23.963
286.00	23.544
287.00	24.202
288.00	23.796
289.00	23.766
290.00	23.463
291.00	24.409
292.00	24.279
293.00	24.099
294.00	24.061
295.00	24.191
296.00	24.096
297.00	23.996
298.00	24.273
299.00	24.498
300.00	24.047
301.00	24.437
302.00	24.070
303.00	24.927
304.00	24.513
305.00	24.202
306.00	24.587
307.00	25.264
308.00	24.191
309.00	24.544
310.00	24.706
311.00	25.080
312.00	24.721
313.00	24.823
314.00	24.071
315.00	24.768
316.00	24.928
317.00	24.739
318.00	24.602
319.00	24.958
320.00	25.258
321.00	24.633
322.00	24.761
323.00	25.305
324.00	25.426
325.00	25.056
326.00	25.256
327.00	25.147
328.00	25.153
329.00	25.267
330.00	24.822
331.00	25.526
332.00	25.176
333.00	25.407
334.00	25.151
335.00	25.540
336.00	25.483
337.00	25.782
338.00	25.453
339.00	24.738
340.00	25.590
341.00	25.341
342.00	25.428
343.00	25.820
344.00	25.946
345.00	25.619
346.00	25.386
347.00	26.382
348.00	25.832
349.00	25.579
350.00	25.832
351.00	25.592
352.00	25.597
353.00	26.056
354.00	25.985
355.00	25.901
356.00	26.071
357.00	26.070
358.00	26.171
359.00	26.145
360.00	25.514
361.00	26.115
362.00	25.815
363.00	26.398
364.00	26.316
365.00	25.965
366.00	26.028
367.00	26.390
368.00	26.374
369.00	26.675
370.00	26.409
371.00	26.629
372.00	26.466
373.00	26.535
374.00	26.781
375.00	26.875
376.00	26.561
377.00	26.609
378.00	26.325
379.00	26.863
380.00	26.947
381.00	26.314
382.00	26.808
383.00	26.427
384.00	26.977
385.00	26.514
386.00	26.879
387.00	26.698
388.00	26.760
389.00	27.000
390.00	26.893
391.00	26.860
392.00	27.147
393.00	27.250
394.00	26.990
395.00	27.161
396.00	26.982
397.00	27.312
398.00	27.137
399.00	27.154
400.00	27.317
401.00	27.372
402.00	27.304
403.00	27.086
404.00	27.193
405.00	27.275
406.00	27.304
407.00	27.634
408.00	27.302
409.00	27.473
410.00	27.584
411.00	27.582
412.00	27.529
413.00	27.771
414.00	27.491
415.00	27.544
416.00	27.489
417.00	27.869
418.00	27.570
419.00	27.960
420.00	27.851
421.00	27.606
422.00	27.774
423.00	28.042
424.00	28.176
425.00	28.023
426.00	27.684
427.00	28.006
428.00	27.862
429.00	27.887
430.00	28.016
431.00	28.050
432.00	28.016
433.00	28.031
434.00	28.316
435.00	28.267
436.00	28.101
437.00	28.134
438.00	28.331
439.00	28.284
440.00	28.181
441.00	28.290
442.00	28.469
443.00	28.649
444.00	28.549
445.00	28.452
446.00	28.581
447.00	28.460
448.00	28.173
449.00	28.249
450.00	28.687
451.00	28.659
452.00	28.532
453.00	28.693
454.00	28.741
455.00	28.694
456.00	28.829
457.00	28.752
458.00	28.750
459.00	29.088
460.00	28.938
461.00	28.839
462.00	28.888
463.00	28.963
464.00	29.031
465.00	28.883
466.00	28.920
467.00	28.965
468.00	29.273
469.00	29.113
470.00	29.266
471.00	28.995
472.00	29.398
473.00	29.239
474.00	29.201
475.00	29.151
476.00	29.427
477.00	29.680
478.00	29.618
479.00	29.451
480.00	29.234
481.00	29.338
482.00	29.270
483.00	29.349
484.00	29.341
485.00	29.653
486.00	29.489
487.00	29.823
488.00	29.669
489.00	29.503
490.00	29.758
491.00	29.674
492.00	29.718
493.00	29.776
494.00	30.022
495.00	29.725
496.00	29.939
497.00	30.048
498.00	29.918
499.00	29.899
500.00	29.863
501.00	29.987
502.00	30.000
503.00	30.031
504.00	30.061
505.00	30.000
506.00	30.153
507.00	29.841
508.00	30.006
509.00	30.212
510.00	30.443
511.00	30.301
512.00	30.110
513.00	30.036
514.00	30.342
515.00	30.384
516.00	30.327
517.00	30.295
518.00	30.283
519.00	30.549
520.00	30.499
521.00	30.342
522.00	30.349
523.00	30.268
524.00	30.656
525.00	30.676
526.00	30.597
527.00	30.747
528.00	30.510
529.00	30.613
530.00	30.726
531.00	30.662
532.00	30.839
533.00	30.659
534.00	30.750
535.00	31.130
536.00	30.904
537.00	30.788
538.00	31.071
539.00	31.047
540.00	30.909
541.00	30.949
542.00	31.114
543.00	31.184
544.00	31.201
545.00	31.289
546.00	31.117
547.00	30.934
548.00	30.995
549.00	31.159
550.00	31.127
551.00	31.355
552.00	31.280
553.00	31.283
554.00	31.294
555.00	31.182
556.00	31.428
557.00	31.320
558.00	31.231
559.00	31.485
560.00	31.227
561.00	31.550
562.00	31.638
563.00	31.326
564.00	31.435
565.00	31.634
566.00	31.546
567.00	31.660
568.00	31.627
569.00	31.913
570.00	31.769
571.00	31.986
572.00	31.788
573.00	31.778
574.00	31.776
575.00	31.765
576.00	31.820
577.00	31.767
578.00	31.888
579.00	31.802
580.00	32.018
581.00	32.090
582.00	32.243
583.00	32.290
584.00	32.470
585.00	32.292
586.00	32.164
587.00	32.156
588.00	32.053
589.00	32.260
590.00	32.413
591.00	32.318
592.00	32.202
593.00	32.364
594.00	32.280
595.00	32.547
596.00	32.437
597.00	32.462
598.00	32.439
599.00	32.616
600.00	32.528
601.00	32.547
602.00	32.551
603.00	32.699
604.00	32.727
605.00	32.901
606.00	32.983
607.00	32.884
608.00	32.937
609.00	32.818
610.00	33.017
611.00	33.022
612.00	33.077
613.00	33.327
614.00	33.212
615.00	33.218
616.00	33.110
617.00	33.198
618.00	33.107
619.00	33.197
620.00	33.363
621.00	33.543
622.00	33.792
623.00	33.789
624.00	33.863
625.00	33.906
626.00	33.829
627.00	34.011
628.00	34.444
629.00	34.338
630.00	34.243
631.00	34.225
632.00	34.311
633.00	34.299
634.00	34.329
635.00	34.347
636.00	34.543
637.00	34.511
638.00	34.663
639.00	34.695
640.00	34.630
641.00	34.785
642.00	34.906
643.00	34.786
644.00	34.868
645.00	35.107
646.00	35.265
647.00	35.507
648.00	35.658
649.00	35.410
650.00	35.692
651.00	35.683
652.00	35.730
653.00	35.683
654.00	36.003
655.00	36.109
656.00	36.309
657.00	36.163
658.00	36.493
659.00	36.326
660.00	36.537
661.00	36.655
662.00	36.699
663.00	36.715
664.00	36.900
665.00	36.973
666.00	37.251
667.00	37.212
668.00	37.430
669.00	37.700
670.00	37.700
671.00	37.848
672.00	38.104
673.00	38.186
674.00	38.260
675.00	38.170
676.00	38.277
677.00	38.463
678.00	38.641
679.00	38.888
680.00	38.916
681.00	38.977
682.00	39.195
683.00	39.187
684.00	39.315
685.00	39.549
686.00	39.574
687.00	39.733
688.00	39.971
689.00	40.114
690.00	40.338
691.00	40.734
692.00	40.667
693.00	40.872
694.00	41.034
695.00	41.106
696.00	41.496
697.00	41.520
698.00	41.687
699.00	41.807
700.00	42.146
701.00	42.296
702.00	42.527
703.00	42.783
704.00	42.818
705.00	43.039
706.00	43.384
707.00	43.703
708.00	43.741
709.00	43.867
710.00	44.143
711.00	44.162
712.00	44.493
713.00	44.768
714.00	44.998
715.00	45.206
716.00	45.317
717.00	45.556
718.00	45.909
719.00	46.114
720.00	46.628
721.00	46.562
722.00	46.884
723.00	47.445
724.00	47.641
725.00	47.866
726.00	47.589
727.00	47.958
728.00	48.260
729.00	48.593
730.00	48.852
731.00	49.153
732.00	49.303
733.00	49.576
734.00	49.995
735.00	50.213
736.00	50.465
737.00	50.661
738.00	51.050
739.00	51.247
740.00	51.712
741.00	51.735
742.00	51.985
743.00	52.797
744.00	53.145
745.00	53.501
746.00	53.714
747.00	53.666
748.00	54.183
749.00	54.856
750.00	54.910
751.00	55.225
752.00	55.370
753.00	55.721
754.00	55.754
755.00	56.285
756.00	56.628
757.00	57.010
758.00	57.309
759.00	57.456
760.00	57.583
761.00	58.010
762.00	58.234
763.00	58.311
764.00	58.469
765.00	58.971
766.00	59.037
767.00	59.823
768.00	59.958
769.00	60.326
770.00	60.718
771.00	60.781
772.00	61.170
773.00	61.424
774.00	61.460
775.00	61.634
776.00	62.042
777.00	62.661
778.00	62.564
779.00	62.970
780.00	63.075
781.00	63.240
782.00	63.770
783.00	64.022
784.00	64.174
785.00	64.673
786.00	64.820
787.00	65.147
788.00	65.392
789.00	65.556
790.00	65.441
791.00	66.093
792.00	66.224
793.00	66.573
794.00	66.882
795.00	66.795
796.00	67.106
797.00	67.258
798.00	67.604
799.00	67.539
800.00	67.758
801.00	67.971
802.00	68.383
803.00	68.807
804.00	68.681
805.00	68.821
806.00	69.015
807.00	69.540
808.00	69.889
809.00	69.574
810.00	69.885
811.00	70.136
812.00	70.121
813.00	70.488
814.00	70.767
815.00	70.818
816.00	70.792
817.00	70.996
818.00	71.376
819.00	71.366
820.00	71.570
821.00	71.588
822.00	72.245
823.00	72.142
824.00	72.323
825.00	72.302
826.00	72.503
827.00	72.529
828.00	72.484
829.00	72.566
830.00	72.614
831.00	72.630
832.00	72.562
833.00	72.736
834.00	72.995
835.00	72.513
836.00	72.770
837.00	73.013
838.00	73.142
839.00	73.209
840.00	73.243
841.00	73.414
842.00	73.574
843.00	73.405
844.00	73.482
845.00	73.896
846.00	74.187
847.00	74.403
848.00	74.344
849.00	74.213
850.00	74.140
851.00	73.955
852.00	74.689
853.00	74.677
854.00	74.690
855.00	74.955
856.00	74.808
857.00	75.166
858.00	74.909
859.00	74.809
860.00	74.823
861.00	75.249
862.00	75.135
863.00	75.318
864.00	74.873
865.00	75.110
866.00	75.159
867.00	75.434
868.00	75.149
869.00	75.270
870.00	75.131
871.00	75.450
872.00	75.265
873.00	75.056
874.00	75.484
875.00	75.613
876.00	75.914
877.00	75.792
878.00	75.855
879.00	75.692
880.00	75.550
881.00	75.634
882.00	75.745
883.00	75.691
884.00	76.296
885.00	75.945
886.00	76.323
887.00	75.983
888.00	75.723
889.00	76.045
890.00	76.563
891.00	76.756
892.00	76.926
893.00	76.764
894.00	76.517
895.00	76.797
896.00	76.635
897.00	76.221
898.00	76.548
899.00	76.393
900.00	76.481
901.00	76.406
902.00	76.684
903.00	76.738
904.00	77.050
905.00	76.758
906.00	76.225
907.00	76.948
908.00	77.161
909.00	76.564
910.00	76.718
911.00	76.872
912.00	76.869
913.00	76.646
914.00	76.621
915.00	76.528
916.00	76.876
917.00	77.255
918.00	77.379
919.00	77.337
920.00	77.284
921.00	77.266
922.00	76.862
923.00	77.072
924.00	76.925
925.00	77.001
926.00	77.199
927.00	76.717
928.00	77.054
929.00	76.873
930.00	77.068
931.00	77.365
932.00	77.301
933.00	76.569
934.00	76.678
935.00	76.772
936.00	77.191
937.00	77.417
938.00	77.332
939.00	76.909
940.00	77.850
941.00	77.533
942.00	77.453
943.00	77.807
944.00	78.061
945.00	77.827
946.00	77.262
947.00	77.370
948.00	77.642
949.00	77.620
950.00	77.550
951.00	77.100
952.00	77.295
953.00	77.778
954.00	77.901
955.00	78.051
956.00	77.757
957.00	77.604
958.00	77.661
959.00	77.480
960.00	77.711
961.00	77.241
962.00	77.637
963.00	77.618
964.00	77.610
965.00	77.623
966.00	77.594
967.00	77.339
968.00	77.418
969.00	77.552
970.00	77.752
971.00	78.045
972.00	78.339
973.00	78.436
974.00	77.854
975.00	78.006
976.00	78.143
977.00	77.657
978.00	77.767
979.00	77.856
980.00	77.919
981.00	78.122
982.00	77.955
983.00	77.766
984.00	78.424
985.00	78.000
986.00	77.893
987.00	77.969
988.00	78.018
989.00	77.819
990.00	77.852
991.00	78.098
992.00	77.972
993.00	77.641
994.00	77.584
995.00	77.864
996.00	77.928
997.00	78.198
998.00	77.959
999.00	78.020
1000.00	78.289
1001.00	78.168
1002.00	77.918
1003.00	78.464
1004.00	78.416
1005.00	78.014
1006.00	78.151
1007.00	78.685
1008.00	78.567
1009.00	78.158
1010.00	78.101
1011.00	78.339
1012.00	78.265
1013.00	78.165
1014.00	78.762
1015.00	78.955
1016.00	78.417
1017.00	78.463
1018.00	78.005
1019.00	78.439
1020.00	78.960
1021.00	78.416
1022.00	78.495
1023.00	78.063
1024.00	78.419
1025.00	78.573
1026.00	78.741
1027.00	78.594
1028.00	78.615
1029.00	78.466
1030.00	78.400
1031.00	78.298
1032.00	78.422
1033.00	79.054
1034.00	78.801
1035.00	79.159
1036.00	79.152
1037.00	79.070
1038.00	78.900
1039.00	79.347
1040.00	79.186
1041.00	78.586
1042.00	79.139
1043.00	78.548
1044.00	78.462
1045.00	78.613
1046.00	78.309
1047.00	78.728
1048.00	79.021
1049.00	78.931
1050.00	78.558
1051.00	78.667
1052.00	78.473
1053.00	78.823
1054.00	78.788
1055.00	79.593
1056.00	79.220
1057.00	79.124
1058.00	78.735
1059.00	78.906
1060.00	79.404
1061.00	79.681
1062.00	79.559
1063.00	79.510
1064.00	79.513
1065.00	79.731
1066.00	79.166
1067.00	79.643
1068.00	79.403
1069.00	79.245
1070.00	79.473
1071.00	79.615
1072.00	79.654
1073.00	79.595
1074.00	79.447
1075.00	79.592
1076.00	79.655
1077.00	79.504
1078.00	78.968
1079.00	79.852
1080.00	79.785
1081.00	79.976
1082.00	79.681
1083.00	79.897
1084.00	79.853
1085.00	79.466
1086.00	79.458
1087.00	79.694
1088.00	79.782
1089.00	80.242
1090.00	80.169
1091.00	79.578
1092.00	79.596
1093.00	80.020
1094.00	79.380
1095.00	79.990
1096.00	80.268
1097.00	80.549
1098.00	80.851
1099.00	80.370
1100.00	79.561
1101.00	79.473
1102.00	79.772
1103.00	79.876
1104.00	80.112
1105.00	79.851
1106.00	80.245
1107.00	80.660
1108.00	80.747
1109.00	80.216
1110.00	79.588
1111.00	79.644
1112.00	79.471
1113.00	79.775
1114.00	80.419
1115.00	80.583
1116.00	80.136
1117.00	79.803
1118.00	80.481
1119.00	80.853
1120.00	80.831
1121.00	80.754
1122.00	80.492
1123.00	80.209
1124.00	80.003
1125.00	79.985
1126.00	80.311
1127.00	80.307
1128.00	79.974
1129.00	80.680
1130.00	80.595
1131.00	80.668
1132.00	80.623
1133.00	80.593
1134.00	80.152
1135.00	80.205
1136.00	80.205
1137.00	80.749
1138.00	80.652
1139.00	80.555
1140.00	80.579
1141.00	81.308
1142.00	81.083
1143.00	80.930
1144.00	81.253
1145.00	81.754
1146.00	81.552
1147.00	81.123
1148.00	80.722
1149.00	80.752
1150.00	80.813
1151.00	80.581
1152.00	80.579
1153.00	80.734
1154.00	80.818
1155.00	80.784
1156.00	80.703
1157.00	81.215
1158.00	80.903
1159.00	81.008
1160.00	80.991
1161.00	81.081
1162.00	80.864
1163.00	81.158
1164.00	80.904
1165.00	81.038
1166.00	81.727
1167.00	81.524
1168.00	80.543
1169.00	80.655
1170.00	81.028
1171.00	81.464
1172.00	82.126
1173.00	81.994
1174.00	81.456
1175.00	80.964
1176.00	81.050
1177.00	81.428
1178.00	81.402
1179.00	82.023
1180.00	81.440
1181.00	81.786
1182.00	82.162
1183.00	81.771
1184.00	81.421
1185.00	80.550
1186.00	81.607
1187.00	81.707
1188.00	81.142
1189.00	80.921
1190.00	81.222
1191.00	80.832
1192.00	80.950
1193.00	81.524
1194.00	81.399
1195.00	80.970
1196.00	81.513
1197.00	81.939
1198.00	82.001
1199.00	82.244
1200.00	82.240
1201.00	81.751
1202.00	81.250
1203.00	82.208
1204.00	82.534
1205.00	81.904
1206.00	82.138
1207.00	82.352
1208.00	81.856
1209.00	81.748
1210.00	81.650
1211.00	81.258
1212.00	81.830
1213.00	82.102
1214.00	82.024
1215.00	81.993
1216.00	82.296
1217.00	82.771
1218.00	81.577
1219.00	81.866
1220.00	82.636
1221.00	81.874
1222.00	81.914
1223.00	82.255
1224.00	82.158
1225.00	82.536
1226.00	82.695
1227.00	82.714
1228.00	82.376
1229.00	82.811
1230.00	82.680
1231.00	82.098
1232.00	82.123
1233.00	81.905
1234.00	82.664
1235.00	82.166
1236.00	82.140
1237.00	82.196
1238.00	83.098
1239.00	82.831
1240.00	82.220
1241.00	82.616
1242.00	82.557
1243.00	82.013
1244.00	82.051
1245.00	82.246
1246.00	82.964
1247.00	84.179
1248.00	83.225
1249.00	82.487
1250.00	82.520
1251.00	82.167
1252.00	82.558
1253.00	83.027
1254.00	83.417
1255.00	83.885
1256.00	83.398
1257.00	82.842
1258.00	83.324
1259.00	83.061
1260.00	83.417
1261.00	83.339
1262.00	82.540
1263.00	82.941
1264.00	83.233
1265.00	83.137
1266.00	82.997
1267.00	82.229
1268.00	82.623
1269.00	82.651
1270.00	83.510
1271.00	83.754
1272.00	83.222
1273.00	83.238
1274.00	83.638
1275.00	83.454
1276.00	83.342
1277.00	83.065
1278.00	83.416
1279.00	83.429
1280.00	82.997
1281.00	83.563
1282.00	83.066
1283.00	82.841
1284.00	83.163
1285.00	83.399
1286.00	83.425
1287.00	83.595
1288.00	83.010
1289.00	83.478
1290.00	83.268
1291.00	83.506
1292.00	83.552
1293.00	83.724
1294.00	83.404
1295.00	83.799
1296.00	83.591
1297.00	83.941
1298.00	83.993
1299.00	83.560
1300.00	83.694
1301.00	83.077
1302.00	84.200
1303.00	84.267
1304.00	83.606
1305.00	83.620
1306.00	83.517
1307.00	83.741
1308.00	83.614
1309.00	84.466
1310.00	84.506
1311.00	84.004
1312.00	83.089
1313.00	83.976
1314.00	83.704
1315.00	83.581
1316.00	84.260
1317.00	84.275
1318.00	83.577
1319.00	83.598
1320.00	83.757
1321.00	83.769
1322.00	83.719
1323.00	84.099
1324.00	84.315
1325.00	83.999
1326.00	84.541
1327.00	84.328
1328.00	84.525
1329.00	84.294
1330.00	84.282
1331.00	83.847
1332.00	83.527
1333.00	84.014
1334.00	84.587
1335.00	84.746
1336.00	84.606
1337.00	84.593
1338.00	84.661
1339.00	84.825
1340.00	84.834
1341.00	84.422
1342.00	84.488
1343.00	84.019
1344.00	83.702
1345.00	84.632
1346.00	84.276
1347.00	84.410
1348.00	84.882
1349.00	84.711
1350.00	84.332
1351.00	83.880
1352.00	84.307
1353.00	84.953
1354.00	84.515
1355.00	84.651
1356.00	84.633
1357.00	85.344
1358.00	85.028
1359.00	84.494
1360.00	84.841
1361.00	85.211
1362.00	85.043
1363.00	84.902
1364.00	84.959
1365.00	85.511
1366.00	85.697
1367.00	85.376
1368.00	85.347
1369.00	85.069
1370.00	84.600
1371.00	84.866
1372.00	85.748
1373.00	85.423
1374.00	85.349
1375.00	84.914
1376.00	84.823
1377.00	84.693
1378.00	84.773
1379.00	85.135
1380.00	85.630
1381.00	84.892
1382.00	84.449
1383.00	84.567
1384.00	84.631
1385.00	85.300
1386.00	85.801
1387.00	85.466
1388.00	85.769
1389.00	85.570
1390.00	85.847
1391.00	86.783
1392.00	85.716
1393.00	85.638
1394.00	86.268
1395.00	85.689
1396.00	85.346
1397.00	85.619
1398.00	86.004
1399.00	85.777
1400.00	85.663
1401.00	86.136
1402.00	85.722
1403.00	85.070
1404.00	85.156
1405.00	85.557
1406.00	85.388
1407.00	85.609
1408.00	85.282
1409.00	84.813
1410.00	85.851
1411.00	85.386
1412.00	85.445
1413.00	85.392
1414.00	85.650
1415.00	85.449
1416.00	85.705
1417.00	86.041
1418.00	86.345
1419.00	85.792
1420.00	86.173
1421.00	86.498
1422.00	86.217
1423.00	85.606
1424.00	85.079
1425.00	85.436
1426.00	86.480
1427.00	86.535
1428.00	86.184
1429.00	86.556
1430.00	86.265
1431.00	85.934
1432.00	86.122
1433.00	85.398
1434.00	85.266
1435.00	85.245
1436.00	84.644
1437.00	85.926
1438.00	85.810
1439.00	86.302
1440.00	86.422
1441.00	86.426
1442.00	85.587
1443.00	85.352
1444.00	85.798
1445.00	85.119
1446.00	86.025
1447.00	87.453
1448.00	86.776
1449.00	86.322
1450.00	86.366
1451.00	86.586
1452.00	87.013
1453.00	86.562
1454.00	87.662
1455.00	87.201
1456.00	86.541
1457.00	86.717
1458.00	87.128
1459.00	86.286
1460.00	86.231
1461.00	86.625
1462.00	87.082
1463.00	86.333
1464.00	86.038
1465.00	86.324
1466.00	86.782
1467.00	86.295
1468.00	86.282
1469.00	86.552
1470.00	86.758
1471.00	86.034
1472.00	85.671
1473.00	86.288
1474.00	86.048
1475.00	85.667
1476.00	85.243
1477.00	85.534
1478.00	86.372
1479.00	87.457
1480.00	86.938
1481.00	86.888
1482.00	87.147
1483.00	87.799
1484.00	87.165
1485.00	86.729
1486.00	87.323
1487.00	87.104
1488.00	88.302
1489.00	88.098
1490.00	87.265
1491.00	86.442
1492.00	86.175
1493.00	87.440
1494.00	87.324
1495.00	86.317
1496.00	87.067
1497.00	86.854
1498.00	86.472
1499.00	87.509
1500.00	88.140
1501.00	88.380
1502.00	88.422
1503.00	88.150
1504.00	87.823
1505.00	87.967
1506.00	87.937
1507.00	87.267
1508.00	87.775
1509.00	87.724
1510.00	88.041
1511.00	88.048
1512.00	86.941
1513.00	87.112
1514.00	86.743
1515.00	86.654
1516.00	87.313
1517.00	87.024
1518.00	87.376
1519.00	87.167
1520.00	86.813
1521.00	87.536
1522.00	86.895
1523.00	87.064
1524.00	86.777
1525.00	86.778
1526.00	86.896
1527.00	88.059
1528.00	88.621
1529.00	88.068
1530.00	88.342
1531.00	88.783
1532.00	87.734
1533.00	88.074
1534.00	88.072
1535.00	87.580
1536.00	87.598
1537.00	88.533
1538.00	88.546
1539.00	87.746
1540.00	87.618
1541.00	86.751
1542.00	86.855
1543.00	86.776
1544.00	86.950
1545.00	87.735
1546.00	87.822
1547.00	87.942
1548.00	87.879
1549.00	87.643
1550.00	87.887
1551.00	88.094
1552.00	88.448
1553.00	88.485
1554.00	89.070
1555.00	88.882
1556.00	89.095
1557.00	89.391
1558.00	88.815
1559.00	87.931
1560.00	88.091
1561.00	88.820
1562.00	88.085
1563.00	88.273
1564.00	87.689
1565.00	88.338
1566.00	88.160
1567.00	87.800
1568.00	87.233
1569.00	87.879
1570.00	88.276
1571.00	88.189
1572.00	87.736
1573.00	88.544
1574.00	89.369
1575.00	88.785
1576.00	87.098
1577.00	87.359
1578.00	87.890
1579.00	88.930
1580.00	88.574
1581.00	88.362
1582.00	88.705
1583.00	88.543
1584.00	88.822
1585.00	89.012
1586.00	88.882
1587.00	89.071
1588.00	89.113
1589.00	88.768
1590.00	89.099
1591.00	89.662
1592.00	89.370
1593.00	88.745
1594.00	88.220
1595.00	88.557
1596.00	89.521
1597.00	89.705
1598.00	88.705
1599.00	89.172
1600.00	88.533
1601.00	88.483
1602.00	89.004
1603.00	88.818
1604.00	88.511
1605.00	87.981
1606.00	88.095
1607.00	88.642
1608.00	89.218
1609.00	88.484
1610.00	88.887
1611.00	88.930
1612.00	88.718
1613.00	89.257
1614.00	89.232
1615.00	90.415
1616.00	89.483
1617.00	89.317
1618.00	89.049
1619.00	88.944
1620.00	89.291
1621.00	88.253
1622.00	88.623
1623.00	89.851
1624.00	89.949
1625.00	89.825
1626.00	90.572
1627.00	90.024
1628.00	88.756
1629.00	88.828
1630.00	90.142
1631.00	90.454
1632.00	90.783
1633.00	90.379
1634.00	89.859
1635.00	90.206
1636.00	90.340
1637.00	89.657
1638.00	90.258
1639.00	90.344
1640.00	90.011
1641.00	90.189
1642.00	90.438
1643.00	89.484
1644.00	88.614
1645.00	88.658
1646.00	88.185
1647.00	88.810
1648.00	89.752
1649.00	89.763
1650.00	89.420
1651.00	89.712
1652.00	89.407
1653.00	89.892
1654.00	90.477
1655.00	90.842
1656.00	90.618
1657.00	90.324
1658.00	88.860
1659.00	88.850
1660.00	89.380
1661.00	89.131
1662.00	89.140
1663.00	89.897
1664.00	90.251
1665.00	90.462
1666.00	89.316
1667.00	89.798
1668.00	89.431
1669.00	89.455
1670.00	90.045
1671.00	90.415
1672.00	89.325
1673.00	89.591
1674.00	89.621
1675.00	88.846
1676.00	89.297
1677.00	88.908
1678.00	89.054
1679.00	88.927
1680.00	90.037
1681.00	89.606
1682.00	89.583
1683.00	90.468
1684.00	91.053
1685.00	91.035
1686.00	90.596
1687.00	91.034
1688.00	90.375
1689.00	90.725
1690.00	90.399
1691.00	90.432
1692.00	90.689
1693.00	90.383
1694.00	90.203
1695.00	90.024
1696.00	90.954
1697.00	91.126
1698.00	90.496
1699.00	91.407
1700.00	91.408
1701.00	91.416
1702.00	91.058
1703.00	90.410
1704.00	89.958
1705.00	90.249
1706.00	90.312
1707.00	90.290
1708.00	90.416
1709.00	91.705
1710.00	91.505
1711.00	90.778
1712.00	90.388
1713.00	90.724
1714.00	90.662
1715.00	89.557
1716.00	89.305
1717.00	89.308
1718.00	90.077
1719.00	89.931
1720.00	90.471
1721.00	90.997
1722.00	91.451
1723.00	90.942
1724.00	90.650
1725.00	91.506
1726.00	91.075
1727.00	91.129
1728.00	91.595
1729.00	91.691
1730.00	91.019
1731.00	90.881
1732.00	90.701
1733.00	92.328
1734.00	89.929
1735.00	90.121
1736.00	90.871
1737.00	91.362
1738.00	92.488
1739.00	92.002
1740.00	91.595
1741.00	92.030
1742.00	91.636
1743.00	91.116
1744.00	91.724
1745.00	90.918
1746.00	90.604
1747.00	90.390
1748.00	90.346
1749.00	90.607
1750.00	90.755
1751.00	91.444
1752.00	91.789
1753.00	91.875
1754.00	92.030
1755.00	91.011
1756.00	91.683
1757.00	91.521
1758.00	90.704
1759.00	90.753
1760.00	91.926
1761.00	91.678
1762.00	90.749
1763.00	91.068
1764.00	90.675
1765.00	90.530
1766.00	90.240
1767.00	91.427
1768.00	91.494
1769.00	91.697
1770.00	90.948
1771.00	91.253
1772.00	90.746
1773.00	90.835
1774.00	90.745
1775.00	90.370
1776.00	90.085
1777.00	90.856
1778.00	91.263
1779.00	91.560
1780.00	92.081
1781.00	90.984
1782.00	91.056
1783.00	92.052
1784.00	92.300
1785.00	92.471
1786.00	93.179
1787.00	92.490
1788.00	91.083
1789.00	91.084
1790.00	90.749
1791.00	91.092
1792.00	90.299
1793.00	90.468
1794.00	91.292
1795.00	92.192
1796.00	92.114
1797.00	91.640
1798.00	91.576
1799.00	92.059
1800.00	92.129
1801.00	91.769
1802.00	92.331
1803.00	92.404
1804.00	91.426
1805.00	90.840
1806.00	91.782
1807.00	91.989
1808.00	92.252
1809.00	92.668
1810.00	92.512
1811.00	91.548
1812.00	91.959
1813.00	91.660
1814.00	91.795
1815.00	91.774
1816.00	92.328
1817.00	91.859
1818.00	91.092
1819.00	91.339
1820.00	91.230
1821.00	91.915
1822.00	92.037
1823.00	91.900
1824.00	91.628
1825.00	91.867
1826.00	92.202
1827.00	92.484
1828.00	93.379
1829.00	92.830
1830.00	91.594
1831.00	91.850
1832.00	92.088
1833.00	91.986
1834.00	92.860
1835.00	92.812
1836.00	92.629
1837.00	94.010
1838.00	92.787
1839.00	93.695
1840.00	93.277
1841.00	92.997
1842.00	92.816
1843.00	92.154
1844.00	92.880
1845.00	91.933
1846.00	92.014
1847.00	91.944
1848.00	91.875
1849.00	91.934
1850.00	92.032
1851.00	91.873
1852.00	91.873
1853.00	92.014
1854.00	91.926
1855.00	92.833
1856.00	91.886
1857.00	92.647
1858.00	93.480
1859.00	92.300
1860.00	93.173
1861.00	93.834
1862.00	93.801
1863.00	93.038
1864.00	92.789
1865.00	92.382
1866.00	92.997
1867.00	93.650
1868.00	93.279
1869.00	92.511
1870.00	92.460
1871.00	92.770
1872.00	92.313
1873.00	91.109
1874.00	91.255
1875.00	92.369
1876.00	92.108
1877.00	92.910
1878.00	92.754
1879.00	93.533
1880.00	93.595
1881.00	93.070
1882.00	92.826
1883.00	92.834
1884.00	93.565
1885.00	92.512
1886.00	92.106
1887.00	92.306
1888.00	93.068
1889.00	94.251
1890.00	93.330
1891.00	92.805
1892.00	93.913
1893.00	95.176
1894.00	94.954
1895.00	93.207
1896.00	92.713
1897.00	92.832
1898.00	92.868
1899.00	92.930
1900.00	93.810
1901.00	93.357
1902.00	92.797
1903.00	92.657
1904.00	92.838
1905.00	92.970
1906.00	92.252
1907.00	91.586
1908.00	91.645
1909.00	91.803
1910.00	92.400
1911.00	92.566
1912.00	93.089
1913.00	92.485
1914.00	92.735
1915.00	93.866
1916.00	92.879
1917.00	92.750
1918.00	92.772
1919.00	92.508
1920.00	92.790
1921.00	92.034
1922.00	91.760
1923.00	92.307
1924.00	92.581
1925.00	92.863
1926.00	93.391
1927.00	94.542
1928.00	93.588
1929.00	94.012
1930.00	94.176
1931.00	93.304
1932.00	92.939
1933.00	93.009
1934.00	93.436
1935.00	93.732
1936.00	93.809
1937.00	93.873
1938.00	93.919
1939.00	93.009
1940.00	92.356
1941.00	92.505
1942.00	93.007
1943.00	93.869
1944.00	93.339
1945.00	93.260
1946.00	92.416
1947.00	92.102
1948.00	92.265
1949.00	92.829
1950.00	92.402
1951.00	93.420
1952.00	94.044
1953.00	93.306
1954.00	93.394
1955.00	92.113
1956.00	92.482
1957.00	91.631
1958.00	92.708
1959.00	92.998
1960.00	92.985
1961.00	93.669
1962.00	93.585
1963.00	93.500
1964.00	93.607
1965.00	94.483
1966.00	93.929
1967.00	92.149
1968.00	93.047
1969.00	93.196
1970.00	92.762
1971.00	93.223
1972.00	93.732
1973.00	92.547
1974.00	93.889
1975.00	93.011
1976.00	91.021
1977.00	91.025
1978.00	93.177
1979.00	93.001
1980.00	92.030
1981.00	92.886
1982.00	92.938
1983.00	93.778
1984.00	93.666
1985.00	93.053
1986.00	92.387
1987.00	92.716
1988.00	93.624
1989.00	94.444
1990.00	93.812
1991.00	92.990
1992.00	93.646
1993.00	94.000
1994.00	94.657
1995.00	94.376
1996.00	92.781
1997.00	93.314
1998.00	93.588
1999.00	94.463
2000.00	93.542
2001.00	94.587
2002.00	94.260
2003.00	93.729
2004.00	93.227
2005.00	93.429
2006.00	94.271
2007.00	93.476
2008.00	93.296
2009.00	93.469
2010.00	93.625
2011.00	94.506
2012.00	93.886
2013.00	92.840
2014.00	92.183
2015.00	93.096
2016.00	93.046
2017.00	92.843
2018.00	93.904
2019.00	94.221
2020.00	94.529
2021.00	93.421
2022.00	93.755
2023.00	93.289
2024.00	93.600
2025.00	94.336
2026.00	93.742
2027.00	92.575
2028.00	93.369
2029.00	93.219
2030.00	92.621
2031.00	92.594
2032.00	93.666
2033.00	93.188
2034.00	93.434
2035.00	93.266
2036.00	92.842
2037.00	92.461
2038.00	92.384
2039.00	91.187
2040.00	92.504
2041.00	92.836
2042.00	93.022
2043.00	92.925
2044.00	93.879
2045.00	94.666
2046.00	94.353
2047.00	93.295
2048.00	93.114
2049.00	93.539
2050.00	93.764
2051.00	93.776
2052.00	94.439
2053.00	93.891
2054.00	93.451
2055.00	92.730
2056.00	92.329
2057.00	93.055
2058.00	92.598
2059.00	92.348
2060.00	93.357
2061.00	92.375
2062.00	92.086
2063.00	92.392
2064.00	92.878
2065.00	91.976
2066.00	91.990
2067.00	93.037
2068.00	92.080
2069.00	90.755
2070.00	92.480
2071.00	93.568
2072.00	93.483
2073.00	94.222
2074.00	94.963
2075.00	93.962
2076.00	93.690
2077.00	92.505
2078.00	91.367
2079.00	93.789
2080.00	93.263
2081.00	94.355
2082.00	94.385
2083.00	93.637
2084.00	94.364
2085.00	93.563
2086.00	93.346
2087.00	93.810
2088.00	92.638
2089.00	93.011
2090.00	93.623
2091.00	94.639
2092.00	94.539
2093.00	94.275
2094.00	93.453
2095.00	94.235
2096.00	93.253
2097.00	94.061
2098.00	93.952
2099.00	93.926
2100.00	93.403
2101.00	93.086
2102.00	93.392
2103.00	92.708
2104.00	92.993
2105.00	92.607
2106.00	92.094
2107.00	93.534
2108.00	93.438
2109.00	93.508
2110.00	94.102
2111.00	93.263
2112.00	92.906
2113.00	93.577
2114.00	93.172
2115.00	92.720
2116.00	93.196
2117.00	93.752
2118.00	93.368
2119.00	93.314
2120.00	94.517
2121.00	94.616
2122.00	94.532
2123.00	94.305
2124.00	93.652
2125.00	91.817
2126.00	92.564
2127.00	93.311
2128.00	93.487
2129.00	94.374
2130.00	93.887
2131.00	94.037
2132.00	92.704
2133.00	93.378
2134.00	92.268
2135.00	91.518
2136.00	92.790
2137.00	92.303
2138.00	93.251
2139.00	93.683
2140.00	93.895
2141.00	94.941
2142.00	94.282
2143.00	93.882
2144.00	93.216
2145.00	92.588
2146.00	92.656
2147.00	92.973
2148.00	91.825
2149.00	91.825
2150.00	93.431
2151.00	93.365
2152.00	93.267
2153.00	91.933
2154.00	92.970
2155.00	93.142
2156.00	94.226
2157.00	93.849
2158.00	93.177
2159.00	92.915
2160.00	92.161
2161.00	92.374
2162.00	94.197
2163.00	93.858
2164.00	93.879
2165.00	93.401
2166.00	93.559
2167.00	93.379
2168.00	94.216
2169.00	93.899
2170.00	94.060
2171.00	94.366
2172.00	93.042
2173.00	93.318
2174.00	93.653
2175.00	93.571
2176.00	93.100
2177.00	92.886
2178.00	93.594
2179.00	93.927
2180.00	94.568
2181.00	94.750
2182.00	94.105
2183.00	93.927
2184.00	92.883
2185.00	94.276
2186.00	94.061
2187.00	94.017
2188.00	93.220
2189.00	92.483
2190.00	92.473
2191.00	92.364
2192.00	92.039
2193.00	92.208
2194.00	92.489
2195.00	92.719
2196.00	93.358
2197.00	92.456
2198.00	92.977
2199.00	93.969
2200.00	93.256
2201.00	92.561
2202.00	92.789
2203.00	92.633
2204.00	91.840
2205.00	92.759
2206.00	92.613
2207.00	91.906
2208.00	91.440
2209.00	92.763
2210.00	93.561
2211.00	92.864
2212.00	93.641
2213.00	93.948
2214.00	95.017
2215.00	94.039
2216.00	94.097
2217.00	93.986
2218.00	94.475
2219.00	94.409
2220.00	94.155
2221.00	93.728
2222.00	94.246
2223.00	93.637
2224.00	92.874
2225.00	93.793
2226.00	94.128
2227.00	93.156
2228.00	92.381
2229.00	92.396
2230.00	92.962
2231.00	93.961
2232.00	92.926
2233.00	93.413
2234.00	93.235
2235.00	92.686
2236.00	93.384
2237.00	92.753
2238.00	92.468
2239.00	92.656
2240.00	92.849
2241.00	93.992
2242.00	93.883
2243.00	93.835
2244.00	93.915
2245.00	92.336
2246.00	92.390
2247.00	92.151
2248.00	92.264
2249.00	92.581
2250.00	93.511
2251.00	93.399
2252.00	93.045
2253.00	93.378
2254.00	94.559
2255.00	94.235
2256.00	93.875
2257.00	92.844
2258.00	93.712
2259.00	93.371
2260.00	93.357
2261.00	94.181
2262.00	93.913
2263.00	93.821
2264.00	93.731
2265.00	94.740
2266.00	93.570
2267.00	93.811
2268.00	93.770
2269.00	93.448
2270.00	93.424
2271.00	92.951
2272.00	92.902
2273.00	93.998
2274.00	92.988
2275.00	93.615
2276.00	93.111
2277.00	92.036
2278.00	92.734
2279.00	92.911
2280.00	92.241
2281.00	92.841
2282.00	92.618
2283.00	93.803
2284.00	94.630
2285.00	94.669
2286.00	93.775
2287.00	93.243
2288.00	94.000
2289.00	93.679
2290.00	93.589
2291.00	93.317
2292.00	93.371
2293.00	92.587
2294.00	91.954
2295.00	92.319
2296.00	91.588
2297.00	91.933
2298.00	93.192
2299.00	93.321
2300.00	92.739
2301.00	92.897
2302.00	94.191
2303.00	93.842
2304.00	93.687
2305.00	93.859
2306.00	94.542
2307.00	94.710
2308.00	93.876
2309.00	93.804
2310.00	92.705
2311.00	92.719
2312.00	92.822
2313.00	92.505
2314.00	92.042
2315.00	93.045
2316.00	92.765
2317.00	93.010
2318.00	93.000
2319.00	92.295
2320.00	92.116
2321.00	92.203
2322.00	92.857
2323.00	91.954
2324.00	92.915
2325.00	94.146
2326.00	94.318
2327.00	93.745
2328.00	93.380
2329.00	91.950
2330.00	92.551
2331.00	93.411
2332.00	92.996
2333.00	93.072
2334.00	93.760
2335.00	92.703
2336.00	93.328
2337.00	95.136
2338.00	95.535
2339.00	94.468
2340.00	94.447
2341.00	93.904
2342.00	93.752
2343.00	94.372
2344.00	94.156
2345.00	94.022
2346.00	94.154
2347.00	93.817
2348.00	93.017
2349.00	92.385
2350.00	91.600
2351.00	92.459
2352.00	93.006
2353.00	92.884
2354.00	93.193
2355.00	94.487
2356.00	93.173
2357.00	91.329
2358.00	91.969
2359.00	93.836
2360.00	93.805
2361.00	94.046
2362.00	93.282
2363.00	92.907
2364.00	93.036
2365.00	94.917
2366.00	93.350
2367.00	93.457
2368.00	92.973
2369.00	92.973
2370.00	93.959
2371.00	93.839
2372.00	94.285
2373.00	93.526
2374.00	94.008
2375.00	94.310
2376.00	92.937
2377.00	91.466
2378.00	91.151
2379.00	92.545
2380.00	92.934
2381.00	93.729
2382.00	94.975
2383.00	93.036
2384.00	93.135
2385.00	94.329
2386.00	94.441
2387.00	93.818
2388.00	93.051
2389.00	93.230
2390.00	93.280
2391.00	92.258
2392.00	92.474
2393.00	93.366
2394.00	92.865
2395.00	92.369
2396.00	91.841
2397.00	91.987
2398.00	92.567
2399.00	91.480
2400.00	93.344
2401.00	93.903
2402.00	93.845
2403.00	93.610
2404.00	94.597
2405.00	95.401
2406.00	93.734
2407.00	93.096
2408.00	92.190
2409.00	92.198
2410.00	92.964
2411.00	94.288
2412.00	93.647
2413.00	93.390
2414.00	93.911
2415.00	92.985
2416.00	93.610
2417.00	93.800
2418.00	92.953
2419.00	93.239
2420.00	93.481
2421.00	93.101
2422.00	94.709
2423.00	94.548
2424.00	94.891
2425.00	95.604
2426.00	94.152
2427.00	93.716
2428.00	94.115
2429.00	93.463
2430.00	93.481
2431.00	93.587
2432.00	94.352
2433.00	93.739
2434.00	94.256
2435.00	94.591
2436.00	94.954
2437.00	92.663
2438.00	92.961
2439.00	93.723
2440.00	94.076
2441.00	94.800
2442.00	93.767
2443.00	92.194
2444.00	93.572
2445.00	94.146
2446.00	94.114
2447.00	92.376
2448.00	92.484
2449.00	92.587
2450.00	92.404
2451.00	93.421
2452.00	93.920
2453.00	94.486
2454.00	94.793
2455.00	94.076
2456.00	94.041
2457.00	94.724
2458.00	93.176
2459.00	92.559
2460.00	92.956
2461.00	91.798
2462.00	92.355
2463.00	92.056
2464.00	92.870
2465.00	93.243
2466.00	94.524
2467.00	94.504
2468.00	93.558
2469.00	93.051
2470.00	92.915
2471.00	92.230
2472.00	91.312
2473.00	92.399
2474.00	93.439
2475.00	91.991
2476.00	93.249
2477.00	92.719
2478.00	92.776
2479.00	93.765
2480.00	93.001
2481.00	93.074
2482.00	92.656
2483.00	92.082
2484.00	92.507
2485.00	92.903
2486.00	94.099
2487.00	94.122
2488.00	95.706
2489.00	93.237
2490.00	93.915
2491.00	94.869
2492.00	93.962
2493.00	92.613
2494.00	92.974
2495.00	92.399
2496.00	91.235
2497.00	92.605
2498.00	92.196
2499.00	92.399
2500.00	92.377
2501.00	93.298
2502.00	94.819
2503.00	93.730
2504.00	93.758
2505.00	94.560
2506.00	92.896
2507.00	93.101
2508.00	93.769
2509.00	94.712
2510.00	93.377
2511.00	91.746
2512.00	92.554
2513.00	93.630
2514.00	94.073
2515.00	94.033
2516.00	93.141
2517.00	92.918
2518.00	94.214
2519.00	94.393
2520.00	94.543
2521.00	93.447
2522.00	92.806
2523.00	93.023
2524.00	93.533
2525.00	92.918
2526.00	93.568
2527.00	94.117
2528.00	92.596
2529.00	94.685
2530.00	94.842
2531.00	94.326
2532.00	94.660
2533.00	93.912
2534.00	93.462
2535.00	91.423
2536.00	91.784
2537.00	92.043
2538.00	91.816
2539.00	92.431
2540.00	93.251
2541.00	94.573
2542.00	95.551
2543.00	95.257
2544.00	92.322
2545.00	92.041
2546.00	92.633
2547.00	91.447
2548.00	93.634
2549.00	94.289
2550.00	92.590
2551.00	93.770
2552.00	92.964
2553.00	92.035
2554.00	91.959
2555.00	92.079
2556.00	94.180
2557.00	93.577
2558.00	92.967
2559.00	92.540
2560.00	91.955
2561.00	95.939
2562.00	94.563
2563.00	94.759
2564.00	94.865
2565.00	94.382
2566.00	93.125
2567.00	92.098
2568.00	91.055
2569.00	92.246
2570.00	93.749
2571.00	94.029
2572.00	94.233
2573.00	93.359
2574.00	94.624
2575.00	94.355
2576.00	93.449
2577.00	92.084
2578.00	95.347
2579.00	95.892
2580.00	95.011
2581.00	92.982
2582.00	93.028
2583.00	94.420
2584.00	92.118
2585.00	91.474
2586.00	91.390
2587.00	93.960
2588.00	92.633
2589.00	92.263
2590.00	92.314
2591.00	92.823
2592.00	93.446
2593.00	92.880
2594.00	93.715
2595.00	93.525
2596.00	92.871
2597.00	93.820
2598.00	93.812
2599.00	95.024
2600.00	93.869
2601.00	93.217
2602.00	93.271
2603.00	92.740
2604.00	91.343
2605.00	90.918
2606.00	90.989
2607.00	91.881
2608.00	91.383
2609.00	91.179
2610.00	91.737
2611.00	94.131
2612.00	92.711
2613.00	92.949
2614.00	93.547
2615.00	92.931
2616.00	93.621
2617.00	91.597
2618.00	92.109
2619.00	93.744
2620.00	93.933
2621.00	95.195
2622.00	95.816
2623.00	93.647
2624.00	92.643
2625.00	93.154
2626.00	93.267
2627.00	92.092
2628.00	93.880
2629.00	95.057
2630.00	95.724
2631.00	94.041
2632.00	93.197
2633.00	92.966
2634.00	94.074
2635.00	92.584
2636.00	90.634
2637.00	91.138
2638.00	91.846
2639.00	91.858
2640.00	92.841
2641.00	93.318
2642.00	95.526
2643.00	95.084
2644.00	93.225
2645.00	94.670
2646.00	93.048
2647.00	91.861
2648.00	92.733
2649.00	92.639
2650.00	92.875
2651.00	93.771
2652.00	93.059
2653.00	92.331
2654.00	92.792
2655.00	92.279
2656.00	91.616
2657.00	91.175
2658.00	91.934
2659.00	91.389
2660.00	92.849
2661.00	92.740
2662.00	92.442
2663.00	93.541
2664.00	92.474
2665.00	92.832
2666.00	94.551
2667.00	93.562
2668.00	92.744
2669.00	93.586
2670.00	93.308
2671.00	92.036
2672.00	93.769
2673.00	94.434
2674.00	93.644
2675.00	95.141
2676.00	96.280
2677.00	95.695
2678.00	94.614
2679.00	91.793
2680.00	91.378
2681.00	91.715
2682.00	91.211
2683.00	92.718
2684.00	93.305
2685.00	92.810
2686.00	92.030
2687.00	92.073
2688.00	91.826
2689.00	92.451
2690.00	93.149
2691.00	93.891
2692.00	92.850
2693.00	92.726
2694.00	95.754
2695.00	94.350
2696.00	92.594
2697.00	93.634
2698.00	93.492
2699.00	93.496
2700.00	92.191
2701.00	90.376
2702.00	89.333
2703.00	90.816
2704.00	91.667
2705.00	90.010
2706.00	89.096
2707.00	91.209
2708.00	91.576
2709.00	90.928
2710.00	91.547
2711.00	87.973
2712.00	89.545
2713.00	92.273
2714.00	90.505
2715.00	89.112
2716.00	91.387
2717.00	90.648
2718.00	90.208
2719.00	91.492
2720.00	91.045
2721.00	91.106
2722.00	92.260
2723.00	94.377
2724.00	93.572
2725.00	93.328
2726.00	93.694
2727.00	93.304
2728.00	93.593
2729.00	93.645
2730.00	92.933
2731.00	91.096
2732.00	91.581
2733.00	91.227
2734.00	93.443
2735.00	93.111
2736.00	91.668
2737.00	90.695
2738.00	92.369
2739.00	92.447
2740.00	90.986
2741.00	91.688
2742.00	92.057
2743.00	92.331
2744.00	90.748
2745.00	91.208
2746.00	90.706
2747.00	92.094
2748.00	91.305
2749.00	93.001
2750.00	92.448
2751.00	92.763
2752.00	92.125
2753.00	90.933
2754.00	91.623
2755.00	93.270
2756.00	92.850
2757.00	94.956
2758.00	92.466
2759.00	93.456
2760.00	92.777
2761.00	90.606
2762.00	90.726
2763.00	92.146
2764.00	90.309
2765.00	89.456
2766.00	88.492
2767.00	88.823
2768.00	89.128
2769.00	90.091
2770.00	89.463
2771.00	90.524
2772.00	92.758
2773.00	92.729
2774.00	93.043
2775.00	90.770
2776.00	91.696
2777.00	92.880
2778.00	91.508
2779.00	90.156
2780.00	90.320
2781.00	91.265
2782.00	92.172
2783.00	92.721
2784.00	93.239
2785.00	93.265
2786.00	92.661
2787.00	92.349
2788.00	93.600
2789.00	93.498
2790.00	92.621
2791.00	92.240
2792.00	90.768
2793.00	90.637
2794.00	91.151
2795.00	91.468
2796.00	90.750
2797.00	92.205
2798.00	90.165
2799.00	89.429
2800.00	91.226
2801.00	90.836
2802.00	90.193
2803.00	90.184
2804.00	90.877
2805.00	90.348
2806.00	92.721
2807.00	91.558
2808.00	90.045
2809.00	89.097
2810.00	90.243
2811.00	92.755
2812.00	93.244
2813.00	91.911
2814.00	89.283
2815.00	89.016
2816.00	89.526
2817.00	90.543
2818.00	89.907
2819.00	90.801
2820.00	90.427
2821.00	89.617
2822.00	89.858
2823.00	90.429
2824.00	89.914
2825.00	89.604
2826.00	89.827
2827.00	90.102
2828.00	90.902
2829.00	89.644
2830.00	88.955
2831.00	89.727
2832.00	91.752
2833.00	92.247
2834.00	91.658
2835.00	92.296
2836.00	91.795
2837.00	89.998
2838.00	91.149
2839.00	92.064
2840.00	91.721
2841.00	91.045
2842.00	92.739
2843.00	91.434
2844.00	90.113
2845.00	93.197
2846.00	91.377
2847.00	91.142
2848.00	91.037
2849.00	91.081
2850.00	89.605
2851.00	90.032
2852.00	90.012
2853.00	90.669
2854.00	90.341
2855.00	90.004
2856.00	91.681
2857.00	89.843
2858.00	89.150
2859.00	88.428
2860.00	91.074
2861.00	91.201
2862.00	90.101
2863.00	89.735
2864.00	90.065
2865.00	90.535
2866.00	89.494
2867.00	90.951
2868.00	91.637
2869.00	88.497
2870.00	88.086
2871.00	89.195
2872.00	88.484
2873.00	89.453
2874.00	92.376
2875.00	90.295
2876.00	90.458
2877.00	89.726
2878.00	90.470
2879.00	90.092
2880.00	90.971
2881.00	90.979
2882.00	91.583
2883.00	91.460
2884.00	91.899
2885.00	91.195
2886.00	90.504
2887.00	89.772
2888.00	89.986
2889.00	88.836
2890.00	88.944
2891.00	88.066
2892.00	91.077
2893.00	90.439
2894.00	90.416
2895.00	90.697
2896.00	90.585
2897.00	90.700
2898.00	90.200
2899.00	89.124
2900.00	90.119
2901.00	90.323
2902.00	91.247
2903.00	91.340
2904.00	90.885
2905.00	90.754
2906.00	88.418
2907.00	89.476
2908.00	88.901
2909.00	87.937
2910.00	88.070
2911.00	88.147
2912.00	87.707
2913.00	88.443
2914.00	89.012
2915.00	88.884
2916.00	89.839
2917.00	89.530
2918.00	91.029
2919.00	90.614
2920.00	90.564
2921.00	88.503
2922.00	90.147
2923.00	90.073
2924.00	89.990
2925.00	89.110
2926.00	89.002
2927.00	87.352
2928.00	87.817
2929.00	89.790
2930.00	90.087
2931.00	90.048
2932.00	89.766
2933.00	90.715
2934.00	89.526
2935.00	90.628
2936.00	90.198
2937.00	90.386
2938.00	90.599
2939.00	89.066
2940.00	88.794
2941.00	90.483
2942.00	89.521
2943.00	88.869
2944.00	87.912
2945.00	86.892
2946.00	88.301
2947.00	87.515
2948.00	89.340
2949.00	90.733
2950.00	90.348
2951.00	89.934
2952.00	89.439
2953.00	90.284
2954.00	89.768
2955.00	91.401
2956.00	92.578
2957.00	91.380
2958.00	90.964
2959.00	89.678
2960.00	89.778
2961.00	89.296
2962.00	90.983
2963.00	89.381
2964.00	90.337
2965.00	91.876
2966.00	88.950
2967.00	88.215
2968.00	88.541
2969.00	88.604
2970.00	87.804
2971.00	88.367
2972.00	89.762
2973.00	90.297
2974.00	90.953
2975.00	89.032
2976.00	89.072
2977.00	89.344
2978.00	89.405
2979.00	89.866
2980.00	88.853
2981.00	88.796
2982.00	88.474
2983.00	88.403
2984.00	87.387
2985.00	88.669
2986.00	89.282
2987.00	89.250
2988.00	89.540
2989.00	89.729
2990.00	89.395
2991.00	90.253
2992.00	89.920
2993.00	89.963
2994.00	89.009
2995.00	89.503
2996.00	89.763
2997.00	91.115
2998.00	91.158
2999.00	90.825
3000.00	91.141
3001.00	89.050
3002.00	88.771
3003.00	89.156
3004.00	88.716
3005.00	88.740
3006.00	88.300
3007.00	89.847
3008.00	89.409
3009.00	88.415
3010.00	88.574
3011.00	89.669
3012.00	87.595
3013.00	88.145
3014.00	89.597
3015.00	89.832
3016.00	88.647
3017.00	88.460
3018.00	88.068
3019.00	89.759
3020.00	87.441
3021.00	88.977
3022.00	89.294
3023.00	88.827
3024.00	88.319
3025.00	88.788
3026.00	89.293
3027.00	89.374
3028.00	89.560
3029.00	89.944
3030.00	89.406
3031.00	89.649
3032.00	88.006
3033.00	89.330
3034.00	89.930
3035.00	89.571
3036.00	88.372
3037.00	88.488
3038.00	87.029
3039.00	87.999
3040.00	87.690
3041.00	88.942
3042.00	87.386
3043.00	89.887
3044.00	89.382
3045.00	89.382
3046.00	89.311
3047.00	89.321
3048.00	89.110
3049.00	90.177
3050.00	89.507
3051.00	89.592
3052.00	88.436
3053.00	89.622
3054.00	90.115
3055.00	88.851
3056.00	89.280
3057.00	89.477
3058.00	89.018
3059.00	89.609
3060.00	88.838
3061.00	88.031
3062.00	87.712
3063.00	88.619
3064.00	90.083
3065.00	89.073
3066.00	89.398
3067.00	88.632
3068.00	88.947
3069.00	90.305
3070.00	89.229
3071.00	88.629
3072.00	89.386
3073.00	88.488
3074.00	88.159
3075.00	86.518
3076.00	88.285
3077.00	87.526
3078.00	88.341
3079.00	87.319
3080.00	88.548
3081.00	86.708
3082.00	87.666
3083.00	87.311
3084.00	87.418
3085.00	86.532
3086.00	88.211
3087.00	88.452
3088.00	88.925
3089.00	88.238
3090.00	89.465
3091.00	87.086
3092.00	88.944
3093.00	87.056
3094.00	87.216
3095.00	87.476
3096.00	85.797
3097.00	86.124
3098.00	86.464
3099.00	86.294
3100.00	86.286
3101.00	88.116
3102.00	88.162
3103.00	86.909
3104.00	86.788
3105.00	86.650
3106.00	88.474
3107.00	88.294
3108.00	88.896
3109.00	89.773
3110.00	88.599
3111.00	88.389
3112.00	91.038
3113.00	89.139
3114.00	89.956
3115.00	88.738
3116.00	88.944
3117.00	87.939
3118.00	88.093
3119.00	87.365
3120.00	86.031
3121.00	87.069
3122.00	88.386
3123.00	88.660
3124.00	87.830
3125.00	87.474
3126.00	88.051
3127.00	88.341
3128.00	87.284
3129.00	89.717
3130.00	87.795
3131.00	88.260
3132.00	87.387
3133.00	87.175
3134.00	89.270
3135.00	90.471
3136.00	89.853
3137.00	89.680
3138.00	90.275
3139.00	89.294
3140.00	89.365
3141.00	87.785
3142.00	87.795
3143.00	88.592
3144.00	90.263
3145.00	89.714
3146.00	88.553
3147.00	87.394
3148.00	84.946
3149.00	88.754
3150.00	88.374
3151.00	86.565
3152.00	88.430
3153.00	86.639
3154.00	87.704
3155.00	86.612
3156.00	89.291
3157.00	89.886
3158.00	89.734
3159.00	88.701
3160.00	89.532
3161.00	86.563
3162.00	87.035
3163.00	87.929
3164.00	87.519
3165.00	87.169
3166.00	87.652
3167.00	88.310
3168.00	89.285
3169.00	90.219
3170.00	88.364
3171.00	88.998
3172.00	88.655
3173.00	87.525
3174.00	87.725
3175.00	87.746
3176.00	87.926
3177.00	87.701
3178.00	90.309
3179.00	90.728
3180.00	88.309
3181.00	88.488
3182.00	88.596
3183.00	89.695
3184.00	88.851
3185.00	89.733
3186.00	87.947
3187.00	87.421
3188.00	88.318
3189.00	87.459
3190.00	88.226
3191.00	86.815
3192.00	87.386
3193.00	88.563
3194.00	88.326
3195.00	88.014
3196.00	88.641
3197.00	88.328
3198.00	89.712
3199.00	90.944
3200.00	91.524
3201.00	89.329
3202.00	88.983
3203.00	88.613
3204.00	89.110
3205.00	88.498
3206.00	88.443
3207.00	88.718
3208.00	89.283
3209.00	87.544
3210.00	89.290
3211.00	88.826
3212.00	88.143
3213.00	88.776
3214.00	85.641
3215.00	85.413
3216.00	87.419
3217.00	89.415
3218.00	88.219
3219.00	88.638
3220.00	87.271
3221.00	89.838
3222.00	88.539
3223.00	88.346
3224.00	87.075
3225.00	87.108
3226.00	88.118
3227.00	89.990
3228.00	91.283
3229.00	88.949
3230.00	90.237
3231.00	89.052
3232.00	90.973
3233.00	90.258
3234.00	91.401
3235.00	89.577
3236.00	88.825
3237.00	87.959
3238.00	89.886
3239.00	88.712
3240.00	88.358
3241.00	90.942
3242.00	90.620
3243.00	91.297
3244.00	92.137
3245.00	90.099
3246.00	88.938
3247.00	92.152
3248.00	89.893
3249.00	91.328
3250.00	89.961
3251.00	90.980
3252.00	91.580
3253.00	88.638
3254.00	88.585
3255.00	87.058
3256.00	90.264
3257.00	89.873
3258.00	89.633
3259.00	89.918
3260.00	90.302
3261.00	88.606
3262.00	90.883
3263.00	89.281
3264.00	90.279
3265.00	89.666
3266.00	86.377
3267.00	88.157
3268.00	89.933
3269.00	87.567
3270.00	90.538
3271.00	90.434
3272.00	89.416
3273.00	87.483
3274.00	89.221
3275.00	91.085
3276.00	90.242
3277.00	88.941
3278.00	90.510
3279.00	90.349
3280.00	88.357
3281.00	87.687
3282.00	89.937
3283.00	88.796
3284.00	89.941
3285.00	88.839
3286.00	91.663
3287.00	92.653
3288.00	90.024
3289.00	90.015
3290.00	88.948
3291.00	87.666
3292.00	91.524
3293.00	89.637
3294.00	87.951
3295.00	86.646
3296.00	88.662
3297.00	89.958
3298.00	87.795
3299.00	90.703
3300.00	92.434
3301.00	92.576
3302.00	90.344
3303.00	90.120
3304.00	90.537
3305.00	89.999
3306.00	87.999
3307.00	90.395
3308.00	91.667
3309.00	91.238
3310.00	89.093
3311.00	89.515
3312.00	89.268
3313.00	90.809
3314.00	89.112
3315.00	89.904
3316.00	91.942
3317.00	93.997
3318.00	90.474
3319.00	90.181
3320.00	91.045
3321.00	91.974
3322.00	92.074
3323.00	90.748
3324.00	90.720
3325.00	90.071
3326.00	91.346
3327.00	91.144
3328.00	90.448
3329.00	92.047
3330.00	90.409
3331.00	90.941
3332.00	88.427
3333.00	89.320
3334.00	86.057
3335.00	87.796
3336.00	86.142
3337.00	88.606
3338.00	91.049
3339.00	92.229
3340.00	90.543
3341.00	91.840
3342.00	91.756
3343.00	93.370
3344.00	92.585
3345.00	92.045
3346.00	93.792
3347.00	92.079
3348.00	92.724
3349.00	93.861
3350.00	92.131
3351.00	94.575
3352.00	91.595
3353.00	93.154
3354.00	90.624
3355.00	88.745
3356.00	90.304
3357.00	90.452
3358.00	89.976
3359.00	91.755
3360.00	91.552
3361.00	93.384
3362.00	89.762
3363.00	90.002
3364.00	88.376
3365.00	86.334
3366.00	88.544
3367.00	87.826
3368.00	91.573
3369.00	91.281
3370.00	90.654
3371.00	94.465
3372.00	92.402
3373.00	91.951
3374.00	94.000
3375.00	93.523
3376.00	93.972
3377.00	94.767
3378.00	92.550
3379.00	90.563
3380.00	90.657
3381.00	94.012
3382.00	93.095
3383.00	92.016
3384.00	93.830
3385.00	96.390
3386.00	95.255
3387.00	93.634
3388.00	92.785
3389.00	93.739
3390.00	92.705
3391.00	94.265
3392.00	94.176
3393.00	91.656
3394.00	91.070
3395.00	89.284
3396.00	90.656
3397.00	92.074
3398.00	90.477
3399.00	90.963
3400.00	88.553
3401.00	91.855
3402.00	93.642
3403.00	91.124
3404.00	94.833
3405.00	90.314
3406.00	91.311
3407.00	90.899
3408.00	92.669
3409.00	92.665
3410.00	92.753
3411.00	93.739
3412.00	91.346
3413.00	90.803
3414.00	92.401
3415.00	90.436
3416.00	93.147
3417.00	91.984
3418.00	91.415
3419.00	89.925
3420.00	94.022
3421.00	94.851
3422.00	94.615
3423.00	93.213
3424.00	90.374
3425.00	92.967
3426.00	93.383
3427.00	91.404
3428.00	91.859
3429.00	90.249
3430.00	92.276
3431.00	87.344
3432.00	91.089
3433.00	88.941
3434.00	90.682
3435.00	91.822
3436.00	89.830
3437.00	92.646
3438.00	91.000
3439.00	91.399
3440.00	90.769
3441.00	88.598
3442.00	92.094
3443.00	91.724
3444.00	94.028
3445.00	90.265
3446.00	93.701
3447.00	92.556
3448.00	93.843
3449.00	90.210
3450.00	93.656
3451.00	91.580
3452.00	86.799
3453.00	87.751
3454.00	91.389
3455.00	92.541
3456.00	90.907
3457.00	91.367
3458.00	90.963
3459.00	91.497
3460.00	88.827
3461.00	90.724
3462.00	88.258
3463.00	96.174
3464.00	89.393
3465.00	90.869
3466.00	93.172
3467.00	91.632
3468.00	96.632
3469.00	96.041
3470.00	89.667
3471.00	93.516
3472.00	92.918
3473.00	91.632
3474.00	91.181
3475.00	92.205
3476.00	91.326
3477.00	95.124
3478.00	97.692
3479.00	100.888
3480.00	95.485
3481.00	88.819
3482.00	94.250
3483.00	94.293
3484.00	90.293
3485.00	94.407
3486.00	96.165
3487.00	96.054
3488.00	88.855
3489.00	93.832
3490.00	93.022
3491.00	94.238
3492.00	91.739
3493.00	97.060
3494.00	95.490
3495.00	97.236
3496.00	95.526
3497.00	93.919
3498.00	95.583
3499.00	93.731
3500.00	96.831
3501.00	94.913
3502.00	92.140
3503.00	91.806
3504.00	93.871
3505.00	95.722
3506.00	88.799
3507.00	91.142
3508.00	97.257
3509.00	96.503
3510.00	93.139
3511.00	91.656
3512.00	89.352
3513.00	88.884
3514.00	92.545
3515.00	92.834
3516.00	94.442
3517.00	99.497
3518.00	91.121
3519.00	95.307
3520.00	98.237
3521.00	96.914
3522.00	92.095
3523.00	98.500
3524.00	90.672
3525.00	86.095
3526.00	88.725
3527.00	92.788
3528.00	91.127
3529.00	102.232
3530.00	100.997
3531.00	99.905
3532.00	92.397
3533.00	92.997
3534.00	88.490
3535.00	85.132
3536.00	98.927
3537.00	97.322
3538.00	94.350
3539.00	96.518
3540.00	90.629
3541.00	97.368
3542.00	95.155
3543.00	97.676
3544.00	92.037
3545.00	92.185
3546.00	94.562
3547.00	97.413
3548.00	92.699
3549.00	95.268
3550.00	92.020
3551.00	90.498
3552.00	86.671
3553.00	90.128
3554.00	91.357
3555.00	89.880
3556.00	95.911
3557.00	86.083
3558.00	90.187
3559.00	84.267
3560.00	96.060
3561.00	94.106
3562.00	93.032
3563.00	89.502
3564.00	94.789
3565.00	88.427
3566.00	88.695
3567.00	93.913
3568.00	89.707
3569.00	93.702
3570.00	91.254
3571.00	93.600
3572.00	90.964
3573.00	94.791
3574.00	96.595
3575.00	95.437
3576.00	87.947
3577.00	90.110
3578.00	94.956
3579.00	94.841
3580.00	99.526
3581.00	89.288
3582.00	95.881
3583.00	95.840
3584.00	97.028
3585.00	94.808
3586.00	94.252
3587.00	87.123
3588.00	91.666
3589.00	86.278
3590.00	94.873
3591.00	93.097
3592.00	93.234
3593.00	96.477
3594.00	93.665
3595.00	94.013
3596.00	89.090
3597.00	98.785
3598.00	89.791
3599.00	96.237
3600.00	99.921
3601.00	92.064
3602.00	96.210
3603.00	92.565
3604.00	98.136
3605.00	91.009
3606.00	90.553
3607.00	91.209
3608.00	90.228
3609.00	92.756
3610.00	94.501
3611.00	102.265
3612.00	110.881
3613.00	90.655
3614.00	89.953
3615.00	96.986
3616.00	85.608
3617.00	88.898
3618.00	94.200
3619.00	90.043
3620.00	94.269
3621.00	88.596
3622.00	87.234
3623.00	89.355
3624.00	96.153
3625.00	87.724
3626.00	83.122
3627.00	93.246
3628.00	93.102
3629.00	102.247
3630.00	89.913
3631.00	83.994
3632.00	86.762
3633.00	89.004
3634.00	86.662
3635.00	103.332
3636.00	92.273
3637.00	98.901
3638.00	94.726
3639.00	98.357
3640.00	93.985
3641.00	92.716
3642.00	96.760
3643.00	102.855
3644.00	88.488
3645.00	96.811
3646.00	90.850
3647.00	98.279
