0.00	103.953
1.00	103.953
2.00	103.953
3.00	-40.522
4.00	129.290
5.00	-288.276
6.00	-105.957
7.00	-28.303
8.00	172.738
9.00	535.167
10.00	-356.400
11.00	176.905
12.00	-102.862
13.00	20.695
14.00	-362.037
15.00	498.364
16.00	-297.767
17.00	-59.923
18.00	-2.040
19.00	5.758
20.00	6.089
21.00	9.752
22.00	7.659
23.00	6.902
24.00	17.112
25.00	1.055
26.00	1.519
27.00	3.496
28.00	-4.576
29.00	-0.751
30.00	1.352
31.00	8.939
32.00	9.920
33.00	3.465
34.00	3.936
35.00	-4.863
36.00	6.709
37.00	4.952
38.00	1.696
39.00	-2.459
40.00	-2.813
41.00	5.842
42.00	3.907
43.00	1.882
44.00	6.599
45.00	2.500
46.00	-2.036
47.00	5.673
48.00	4.401
49.00	4.791
50.00	4.074
51.00	7.759
52.00	4.681
53.00	0.914
54.00	7.092
55.00	6.171
56.00	6.451
57.00	1.781
58.00	2.109
59.00	3.856
60.00	1.112
61.00	4.254
62.00	-2.573
63.00	1.195
64.00	0.957
65.00	0.656
66.00	4.073
67.00	3.328
68.00	7.921
69.00	4.495
70.00	5.244
71.00	0.810
72.00	6.068
73.00	1.289
74.00	2.463
75.00	1.223
76.00	5.780
77.00	3.084
78.00	7.375
79.00	5.163
80.00	-3.000
81.00	1.207
82.00	2.668
83.00	0.490
84.00	5.586
85.00	0.768
86.00	3.256
87.00	1.073
88.00	3.859
89.00	7.925
90.00	4.218
91.00	4.960
92.00	4.808
93.00	4.760
94.00	3.276
95.00	0.679
96.00	3.217
97.00	3.644
98.00	-0.156
99.00	3.643
100.00	3.726
101.00	1.263
102.00	3.361
103.00	1.106
104.00	0.645
105.00	2.573
106.00	1.789
107.00	3.620
108.00	1.989
109.00	2.254
110.00	3.023
111.00	2.493
112.00	1.543
113.00	0.206
114.00	1.876
115.00	1.943
116.00	4.044
117.00	1.275
118.00	0.461
119.00	2.421
120.00	1.809
121.00	2.775
122.00	1.828
123.00	-0.401
124.00	1.667
125.00	3.642
126.00	0.917
127.00	-0.574
128.00	2.142
129.00	0.669
130.00	1.733
131.00	2.081
132.00	0.266
133.00	1.916
134.00	0.635
135.00	0.253
136.00	-1.464
137.00	1.401
138.00	3.654
139.00	1.460
140.00	3.455
141.00	1.100
142.00	0.737
143.00	0.953
144.00	2.501
145.00	0.298
146.00	0.205
147.00	2.967
148.00	-0.356
149.00	1.804
150.00	0.964
151.00	2.962
152.00	-0.786
153.00	0.482
154.00	2.568
155.00	2.080
156.00	2.384
157.00	-0.956
158.00	0.431
159.00	0.563
160.00	1.581
161.00	0.793
162.00	1.250
163.00	1.282
164.00	1.200
165.00	0.969
166.00	2.678
167.00	1.928
168.00	1.196
169.00	-0.793
170.00	1.514
171.00	0.715
172.00	-0.185
173.00	0.559
174.00	-0.353
175.00	2.591
176.00	-0.736
177.00	2.264
178.00	-0.267
179.00	2.167
180.00	0.979
181.00	-0.209
182.00	1.388
183.00	2.292
184.00	0.355
185.00	0.900
186.00	0.998
187.00	1.553
188.00	0.792
189.00	0.534
190.00	0.887
191.00	0.706
192.00	0.505
193.00	2.010
194.00	1.209
195.00	0.110
196.00	0.481
197.00	0.275
198.00	0.714
199.00	1.065
200.00	-0.151
201.00	0.231
202.00	1.071
203.00	0.017
204.00	0.669
205.00	0.788
206.00	0.127
207.00	0.363
208.00	0.711
209.00	1.954
210.00	0.101
211.00	0.746
212.00	-0.329
213.00	1.205
214.00	1.318
215.00	1.789
216.00	0.692
217.00	-0.116
218.00	1.089
219.00	-0.358
220.00	0.289
221.00	1.215
222.00	1.008
223.00	-0.359
224.00	0.166
225.00	-0.263
226.00	0.308
227.00	0.762
228.00	0.346
229.00	0.427
230.00	1.601
231.00	0.989
232.00	0.577
233.00	0.385
234.00	1.933
235.00	1.017
236.00	0.882
237.00	-0.150
238.00	0.268
239.00	0.495
240.00	0.244
241.00	0.875
242.00	0.573
243.00	0.570
244.00	-0.194
245.00	0.571
246.00	1.739
247.00	0.211
248.00	0.584
249.00	1.455
250.00	1.608
251.00	1.166
252.00	1.022
253.00	1.024
254.00	0.209
255.00	0.627
256.00	0.966
257.00	-0.122
258.00	0.722
259.00	0.631
260.00	0.427
261.00	1.108
262.00	0.268
263.00	0.052
264.00	1.121
265.00	0.357
266.00	0.479
267.00	0.425
268.00	-0.379
269.00	0.273
270.00	-0.481
271.00	-0.549
272.00	-0.458
273.00	0.553
274.00	0.345
275.00	-0.058
276.00	0.265
277.00	0.881
278.00	0.854
279.00	-0.080
280.00	0.263
281.00	0.781
282.00	0.506
283.00	0.246
284.00	0.091
285.00	0.198
286.00	-0.068
287.00	0.124
288.00	0.296
289.00	0.223
290.00	0.152
291.00	0.935
292.00	0.307
293.00	0.459
294.00	0.268
295.00	0.526
296.00	0.545
297.00	0.221
298.00	0.479
299.00	0.595
300.00	-0.184
301.00	0.130
302.00	0.138
303.00	0.875
304.00	0.568
305.00	0.332
306.00	0.210
307.00	1.041
308.00	0.232
309.00	0.579
310.00	0.127
311.00	0.779
312.00	0.333
313.00	0.621
314.00	-0.431
315.00	0.370
316.00	0.771
317.00	0.112
318.00	0.076
319.00	0.288
320.00	0.706
321.00	0.004
322.00	0.455
323.00	0.716
324.00	0.215
325.00	0.196
326.00	0.447
327.00	0.177
328.00	0.355
329.00	0.187
330.00	0.027
331.00	0.913
332.00	-0.158
333.00	0.284
334.00	0.242
335.00	0.458
336.00	0.118
337.00	0.367
338.00	0.755
339.00	-0.089
340.00	0.115
341.00	0.459
342.00	0.465
343.00	0.576
344.00	0.348
345.00	0.604
346.00	0.090
347.00	0.918
348.00	0.304
349.00	0.223
350.00	0.330
351.00	-0.065
352.00	0.121
353.00	0.717
354.00	0.445
355.00	0.649
356.00	0.341
357.00	0.395
358.00	0.240
359.00	0.094
360.00	-0.131
361.00	0.145
362.00	-0.062
363.00	0.757
364.00	0.288
365.00	0.330
366.00	0.131
367.00	0.628
368.00	0.061
369.00	0.273
370.00	0.315
371.00	0.158
372.00	0.202
373.00	0.562
374.00	0.398
375.00	0.367
376.00	0.007
377.00	0.367
378.00	0.187
379.00	0.297
380.00	0.286
381.00	0.244
382.00	0.253
383.00	-0.036
384.00	0.472
385.00	0.009
386.00	0.095
387.00	-0.030
388.00	0.294
389.00	0.728
390.00	0.143
391.00	0.168
392.00	0.137
393.00	0.243
394.00	0.304
395.00	0.360
396.00	0.542
397.00	0.301
398.00	0.372
399.00	0.222
400.00	0.352
401.00	0.296
402.00	-0.160
403.00	0.235
404.00	0.240
405.00	-0.079
406.00	0.364
407.00	0.360
408.00	0.157
409.00	0.220
410.00	0.208
411.00	0.324
412.00	0.065
413.00	0.205
414.00	-0.050
415.00	0.217
416.00	0.157
417.00	0.452
418.00	0.235
419.00	0.400
420.00	0.410
421.00	0.018
422.00	0.059
423.00	0.259
424.00	0.255
425.00	0.188
426.00	-0.082
427.00	0.064
428.00	-0.031
429.00	-0.127
430.00	0.090
431.00	0.173
432.00	-0.046
433.00	0.156
434.00	0.324
435.00	0.079
436.00	0.206
437.00	0.109
438.00	0.119
439.00	0.112
440.00	-0.020
441.00	0.136
442.00	0.264
443.00	0.386
444.00	0.023
445.00	0.211
446.00	0.038
447.00	0.028
448.00	-0.052
449.00	-0.099
450.00	-0.027
451.00	0.053
452.00	0.064
453.00	0.009
454.00	0.015
455.00	-0.147
456.00	0.024
457.00	0.235
458.00	0.165
459.00	0.194
460.00	0.215
461.00	0.108
462.00	0.102
463.00	0.170
464.00	0.085
465.00	0.069
466.00	0.222
467.00	0.182
468.00	0.162
469.00	0.160
470.00	0.182
471.00	-0.012
472.00	0.298
473.00	-0.001
474.00	0.230
475.00	0.067
476.00	0.176
477.00	0.340
478.00	0.213
479.00	0.007
480.00	-0.064
481.00	0.157
482.00	0.132
483.00	-0.028
484.00	-0.034
485.00	0.100
486.00	0.114
487.00	0.108
488.00	0.072
489.00	-0.188
490.00	0.108
491.00	-0.029
492.00	0.164
493.00	0.053
494.00	0.306
495.00	0.215
496.00	0.139
497.00	0.129
498.00	0.144
499.00	0.061
500.00	0.020
501.00	0.048
502.00	0.023
503.00	0.126
504.00	-0.059
505.00	-0.000
506.00	0.037
507.00	-0.103
508.00	-0.001
509.00	0.150
510.00	0.222
511.00	0.168
512.00	0.070
513.00	-0.124
514.00	0.090
515.00	0.205
516.00	0.354
517.00	0.182
518.00	-0.026
519.00	0.184
520.00	0.071
521.00	-0.011
522.00	-0.086
523.00	0.002
524.00	0.040
525.00	0.106
526.00	0.078
527.00	0.100
528.00	0.008
529.00	0.118
530.00	0.177
531.00	-0.034
532.00	0.072
533.00	0.141
534.00	0.091
535.00	0.344
536.00	0.021
537.00	0.227
538.00	0.237
539.00	0.088
540.00	0.095
541.00	0.033
542.00	0.029
543.00	0.191
544.00	0.002
545.00	0.175
546.00	0.115
547.00	0.072
548.00	0.108
549.00	0.172
550.00	-0.005
551.00	0.244
552.00	0.116
553.00	0.105
554.00	0.019
555.00	0.021
556.00	0.029
557.00	0.063
558.00	-0.031
559.00	0.048
560.00	0.009
561.00	0.081
562.00	0.254
563.00	0.076
564.00	0.137
565.00	0.052
566.00	0.280
567.00	0.057
568.00	0.081
569.00	0.063
570.00	0.008
571.00	0.094
572.00	0.032
573.00	0.150
574.00	-0.003
575.00	0.075
576.00	0.085
577.00	-0.022
578.00	0.141
579.00	0.105
580.00	0.133
581.00	0.059
582.00	0.153
583.00	0.113
584.00	0.122
585.00	0.140
586.00	0.160
587.00	0.175
588.00	0.067
589.00	-0.027
590.00	0.114
591.00	0.061
592.00	0.082
593.00	0.205
594.00	0.029
595.00	0.123
596.00	0.086
597.00	0.066
598.00	0.029
599.00	0.063
600.00	0.019
601.00	-0.039
602.00	-0.018
603.00	-0.017
604.00	-0.009
605.00	0.100
606.00	0.054
607.00	0.031
608.00	0.052
609.00	0.113
610.00	0.070
611.00	0.046
612.00	-0.015
613.00	0.075
614.00	-0.005
615.00	0.059
616.00	0.037
617.00	0.037
618.00	-0.084
619.00	0.102
620.00	-0.019
621.00	0.005
622.00	0.001
623.00	0.046
624.00	0.104
625.00	0.064
626.00	0.042
627.00	-0.049
628.00	0.056
629.00	0.014
630.00	0.027
631.00	-0.088
632.00	0.002
633.00	0.110
634.00	0.168
635.00	0.062
636.00	0.065
637.00	0.042
638.00	-0.009
639.00	0.026
640.00	0.039
641.00	0.069
642.00	0.098
643.00	0.002
644.00	0.020
645.00	0.046
646.00	0.008
647.00	0.036
648.00	0.060
649.00	0.026
650.00	0.020
651.00	0.068
652.00	-0.031
653.00	-0.052
654.00	0.010
655.00	0.064
656.00	0.034
657.00	0.060
658.00	0.024
659.00	0.002
660.00	0.053
661.00	0.018
662.00	0.030
663.00	-0.006
664.00	0.017
665.00	0.042
666.00	0.049
667.00	0.012
668.00	0.019
669.00	0.026
670.00	0.037
671.00	0.035
672.00	0.078
673.00	0.044
674.00	0.021
675.00	0.048
676.00	0.026
677.00	0.021
678.00	0.030
679.00	0.037
680.00	0.005
681.00	0.008
682.00	0.045
683.00	0.044
684.00	0.015
685.00	0.069
686.00	0.079
687.00	0.022
688.00	0.025
689.00	0.012
690.00	0.018
691.00	0.005
692.00	0.022
693.00	0.013
694.00	0.044
695.00	-0.007
696.00	0.036
697.00	0.030
698.00	0.012
699.00	-0.002
700.00	0.024
701.00	0.029
702.00	0.024
703.00	0.014
704.00	0.030
705.00	0.018
706.00	0.014
707.00	-0.000
708.00	0.011
709.00	0.048
710.00	-0.014
711.00	0.039
712.00	0.008
713.00	0.003
714.00	0.018
715.00	-0.001
716.00	0.029
717.00	0.041
718.00	0.031
719.00	0.006
720.00	0.034
721.00	0.034
722.00	0.019
723.00	0.032
724.00	0.019
725.00	-0.002
726.00	0.008
727.00	-0.013
728.00	-0.022
729.00	0.010
730.00	0.050
731.00	0.012
732.00	-0.014
733.00	0.024
734.00	0.023
735.00	0.011
736.00	0.024
737.00	0.046
738.00	-0.006
739.00	0.021
740.00	0.042
741.00	0.018
742.00	-0.013
743.00	0.015
744.00	0.026
745.00	0.054
746.00	0.009
747.00	0.034
748.00	-0.004
749.00	0.019
750.00	0.005
751.00	0.011
752.00	0.021
753.00	0.059
754.00	0.021
755.00	0.001
756.00	0.017
757.00	-0.006
758.00	0.004
759.00	-0.013
760.00	0.026
761.00	0.041
762.00	0.019
763.00	0.018
764.00	0.008
765.00	0.006
766.00	0.005
767.00	0.028
768.00	0.030
769.00	-0.008
770.00	0.016
771.00	0.028
772.00	0.029
773.00	-0.007
774.00	0.008
775.00	0.022
776.00	0.001
777.00	0.029
778.00	0.033
779.00	0.051
780.00	0.028
781.00	-0.008
782.00	0.024
783.00	0.011
784.00	0.013
785.00	0.033
786.00	0.011
787.00	0.010
788.00	0.012
789.00	0.006
790.00	0.005
791.00	0.010
792.00	-0.004
793.00	0.002
794.00	-0.008
795.00	0.011
796.00	0.008
797.00	0.010
798.00	0.016
799.00	0.023
800.00	0.026
801.00	0.035
802.00	0.034
803.00	0.011
804.00	-0.003
805.00	0.019
806.00	-0.003
807.00	0.029
808.00	0.043
809.00	0.025
810.00	0.001
811.00	-0.010
812.00	-0.003
813.00	0.027
814.00	0.051
815.00	0.031
816.00	0.029
817.00	0.017
818.00	0.038
819.00	0.029
820.00	0.010
821.00	0.011
822.00	-0.003
823.00	0.009
824.00	-0.009
825.00	0.027
826.00	0.020
827.00	0.009
828.00	0.014
829.00	0.029
830.00	0.011
831.00	0.005
832.00	0.027
833.00	0.022
834.00	0.013
835.00	0.004
836.00	0.026
837.00	-0.000
838.00	-0.007
839.00	0.021
840.00	0.015
841.00	0.031
842.00	-0.010
843.00	0.020
844.00	0.007
845.00	-0.002
846.00	0.015
847.00	0.023
848.00	0.016
849.00	0.014
850.00	0.033
851.00	0.018
852.00	0.021
853.00	0.005
854.00	0.009
855.00	0.004
856.00	0.013
857.00	-0.006
858.00	0.023
859.00	0.026
860.00	0.029
861.00	0.020
862.00	0.014
863.00	-0.004
864.00	0.014
865.00	-0.010
866.00	0.004
867.00	-0.000
868.00	0.005
869.00	0.007
870.00	0.001
871.00	-0.003
872.00	0.017
873.00	0.000
874.00	0.004
875.00	0.022
876.00	0.010
877.00	-0.006
878.00	0.027
879.00	-0.002
880.00	0.020
881.00	-0.011
882.00	0.006
883.00	0.015
884.00	-0.001
885.00	-0.004
886.00	0.014
887.00	0.007
888.00	0.017
889.00	0.039
890.00	0.031
891.00	0.003
892.00	0.002
893.00	0.020
894.00	-0.005
895.00	0.018
896.00	0.010
897.00	-0.016
898.00	0.041
899.00	0.004
900.00	0.015
901.00	0.011
902.00	0.014
903.00	0.020
904.00	0.018
905.00	0.027
906.00	-0.009
907.00	0.010
908.00	0.032
909.00	0.009
910.00	0.024
911.00	0.020
912.00	0.009
913.00	0.018
914.00	0.020
915.00	0.021
916.00	0.016
917.00	0.000
918.00	0.007
919.00	0.012
920.00	-0.002
921.00	0.042
922.00	0.015
923.00	0.015
924.00	0.016
925.00	0.009
926.00	0.014
927.00	0.023
928.00	0.024
929.00	0.005
930.00	0.015
931.00	0.031
932.00	-0.003
933.00	0.006
934.00	0.004
935.00	0.003
936.00	0.013
937.00	0.029
938.00	0.024
939.00	0.010
940.00	0.010
941.00	-0.004
942.00	0.012
943.00	0.012
944.00	0.026
945.00	0.003
946.00	0.017
947.00	0.005
948.00	0.017
949.00	0.001
950.00	-0.009
951.00	0.003
952.00	0.040
953.00	0.025
954.00	0.023
955.00	0.017
956.00	0.016
957.00	0.021
958.00	0.013
959.00	-0.003
960.00	0.008
961.00	0.004
962.00	0.007
963.00	0.002
964.00	0.016
965.00	0.008
966.00	0.044
967.00	-0.002
968.00	0.010
969.00	0.018
970.00	0.025
971.00	0.002
972.00	-0.001
973.00	-0.012
974.00	0.011
975.00	0.007
976.00	0.021
977.00	0.011
978.00	0.025
979.00	0.034
980.00	0.009
981.00	-0.002
982.00	0.007
983.00	0.005
984.00	0.008
985.00	0.011
986.00	0.003
987.00	-0.018
988.00	0.015
989.00	0.020
990.00	0.003
991.00	0.032
992.00	0.011
993.00	0.010
994.00	0.019
995.00	-0.004
996.00	0.018
997.00	-0.001
998.00	0.001
999.00	0.023
1000.00	0.018
1001.00	0.017
1002.00	0.013
1003.00	0.013
1004.00	0.020
1005.00	0.021
1006.00	0.000
1007.00	0.002
1008.00	0.016
1009.00	0.025
1010.00	-0.006
1011.00	0.032
1012.00	0.016
1013.00	0.035
1014.00	0.026
1015.00	-0.000
1016.00	0.032
1017.00	0.034
1018.00	0.017
1019.00	0.017
1020.00	0.013
1021.00	0.017
1022.00	0.017
1023.00	0.011
1024.00	-0.007
1025.00	0.003
1026.00	0.021
1027.00	0.017
1028.00	0.014
1029.00	0.026
1030.00	0.019
1031.00	0.015
1032.00	0.009
1033.00	0.016
1034.00	0.011
1035.00	0.019
1036.00	0.002
1037.00	0.009
1038.00	0.008
1039.00	0.012
1040.00	0.013
1041.00	0.034
1042.00	-0.001
1043.00	0.013
1044.00	0.030
1045.00	0.009
1046.00	0.028
1047.00	0.005
1048.00	0.008
1049.00	0.018
1050.00	0.005
1051.00	0.016
1052.00	0.021
1053.00	-0.003
1054.00	-0.006
1055.00	0.014
1056.00	0.005
1057.00	-0.008
1058.00	0.004
1059.00	0.010
1060.00	0.010
1061.00	0.012
1062.00	-0.000
1063.00	0.035
1064.00	0.005
1065.00	0.010
1066.00	0.012
1067.00	0.015
1068.00	0.008
1069.00	0.017
1070.00	-0.002
1071.00	0.016
1072.00	0.008
1073.00	0.019
1074.00	0.026
1075.00	0.010
1076.00	0.026
1077.00	0.008
1078.00	0.009
1079.00	0.021
1080.00	-0.002
1081.00	0.028
1082.00	0.011
1083.00	0.009
1084.00	0.025
1085.00	0.006
1086.00	0.012
1087.00	0.029
1088.00	0.039
1089.00	0.006
1090.00	-0.015
1091.00	0.000
1092.00	0.028
1093.00	0.007
1094.00	-0.008
1095.00	-0.007
1096.00	0.017
1097.00	0.012
1098.00	0.010
1099.00	0.022
1100.00	-0.005
1101.00	0.010
1102.00	0.015
1103.00	0.023
1104.00	0.014
1105.00	0.017
1106.00	-0.006
1107.00	0.016
1108.00	0.012
1109.00	0.023
1110.00	0.018
1111.00	0.022
1112.00	0.005
1113.00	0.011
1114.00	0.016
1115.00	0.016
1116.00	0.010
1117.00	0.016
1118.00	0.010
1119.00	0.025
1120.00	0.001
1121.00	0.023
1122.00	0.002
1123.00	0.017
1124.00	0.008
1125.00	0.015
1126.00	0.017
1127.00	0.001
1128.00	0.018
1129.00	0.014
1130.00	-0.017
1131.00	0.004
1132.00	0.007
1133.00	-0.009
1134.00	0.018
1135.00	0.023
1136.00	0.016
1137.00	-0.003
1138.00	0.019
1139.00	0.004
1140.00	0.037
1141.00	0.026
1142.00	-0.009
1143.00	-0.000
1144.00	-0.005
1145.00	-0.009
1146.00	0.006
1147.00	0.024
1148.00	0.007
1149.00	0.006
1150.00	0.017
1151.00	0.014
1152.00	0.006
1153.00	0.010
1154.00	0.006
1155.00	0.006
1156.00	0.030
1157.00	0.027
1158.00	-0.000
1159.00	0.007
1160.00	-0.002
1161.00	0.017
1162.00	-0.018
1163.00	0.017
1164.00	0.023
1165.00	-0.004
1166.00	0.011
1167.00	0.006
1168.00	0.025
1169.00	0.007
1170.00	0.011
1171.00	0.002
1172.00	0.014
1173.00	0.013
1174.00	0.009
1175.00	0.009
1176.00	0.011
1177.00	0.022
1178.00	0.019
1179.00	-0.001
1180.00	0.006
1181.00	0.024
1182.00	0.008
1183.00	0.023
1184.00	0.005
1185.00	0.017
1186.00	0.002
1187.00	0.003
1188.00	-0.020
1189.00	0.005
1190.00	0.016
1191.00	0.021
1192.00	0.001
1193.00	0.028
1194.00	-0.017
1195.00	-0.001
1196.00	0.018
1197.00	0.005
1198.00	0.012
1199.00	0.018
1200.00	0.016
1201.00	0.004
1202.00	0.012
1203.00	0.008
1204.00	0.003
1205.00	0.005
1206.00	0.023
1207.00	0.024
1208.00	0.016
1209.00	0.022
1210.00	0.009
1211.00	0.022
1212.00	0.008
1213.00	0.013
1214.00	-0.004
1215.00	0.011
1216.00	0.014
1217.00	-0.006
1218.00	0.002
1219.00	0.007
1220.00	0.014
1221.00	0.020
1222.00	0.007
1223.00	-0.008
1224.00	0.007
1225.00	0.023
1226.00	-0.009
1227.00	0.032
1228.00	0.032
1229.00	0.027
1230.00	-0.007
1231.00	0.002
1232.00	0.010
1233.00	0.003
1234.00	0.024
1235.00	0.006
1236.00	0.009
1237.00	-0.004
1238.00	0.019
1239.00	0.013
1240.00	0.018
1241.00	0.011
1242.00	0.026
1243.00	-0.001
1244.00	0.028
1245.00	0.014
1246.00	0.026
1247.00	0.021
1248.00	0.017
1249.00	0.001
1250.00	0.015
1251.00	0.020
1252.00	0.008
1253.00	0.016
1254.00	0.001
1255.00	-0.003
1256.00	0.011
1257.00	0.016
1258.00	0.011
1259.00	-0.005
1260.00	-0.003
1261.00	0.011
1262.00	0.024
1263.00	0.021
1264.00	0.004
1265.00	0.014
1266.00	0.012
1267.00	0.012
1268.00	0.012
1269.00	-0.003
1270.00	-0.000
1271.00	0.015
1272.00	0.000
1273.00	0.023
1274.00	0.017
1275.00	0.003
1276.00	0.020
1277.00	-0.001
1278.00	0.006
1279.00	0.014
1280.00	0.003
1281.00	0.024
1282.00	0.015
1283.00	-0.005
1284.00	0.012
1285.00	0.022
1286.00	0.017
1287.00	0.023
1288.00	-0.005
1289.00	0.012
1290.00	0.002
1291.00	0.011
1292.00	-0.000
1293.00	0.020
1294.00	0.005
1295.00	0.015
1296.00	0.012
1297.00	0.022
1298.00	0.008
1299.00	-0.011
1300.00	-0.003
1301.00	0.024
1302.00	0.007
1303.00	0.021
1304.00	0.019
1305.00	-0.004
1306.00	0.023
1307.00	0.026
1308.00	0.015
1309.00	0.005
1310.00	0.012
1311.00	0.017
1312.00	0.016
1313.00	0.012
1314.00	0.007
1315.00	0.006
1316.00	-0.005
1317.00	0.021
1318.00	-0.000
1319.00	0.015
1320.00	0.022
1321.00	0.010
1322.00	0.032
1323.00	0.013
1324.00	0.010
1325.00	0.008
1326.00	0.020
1327.00	0.014
1328.00	0.006
1329.00	-0.015
1330.00	0.037
1331.00	0.027
1332.00	0.002
1333.00	-0.004
1334.00	0.004
1335.00	0.005
1336.00	0.011
1337.00	0.009
1338.00	0.026
1339.00	0.019
1340.00	0.011
1341.00	0.031
1342.00	0.026
1343.00	-0.001
1344.00	0.018
1345.00	0.004
1346.00	-0.005
1347.00	0.010
1348.00	0.007
1349.00	0.005
1350.00	0.007
1351.00	0.024
1352.00	0.007
1353.00	0.011
1354.00	0.002
1355.00	-0.007
1356.00	0.005
1357.00	0.018
1358.00	0.018
1359.00	0.004
1360.00	0.012
1361.00	0.032
1362.00	0.013
1363.00	0.023
1364.00	0.020
1365.00	0.024
1366.00	-0.009
1367.00	0.031
1368.00	0.010
1369.00	0.014
1370.00	0.021
1371.00	0.016
1372.00	0.022
1373.00	0.020
1374.00	0.037
1375.00	0.027
1376.00	0.016
1377.00	0.000
1378.00	-0.008
1379.00	0.005
1380.00	-0.018
1381.00	-0.008
1382.00	0.011
1383.00	-0.000
1384.00	0.012
1385.00	0.021
1386.00	0.006
1387.00	-0.013
1388.00	0.005
1389.00	0.010
1390.00	0.011
1391.00	0.015
1392.00	0.003
1393.00	0.008
1394.00	0.012
1395.00	0.022
1396.00	0.005
1397.00	0.023
1398.00	0.002
1399.00	0.009
1400.00	0.006
1401.00	-0.000
1402.00	0.022
1403.00	0.021
1404.00	0.013
1405.00	0.017
1406.00	-0.009
1407.00	0.009
1408.00	0.004
1409.00	0.018
1410.00	-0.002
1411.00	0.032
1412.00	0.006
1413.00	0.027
1414.00	0.017
1415.00	0.022
1416.00	-0.001
1417.00	0.007
1418.00	0.006
1419.00	0.007
1420.00	0.040
1421.00	0.026
1422.00	0.043
1423.00	-0.009
1424.00	-0.015
1425.00	0.015
1426.00	-0.004
1427.00	0.017
1428.00	0.030
1429.00	0.020
1430.00	0.005
1431.00	0.007
1432.00	0.008
1433.00	0.002
1434.00	0.010
1435.00	0.008
1436.00	0.040
1437.00	0.027
1438.00	0.010
1439.00	0.013
1440.00	0.008
1441.00	0.028
1442.00	0.032
1443.00	0.001
1444.00	0.037
1445.00	0.031
1446.00	0.002
1447.00	0.000
1448.00	-0.000
1449.00	0.006
1450.00	-0.019
1451.00	0.026
1452.00	0.008
1453.00	0.029
1454.00	0.006
1455.00	0.008
1456.00	0.002
1457.00	0.017
1458.00	0.004
1459.00	0.012
1460.00	0.019
1461.00	0.004
1462.00	0.000
1463.00	-0.002
1464.00	0.023
1465.00	-0.007
1466.00	0.046
1467.00	0.002
1468.00	0.026
1469.00	0.007
1470.00	0.008
1471.00	0.013
1472.00	0.015
1473.00	0.019
1474.00	0.016
1475.00	0.005
1476.00	-0.002
1477.00	0.016
1478.00	-0.002
1479.00	-0.002
1480.00	-0.001
1481.00	-0.013
1482.00	0.009
1483.00	-0.014
1484.00	0.012
1485.00	0.002
1486.00	0.007
1487.00	0.026
1488.00	0.016
1489.00	0.017
1490.00	0.005
1491.00	0.048
1492.00	0.018
1493.00	0.004
1494.00	0.002
1495.00	0.001
1496.00	0.015
1497.00	0.025
1498.00	0.007
1499.00	-0.002
1500.00	-0.015
1501.00	0.019
1502.00	0.009
1503.00	0.034
1504.00	0.020
1505.00	-0.015
1506.00	0.009
1507.00	0.021
1508.00	-0.004
1509.00	-0.004
1510.00	0.037
1511.00	0.000
1512.00	0.013
1513.00	0.010
1514.00	0.001
1515.00	-0.008
1516.00	0.033
1517.00	0.011
1518.00	0.028
1519.00	0.042
1520.00	0.009
1521.00	0.003
1522.00	0.045
1523.00	0.007
1524.00	0.022
1525.00	0.012
1526.00	0.021
1527.00	0.014
1528.00	0.020
1529.00	0.005
1530.00	-0.002
1531.00	0.009
1532.00	-0.006
1533.00	0.003
1534.00	0.047
1535.00	0.016
1536.00	0.018
1537.00	-0.004
1538.00	0.010
1539.00	-0.008
1540.00	0.011
1541.00	0.004
1542.00	0.008
1543.00	-0.001
1544.00	0.013
1545.00	0.017
1546.00	0.020
1547.00	0.015
1548.00	0.037
1549.00	0.018
1550.00	0.005
1551.00	0.016
1552.00	0.022
1553.00	0.023
1554.00	0.015
1555.00	-0.011
1556.00	0.020
1557.00	0.018
1558.00	0.020
1559.00	0.034
1560.00	0.011
1561.00	0.000
1562.00	0.002
1563.00	0.025
1564.00	0.014
1565.00	0.031
1566.00	0.002
1567.00	0.031
1568.00	0.009
1569.00	0.006
1570.00	0.007
1571.00	0.009
1572.00	-0.014
1573.00	0.015
1574.00	0.009
1575.00	0.010
1576.00	-0.009
1577.00	0.020
1578.00	0.013
1579.00	0.014
1580.00	0.013
1581.00	-0.001
1582.00	0.001
1583.00	-0.010
1584.00	-0.011
1585.00	0.006
1586.00	0.004
1587.00	0.008
1588.00	0.012
1589.00	0.011
1590.00	0.019
1591.00	-0.007
1592.00	0.015
1593.00	0.051
1594.00	0.005
1595.00	0.014
1596.00	0.012
1597.00	0.037
1598.00	-0.024
1599.00	0.014
1600.00	-0.012
1601.00	0.001
1602.00	0.012
1603.00	0.018
1604.00	-0.006
1605.00	-0.012
1606.00	0.012
1607.00	-0.012
1608.00	0.008
1609.00	0.028
1610.00	0.018
1611.00	0.021
1612.00	0.027
1613.00	0.045
1614.00	-0.004
1615.00	0.018
1616.00	0.056
1617.00	0.013
1618.00	0.026
1619.00	0.042
1620.00	0.031
1621.00	0.005
1622.00	0.021
1623.00	0.023
1624.00	0.012
1625.00	-0.002
1626.00	0.045
1627.00	0.015
1628.00	0.018
1629.00	0.009
1630.00	-0.014
1631.00	0.007
1632.00	0.025
1633.00	-0.004
1634.00	0.011
1635.00	-0.004
1636.00	0.026
1637.00	0.029
1638.00	0.025
1639.00	0.004
1640.00	0.016
1641.00	0.015
1642.00	0.038
1643.00	0.023
1644.00	-0.001
1645.00	0.026
1646.00	0.004
1647.00	-0.011
1648.00	-0.025
1649.00	-0.007
1650.00	0.027
1651.00	0.037
1652.00	-0.013
1653.00	0.003
1654.00	-0.016
1655.00	0.020
1656.00	0.037
1657.00	0.010
1658.00	-0.016
1659.00	0.025
1660.00	0.030
1661.00	0.033
1662.00	0.025
1663.00	0.010
1664.00	0.032
1665.00	-0.003
1666.00	0.029
1667.00	0.008
1668.00	0.022
1669.00	0.034
1670.00	0.011
1671.00	0.014
1672.00	-0.002
1673.00	0.028
1674.00	0.002
1675.00	0.016
1676.00	0.002
1677.00	0.011
1678.00	-0.015
1679.00	-0.012
1680.00	-0.015
1681.00	-0.011
1682.00	0.017
1683.00	0.015
1684.00	-0.025
1685.00	0.004
1686.00	0.033
1687.00	-0.048
1688.00	0.033
1689.00	0.002
1690.00	0.015
1691.00	-0.001
1692.00	0.011
1693.00	-0.004
1694.00	0.006
1695.00	-0.062
1696.00	-0.001
1697.00	0.022
1698.00	0.005
1699.00	-0.003
1700.00	-0.053
1701.00	-0.026
1702.00	0.005
1703.00	0.003
1704.00	0.023
1705.00	0.006
1706.00	0.050
1707.00	0.019
1708.00	0.018
1709.00	-0.008
1710.00	0.010
1711.00	0.000
1712.00	0.004
1713.00	-0.023
1714.00	0.027
1715.00	0.001
1716.00	0.036
1717.00	0.011
1718.00	0.012
1719.00	0.011
1720.00	0.041
1721.00	-0.002
1722.00	-0.029
1723.00	0.050
1724.00	0.017
1725.00	-0.040
1726.00	-0.006
1727.00	0.009
1728.00	-0.010
1729.00	0.015
1730.00	0.023
1731.00	0.037
1732.00	0.025
1733.00	0.013
1734.00	0.010
1735.00	0.044
1736.00	0.020
1737.00	0.008
1738.00	-0.022
1739.00	0.009
1740.00	0.037
1741.00	0.021
1742.00	0.024
1743.00	0.002
1744.00	0.006
1745.00	0.012
1746.00	0.026
1747.00	0.023
1748.00	-0.017
1749.00	0.018
1750.00	-0.000
1751.00	-0.004
1752.00	0.030
1753.00	0.025
1754.00	0.001
1755.00	0.002
1756.00	0.021
1757.00	0.045
1758.00	-0.002
1759.00	0.020
1760.00	0.027
1761.00	0.008
1762.00	0.042
1763.00	0.063
1764.00	0.031
1765.00	-0.018
1766.00	0.044
1767.00	0.018
1768.00	0.017
1769.00	0.005
1770.00	-0.007
1771.00	0.036
1772.00	0.022
1773.00	0.026
1774.00	0.011
1775.00	0.078
1776.00	0.017
1777.00	-0.007
1778.00	-0.003
1779.00	0.013
1780.00	0.008
1781.00	-0.011
1782.00	-0.030
1783.00	0.012
1784.00	0.018
1785.00	0.001
1786.00	0.009
1787.00	-0.019
1788.00	0.008
1789.00	-0.030
1790.00	-0.039
1791.00	-0.015
1792.00	0.015
1793.00	0.030
1794.00	0.007
1795.00	0.014
1796.00	-0.022
1797.00	-0.022
1798.00	0.013
1799.00	-0.031
1800.00	0.014
1801.00	0.015
1802.00	0.040
1803.00	0.012
1804.00	0.031
1805.00	0.049
1806.00	0.077
1807.00	-0.020
1808.00	0.056
1809.00	0.001
1810.00	-0.012
1811.00	0.044
1812.00	-0.016
1813.00	0.064
1814.00	0.024
1815.00	0.018
1816.00	0.013
1817.00	0.018
1818.00	-0.027
1819.00	0.032
1820.00	0.017
1821.00	0.007
1822.00	0.008
1823.00	0.035
1824.00	-0.004
1825.00	-0.013
1826.00	0.013
1827.00	0.021
1828.00	0.013
1829.00	0.006
1830.00	-0.006
1831.00	0.006
1832.00	-0.002
1833.00	0.046
1834.00	-0.012
1835.00	0.004
1836.00	-0.011
1837.00	0.020
1838.00	0.013
1839.00	-0.060
1840.00	0.073
1841.00	-0.007
1842.00	0.014
1843.00	0.014
1844.00	-0.004
1845.00	0.064
1846.00	-0.021
1847.00	0.032
1848.00	0.039
1849.00	0.003
1850.00	0.024
1851.00	-0.034
1852.00	0.014
1853.00	-0.024
1854.00	0.011
1855.00	0.003
1856.00	0.048
1857.00	0.019
1858.00	0.003
1859.00	0.036
1860.00	0.034
1861.00	0.072
1862.00	-0.041
1863.00	-0.006
1864.00	-0.019
1865.00	0.028
1866.00	-0.016
1867.00	-0.016
1868.00	-0.027
1869.00	0.030
1870.00	0.057
1871.00	0.060
1872.00	0.012
1873.00	0.042
1874.00	-0.020
1875.00	0.010
1876.00	0.015
1877.00	0.020
1878.00	0.020
1879.00	-0.009
1880.00	-0.032
1881.00	-0.047
1882.00	-0.004
1883.00	0.035
1884.00	-0.015
1885.00	0.026
1886.00	0.020
1887.00	0.055
1888.00	0.003
1889.00	0.054
1890.00	0.022
1891.00	0.020
1892.00	0.020
1893.00	0.051
1894.00	0.021
1895.00	-0.008
1896.00	0.025
1897.00	-0.008
1898.00	0.047
1899.00	-0.002
1900.00	0.027
1901.00	0.046
1902.00	-0.057
1903.00	0.049
1904.00	0.022
1905.00	0.027
1906.00	0.039
1907.00	-0.010
1908.00	-0.007
1909.00	0.017
1910.00	0.026
1911.00	0.050
1912.00	-0.001
1913.00	-0.003
1914.00	0.017
1915.00	0.028
1916.00	-0.015
1917.00	0.084
1918.00	0.016
1919.00	-0.029
1920.00	-0.032
1921.00	0.020
1922.00	0.020
1923.00	0.032
1924.00	-0.009
1925.00	0.033
1926.00	-0.022
1927.00	0.041
1928.00	0.028
1929.00	0.085
1930.00	0.051
1931.00	0.030
1932.00	0.042
1933.00	0.054
1934.00	-0.011
1935.00	-0.019
1936.00	0.027
1937.00	0.039
1938.00	0.029
1939.00	0.065
1940.00	0.057
1941.00	0.052
1942.00	0.033
1943.00	0.065
1944.00	-0.031
1945.00	0.039
1946.00	0.008
1947.00	0.026
1948.00	-0.015
1949.00	0.030
1950.00	0.008
1951.00	0.043
1952.00	0.056
1953.00	0.006
1954.00	0.000
1955.00	0.068
1956.00	0.074
1957.00	0.033
1958.00	-0.033
1959.00	-0.053
1960.00	0.064
1961.00	0.058
1962.00	0.102
1963.00	0.064
1964.00	0.052
1965.00	0.034
1966.00	0.012
1967.00	-0.019
1968.00	-0.032
1969.00	0.047
1970.00	0.100
1971.00	0.157
1972.00	0.055
1973.00	0.039
1974.00	0.006
1975.00	0.059
1976.00	0.047
1977.00	0.038
1978.00	-0.002
1979.00	0.060
1980.00	0.012
1981.00	0.030
1982.00	0.077
1983.00	-0.040
1984.00	-0.005
1985.00	0.037
1986.00	0.030
1987.00	0.019
1988.00	-0.017
1989.00	0.123
1990.00	0.061
1991.00	-0.015
1992.00	0.028
1993.00	0.023
1994.00	0.067
1995.00	0.040
1996.00	0.082
1997.00	0.026
1998.00	0.073
1999.00	-0.020
2000.00	0.070
2001.00	0.076
2002.00	0.046
2003.00	0.075
2004.00	0.016
2005.00	0.029
2006.00	0.018
2007.00	0.092
2008.00	0.050
2009.00	0.013
2010.00	-0.008
2011.00	0.008
2012.00	-0.008
2013.00	0.049
2014.00	0.025
2015.00	0.018
2016.00	0.071
2017.00	0.028
2018.00	0.035
2019.00	-0.087
2020.00	-0.004
2021.00	0.061
2022.00	0.055
2023.00	-0.010
2024.00	-0.014
2025.00	0.046
2026.00	0.006
2027.00	0.094
2028.00	0.071
2029.00	0.004
2030.00	0.045
2031.00	0.036
2032.00	0.059
2033.00	-0.015
2034.00	0.091
2035.00	0.016
2036.00	0.006
2037.00	0.023
2038.00	0.023
2039.00	-0.073
2040.00	0.030
2041.00	0.035
2042.00	0.035
2043.00	0.077
2044.00	0.094
2045.00	0.108
2046.00	0.004
2047.00	0.152
2048.00	0.075
2049.00	0.043
2050.00	0.006
2051.00	-0.005
2052.00	0.009
2053.00	0.023
2054.00	0.083
2055.00	0.145
2056.00	0.031
2057.00	-0.060
2058.00	-0.002
2059.00	0.090
2060.00	0.084
2061.00	0.158
2062.00	0.084
2063.00	0.036
2064.00	0.003
2065.00	0.006
2066.00	0.057
2067.00	0.169
2068.00	0.086
2069.00	0.116
2070.00	0.024
2071.00	0.082
2072.00	0.064
2073.00	0.071
2074.00	0.107
2075.00	-0.001
2076.00	-0.039
2077.00	-0.006
2078.00	-0.018
2079.00	0.005
2080.00	0.046
2081.00	0.078
2082.00	-0.002
2083.00	0.023
2084.00	0.036
2085.00	0.004
2086.00	0.036
2087.00	0.045
2088.00	0.016
2089.00	0.068
2090.00	0.085
2091.00	0.007
2092.00	0.032
2093.00	0.031
2094.00	0.052
2095.00	-0.022
2096.00	0.046
2097.00	0.057
2098.00	0.045
2099.00	0.036
2100.00	0.063
2101.00	0.118
2102.00	0.112
2103.00	0.016
2104.00	0.020
2105.00	0.073
2106.00	-0.012
2107.00	0.043
2108.00	-0.050
2109.00	0.111
2110.00	-0.031
2111.00	0.001
2112.00	0.045
2113.00	0.071
2114.00	0.036
2115.00	-0.024
2116.00	0.042
2117.00	0.014
2118.00	-0.024
2119.00	0.112
2120.00	0.092
2121.00	0.139
2122.00	0.153
2123.00	0.029
2124.00	-0.010
2125.00	0.017
2126.00	0.094
2127.00	0.136
2128.00	0.066
2129.00	0.037
2130.00	0.094
2131.00	0.130
2132.00	0.108
2133.00	-0.066
2134.00	0.118
2135.00	-0.000
2136.00	-0.021
2137.00	0.137
2138.00	-0.024
2139.00	0.145
2140.00	0.063
2141.00	-0.045
2142.00	0.026
2143.00	0.068
2144.00	0.194
2145.00	0.003
2146.00	-0.075
2147.00	0.058
2148.00	0.113
2149.00	0.045
2150.00	0.099
2151.00	-0.008
2152.00	0.038
2153.00	-0.006
2154.00	-0.017
2155.00	-0.012
2156.00	0.100
2157.00	0.073
2158.00	0.071
2159.00	0.019
2160.00	0.027
2161.00	0.005
2162.00	0.058
2163.00	0.047
2164.00	-0.026
2165.00	0.075
2166.00	0.069
2167.00	0.097
2168.00	0.005
2169.00	0.085
2170.00	0.049
2171.00	0.149
2172.00	0.088
2173.00	0.146
2174.00	-0.117
2175.00	0.041
2176.00	-0.001
2177.00	0.014
2178.00	0.006
2179.00	0.114
2180.00	0.172
2181.00	0.084
2182.00	0.066
2183.00	-0.011
2184.00	0.002
2185.00	0.124
2186.00	0.101
2187.00	0.092
2188.00	0.173
2189.00	0.205
2190.00	0.102
2191.00	0.031
2192.00	0.034
2193.00	0.119
2194.00	0.069
2195.00	0.103
2196.00	0.007
2197.00	-0.003
2198.00	-0.052
2199.00	0.015
2200.00	0.241
2201.00	0.075
2202.00	0.033
2203.00	0.179
2204.00	-0.042
2205.00	0.015
2206.00	0.096
2207.00	0.190
2208.00	0.093
2209.00	0.030
2210.00	0.065
2211.00	0.042
2212.00	0.023
2213.00	0.009
2214.00	0.162
2215.00	-0.022
2216.00	0.069
2217.00	0.055
2218.00	0.184
2219.00	-0.012
2220.00	0.028
2221.00	0.004
2222.00	0.194
2223.00	-0.068
2224.00	-0.015
2225.00	0.188
2226.00	0.101
2227.00	0.170
2228.00	0.006
2229.00	0.150
2230.00	-0.010
2231.00	0.017
2232.00	0.119
2233.00	0.224
2234.00	0.094
2235.00	0.156
2236.00	0.189
2237.00	0.117
2238.00	0.055
2239.00	0.055
2240.00	0.085
2241.00	0.205
2242.00	0.241
2243.00	0.195
2244.00	-0.066
2245.00	0.118
2246.00	-0.175
2247.00	-0.027
2248.00	0.068
2249.00	0.117
2250.00	0.071
2251.00	0.145
2252.00	-0.084
2253.00	0.147
2254.00	0.036
2255.00	0.095
2256.00	0.205
2257.00	0.089
2258.00	0.036
2259.00	0.100
2260.00	-0.060
2261.00	0.111
2262.00	0.134
2263.00	0.118
2264.00	0.024
2265.00	0.110
2266.00	0.199
2267.00	-0.002
2268.00	-0.123
2269.00	0.160
2270.00	0.016
2271.00	0.008
2272.00	0.143
2273.00	0.168
2274.00	0.141
2275.00	0.059
2276.00	0.045
2277.00	0.314
2278.00	0.149
2279.00	-0.014
2280.00	-0.016
2281.00	0.068
2282.00	0.079
2283.00	0.012
2284.00	0.032
2285.00	0.076
2286.00	0.119
2287.00	0.223
2288.00	0.321
2289.00	0.024
2290.00	0.006
2291.00	-0.002
2292.00	-0.008
2293.00	0.068
2294.00	-0.098
2295.00	0.178
2296.00	0.116
2297.00	0.075
2298.00	-0.078
2299.00	0.123
2300.00	0.007
2301.00	0.087
2302.00	-0.049
2303.00	0.322
2304.00	-0.037
2305.00	0.080
2306.00	0.026
2307.00	0.081
2308.00	0.110
2309.00	0.016
2310.00	-0.014
2311.00	0.446
2312.00	0.139
2313.00	-0.137
2314.00	0.108
2315.00	0.164
2316.00	-0.062
2317.00	0.128
2318.00	0.047
2319.00	0.103
2320.00	0.152
2321.00	0.133
2322.00	-0.107
2323.00	-0.163
2324.00	0.119
2325.00	-0.052
2326.00	0.165
2327.00	-0.037
2328.00	0.110
2329.00	0.154
2330.00	0.107
2331.00	0.051
2332.00	0.046
2333.00	0.166
2334.00	-0.065
2335.00	0.039
2336.00	0.078
2337.00	0.160
2338.00	0.066
2339.00	0.118
2340.00	0.110
2341.00	0.202
2342.00	0.100
2343.00	0.041
2344.00	-0.044
2345.00	0.013
2346.00	0.028
2347.00	0.087
2348.00	0.156
2349.00	-0.074
2350.00	-0.072
2351.00	0.116
2352.00	0.083
2353.00	0.190
2354.00	0.098
2355.00	-0.129
2356.00	0.037
2357.00	0.097
2358.00	0.061
2359.00	-0.011
2360.00	0.082
2361.00	0.057
2362.00	-0.029
2363.00	-0.015
2364.00	0.213
2365.00	-0.013
2366.00	-0.016
2367.00	0.241
2368.00	-0.020
2369.00	-0.047
2370.00	0.078
2371.00	0.119
2372.00	0.180
2373.00	-0.076
2374.00	-0.026
2375.00	0.021
2376.00	-0.018
2377.00	0.059
2378.00	0.116
2379.00	0.138
2380.00	0.029
2381.00	-0.029
2382.00	0.023
2383.00	0.251
2384.00	0.002
2385.00	0.128
2386.00	0.066
2387.00	0.144
2388.00	0.064
2389.00	-0.033
2390.00	-0.086
2391.00	0.234
2392.00	0.174
2393.00	-0.002
2394.00	0.039
2395.00	0.063
2396.00	0.108
2397.00	0.185
2398.00	0.230
2399.00	0.096
2400.00	-0.062
2401.00	0.081
2402.00	0.099
2403.00	-0.012
2404.00	0.299
2405.00	0.288
2406.00	-0.009
2407.00	0.246
2408.00	-0.031
2409.00	0.090
2410.00	-0.019
2411.00	0.176
2412.00	0.073
2413.00	0.179
2414.00	0.044
2415.00	0.184
2416.00	0.126
2417.00	0.154
2418.00	0.188
2419.00	-0.010
2420.00	0.085
2421.00	0.247
2422.00	0.033
2423.00	0.130
2424.00	0.162
2425.00	0.062
2426.00	-0.041
2427.00	0.059
2428.00	0.053
2429.00	0.286
2430.00	0.220
2431.00	0.105
2432.00	-0.062
2433.00	-0.085
2434.00	0.092
2435.00	0.183
2436.00	0.029
2437.00	0.079
2438.00	0.040
2439.00	0.040
2440.00	0.120
2441.00	0.054
2442.00	0.036
2443.00	0.205
2444.00	-0.062
2445.00	0.108
2446.00	0.135
2447.00	0.014
2448.00	0.173
2449.00	0.128
2450.00	0.191
2451.00	0.240
2452.00	-0.005
2453.00	0.083
2454.00	-0.145
2455.00	0.103
2456.00	-0.005
2457.00	-0.146
2458.00	0.097
2459.00	-0.021
2460.00	0.135
2461.00	0.054
2462.00	0.138
2463.00	0.074
2464.00	0.356
2465.00	0.036
2466.00	0.093
2467.00	0.045
2468.00	0.016
2469.00	0.115
2470.00	0.009
2471.00	0.156
2472.00	0.121
2473.00	0.193
2474.00	0.050
2475.00	-0.021
2476.00	-0.024
2477.00	-0.043
2478.00	0.060
2479.00	0.278
2480.00	0.066
2481.00	0.058
2482.00	0.182
2483.00	-0.082
2484.00	0.006
2485.00	0.191
2486.00	0.037
2487.00	0.040
2488.00	0.147
2489.00	-0.125
2490.00	-0.018
2491.00	0.183
2492.00	0.148
2493.00	0.044
2494.00	0.268
2495.00	0.001
2496.00	0.029
2497.00	0.149
2498.00	0.251
2499.00	-0.020
2500.00	0.110
2501.00	-0.010
2502.00	0.104
2503.00	0.002
2504.00	0.088
2505.00	0.011
2506.00	0.126
2507.00	0.082
2508.00	0.149
2509.00	-0.060
2510.00	0.184
2511.00	0.029
2512.00	0.094
2513.00	0.238
2514.00	0.213
2515.00	0.054
2516.00	0.300
2517.00	0.132
2518.00	0.101
2519.00	0.229
2520.00	0.175
2521.00	0.097
2522.00	0.178
2523.00	-0.101
2524.00	0.022
2525.00	0.075
2526.00	0.191
2527.00	0.118
2528.00	0.198
2529.00	0.144
2530.00	0.033
2531.00	0.047
2532.00	-0.081
2533.00	-0.029
2534.00	0.346
2535.00	-0.005
2536.00	0.066
2537.00	-0.020
2538.00	-0.021
2539.00	0.217
2540.00	0.196
2541.00	-0.081
2542.00	0.335
2543.00	0.108
2544.00	-0.042
2545.00	0.165
2546.00	0.098
2547.00	0.184
2548.00	0.070
2549.00	0.217
2550.00	0.188
2551.00	0.102
2552.00	0.256
2553.00	0.263
2554.00	0.058
2555.00	0.338
2556.00	0.099
2557.00	0.135
2558.00	0.028
2559.00	0.415
2560.00	0.007
2561.00	0.289
2562.00	0.130
2563.00	0.084
2564.00	0.151
2565.00	0.035
2566.00	0.162
2567.00	0.286
2568.00	-0.002
2569.00	0.213
2570.00	0.213
2571.00	0.141
2572.00	-0.011
2573.00	0.008
2574.00	-0.201
2575.00	0.142
2576.00	-0.055
2577.00	0.277
2578.00	0.207
2579.00	0.147
2580.00	0.150
2581.00	0.123
2582.00	0.364
2583.00	0.192
2584.00	0.073
2585.00	0.063
2586.00	0.224
2587.00	-0.090
2588.00	0.026
2589.00	0.094
2590.00	0.388
2591.00	0.010
2592.00	0.169
2593.00	0.131
2594.00	0.178
2595.00	0.077
2596.00	0.028
2597.00	0.056
2598.00	0.208
2599.00	0.163
2600.00	0.125
2601.00	0.095
2602.00	0.267
2603.00	0.213
2604.00	0.088
2605.00	-0.075
2606.00	0.131
2607.00	0.164
2608.00	0.336
2609.00	0.303
2610.00	0.078
2611.00	0.334
2612.00	0.454
2613.00	0.092
2614.00	0.369
2615.00	0.149
2616.00	0.142
2617.00	0.019
2618.00	0.007
2619.00	0.025
2620.00	0.322
2621.00	0.009
2622.00	0.121
2623.00	0.197
2624.00	0.067
2625.00	0.096
2626.00	0.227
2627.00	0.309
2628.00	0.182
2629.00	0.446
2630.00	0.324
2631.00	0.120
2632.00	0.076
2633.00	0.024
2634.00	0.168
2635.00	0.203
2636.00	0.334
2637.00	0.468
2638.00	-0.029
2639.00	0.304
2640.00	0.298
2641.00	0.054
2642.00	0.062
2643.00	-0.172
2644.00	-0.066
2645.00	0.103
2646.00	0.076
2647.00	-0.100
2648.00	0.315
2649.00	0.264
2650.00	0.099
2651.00	0.031
2652.00	0.282
2653.00	-0.014
2654.00	0.093
2655.00	0.121
2656.00	0.142
2657.00	0.091
2658.00	0.043
2659.00	0.271
2660.00	0.256
2661.00	0.036
2662.00	0.115
2663.00	0.286
2664.00	0.400
2665.00	0.354
2666.00	0.137
2667.00	0.461
2668.00	0.210
2669.00	0.218
2670.00	0.158
2671.00	-0.050
2672.00	0.030
2673.00	0.150
2674.00	0.287
2675.00	0.105
2676.00	0.233
2677.00	0.139
2678.00	0.308
2679.00	0.180
2680.00	0.155
2681.00	0.011
2682.00	0.286
2683.00	0.061
2684.00	0.142
2685.00	0.345
2686.00	0.162
2687.00	0.128
2688.00	0.318
2689.00	0.266
2690.00	0.236
2691.00	0.407
2692.00	-0.015
2693.00	-0.083
2694.00	0.143
2695.00	-0.030
2696.00	0.020
2697.00	0.252
2698.00	-0.132
2699.00	0.235
2700.00	0.376
2701.00	0.416
2702.00	0.211
2703.00	0.458
2704.00	0.183
2705.00	0.290
2706.00	0.244
2707.00	0.056
2708.00	-0.287
2709.00	0.223
2710.00	0.290
2711.00	0.091
2712.00	0.241
2713.00	0.468
2714.00	0.399
2715.00	0.444
2716.00	-0.034
2717.00	0.285
2718.00	-0.189
2719.00	0.445
2720.00	0.412
2721.00	0.681
2722.00	0.396
2723.00	0.362
2724.00	0.579
2725.00	0.417
2726.00	0.463
2727.00	0.709
2728.00	0.817
2729.00	0.916
2730.00	0.756
2731.00	0.969
2732.00	0.930
2733.00	1.424
2734.00	1.144
2735.00	1.041
2736.00	1.490
2737.00	1.460
2738.00	1.888
2739.00	1.913
2740.00	2.363
2741.00	2.445
2742.00	2.412
2743.00	2.530
2744.00	2.426
2745.00	2.973
2746.00	2.936
2747.00	3.366
2748.00	3.727
2749.00	3.986
2750.00	4.104
2751.00	4.337
2752.00	4.685
2753.00	5.259
2754.00	5.775
2755.00	6.128
2756.00	6.505
2757.00	6.591
2758.00	7.005
2759.00	7.616
2760.00	7.746
2761.00	8.176
2762.00	8.147
2763.00	8.884
2764.00	9.236
2765.00	9.665
2766.00	10.343
2767.00	11.304
2768.00	11.805
2769.00	11.963
2770.00	12.194
2771.00	12.730
2772.00	13.758
2773.00	13.728
2774.00	14.757
2775.00	15.143
2776.00	15.563
2777.00	16.497
2778.00	16.643
2779.00	17.266
2780.00	18.092
2781.00	18.557
2782.00	19.311
2783.00	19.431
2784.00	19.933
2785.00	20.735
2786.00	21.427
2787.00	22.041
2788.00	22.748
2789.00	23.205
2790.00	23.149
2791.00	23.778
2792.00	24.396
2793.00	24.347
2794.00	25.196
2795.00	25.305
2796.00	26.080
2797.00	26.297
2798.00	26.477
2799.00	27.049
2800.00	27.929
2801.00	28.829
2802.00	29.128
2803.00	29.296
2804.00	29.427
2805.00	29.245
2806.00	30.589
2807.00	30.991
2808.00	30.920
2809.00	31.222
2810.00	31.104
2811.00	31.444
2812.00	31.690
2813.00	32.035
2814.00	31.310
2815.00	31.785
2816.00	32.304
2817.00	32.743
2818.00	33.037
2819.00	33.294
2820.00	33.449
2821.00	33.328
2822.00	33.779
2823.00	33.739
2824.00	33.727
2825.00	33.601
2826.00	34.119
2827.00	34.940
2828.00	35.580
2829.00	35.738
2830.00	35.424
2831.00	35.064
2832.00	35.473
2833.00	35.570
2834.00	35.314
2835.00	35.491
2836.00	36.217
2837.00	35.504
2838.00	36.171
2839.00	36.742
2840.00	36.900
2841.00	36.512
2842.00	36.726
2843.00	36.276
2844.00	36.278
2845.00	36.973
2846.00	36.668
2847.00	36.495
2848.00	36.685
2849.00	36.184
2850.00	35.996
2851.00	35.785
2852.00	35.988
2853.00	36.370
2854.00	36.863
2855.00	36.584
2856.00	36.926
2857.00	36.605
2858.00	36.403
2859.00	36.148
2860.00	36.923
2861.00	36.638
2862.00	36.523
2863.00	37.018
2864.00	37.392
2865.00	37.317
2866.00	36.726
2867.00	37.347
2868.00	37.775
2869.00	37.160
2870.00	37.242
2871.00	37.136
2872.00	37.368
2873.00	37.313
2874.00	37.604
2875.00	37.077
2876.00	37.668
2877.00	37.212
2878.00	37.406
2879.00	37.576
2880.00	38.449
2881.00	38.421
2882.00	38.300
2883.00	37.616
2884.00	37.897
2885.00	37.872
2886.00	37.514
2887.00	37.214
2888.00	37.551
2889.00	37.520
2890.00	37.216
2891.00	37.003
2892.00	37.905
2893.00	37.391
2894.00	37.031
2895.00	38.305
2896.00	38.166
2897.00	37.952
2898.00	38.294
2899.00	37.659
2900.00	38.137
2901.00	38.314
2902.00	38.533
2903.00	38.440
2904.00	38.619
2905.00	38.348
2906.00	37.782
2907.00	38.014
2908.00	38.122
2909.00	37.939
2910.00	37.917
2911.00	38.282
2912.00	38.016
2913.00	38.585
2914.00	38.504
2915.00	38.373
2916.00	37.672
2917.00	37.875
2918.00	38.601
2919.00	38.546
2920.00	38.660
2921.00	38.055
2922.00	38.771
2923.00	38.985
2924.00	38.736
2925.00	38.649
2926.00	38.391
2927.00	37.452
2928.00	37.992
2929.00	38.224
2930.00	38.723
2931.00	38.735
2932.00	38.111
2933.00	39.037
2934.00	38.190
2935.00	39.669
2936.00	39.641
2937.00	38.985
2938.00	38.634
2939.00	38.120
2940.00	38.010
2941.00	38.835
2942.00	38.704
2943.00	39.124
2944.00	38.896
2945.00	38.301
2946.00	38.625
2947.00	38.323
2948.00	38.902
2949.00	39.429
2950.00	39.006
2951.00	39.144
2952.00	39.014
2953.00	39.872
2954.00	38.914
2955.00	39.003
2956.00	39.642
2957.00	39.525
2958.00	39.741
2959.00	38.807
2960.00	39.130
2961.00	38.933
2962.00	39.491
2963.00	39.136
2964.00	39.707
2965.00	39.702
2966.00	39.427
2967.00	38.981
2968.00	40.024
2969.00	40.347
2970.00	40.224
2971.00	40.306
2972.00	40.654
2973.00	40.906
2974.00	41.324
2975.00	39.333
2976.00	38.963
2977.00	39.522
2978.00	39.956
2979.00	39.522
2980.00	39.458
2981.00	39.911
2982.00	38.820
2983.00	38.905
2984.00	38.866
2985.00	39.663
2986.00	39.855
2987.00	39.472
2988.00	39.987
2989.00	39.599
2990.00	38.451
2991.00	39.586
2992.00	39.319
2993.00	40.420
2994.00	39.675
2995.00	39.121
2996.00	39.337
2997.00	39.831
2998.00	40.538
2999.00	39.622
3000.00	40.696
3001.00	39.656
3002.00	39.722
3003.00	39.450
3004.00	38.724
3005.00	39.027
3006.00	39.079
3007.00	39.458
3008.00	39.376
3009.00	40.003
3010.00	39.641
3011.00	39.972
3012.00	39.399
3013.00	39.205
3014.00	40.658
3015.00	40.863
3016.00	40.417
3017.00	39.744
3018.00	39.384
3019.00	39.194
3020.00	39.812
3021.00	40.523
3022.00	40.066
3023.00	40.044
3024.00	40.263
3025.00	39.878
3026.00	40.903
3027.00	40.509
3028.00	39.826
3029.00	40.206
3030.00	40.158
3031.00	39.902
3032.00	39.083
3033.00	40.095
3034.00	40.806
3035.00	40.260
3036.00	39.116
3037.00	39.818
3038.00	39.180
3039.00	40.477
3040.00	39.708
3041.00	39.909
3042.00	39.510
3043.00	40.470
3044.00	40.020
3045.00	41.026
3046.00	40.931
3047.00	40.600
3048.00	40.007
3049.00	40.394
3050.00	40.017
3051.00	39.950
3052.00	39.672
3053.00	40.125
3054.00	41.174
3055.00	40.728
3056.00	40.854
3057.00	40.844
3058.00	40.439
3059.00	41.402
3060.00	40.987
3061.00	39.964
3062.00	37.825
3063.00	40.321
3064.00	40.589
3065.00	39.901
3066.00	40.303
3067.00	40.224
3068.00	40.241
3069.00	41.394
3070.00	40.268
3071.00	40.180
3072.00	41.308
3073.00	39.688
3074.00	39.701
3075.00	39.923
3076.00	39.789
3077.00	39.957
3078.00	40.084
3079.00	40.421
3080.00	40.653
3081.00	39.953
3082.00	40.432
3083.00	39.381
3084.00	39.186
3085.00	38.709
3086.00	39.946
3087.00	40.263
3088.00	40.948
3089.00	40.008
3090.00	40.893
3091.00	39.989
3092.00	41.132
3093.00	40.126
3094.00	39.931
3095.00	40.037
3096.00	39.564
3097.00	39.836
3098.00	40.295
3099.00	39.708
3100.00	39.559
3101.00	40.635
3102.00	40.668
3103.00	39.827
3104.00	39.524
3105.00	39.232
3106.00	39.980
3107.00	40.612
3108.00	39.691
3109.00	40.011
3110.00	39.920
3111.00	39.916
3112.00	40.991
3113.00	39.815
3114.00	40.565
3115.00	40.613
3116.00	40.283
3117.00	39.896
3118.00	39.914
3119.00	39.580
3120.00	38.521
3121.00	39.398
3122.00	40.519
3123.00	41.168
3124.00	41.089
3125.00	39.737
3126.00	39.941
3127.00	40.694
3128.00	39.916
3129.00	41.022
3130.00	41.075
3131.00	39.820
3132.00	39.769
3133.00	39.967
3134.00	40.058
3135.00	41.788
3136.00	41.683
3137.00	40.377
3138.00	41.432
3139.00	40.663
3140.00	40.063
3141.00	40.688
3142.00	40.467
3143.00	41.461
3144.00	41.966
3145.00	42.065
3146.00	39.764
3147.00	40.491
3148.00	39.697
3149.00	40.074
3150.00	40.422
3151.00	39.358
3152.00	39.965
3153.00	39.933
3154.00	40.285
3155.00	39.457
3156.00	40.677
3157.00	40.988
3158.00	41.466
3159.00	40.647
3160.00	41.327
3161.00	39.474
3162.00	40.145
3163.00	41.553
3164.00	41.261
3165.00	40.160
3166.00	41.228
3167.00	40.461
3168.00	41.448
3169.00	40.994
3170.00	39.999
3171.00	40.525
3172.00	40.770
3173.00	39.728
3174.00	40.617
3175.00	40.701
3176.00	40.457
3177.00	39.800
3178.00	41.285
3179.00	41.841
3180.00	40.388
3181.00	40.321
3182.00	41.817
3183.00	40.935
3184.00	40.369
3185.00	40.510
3186.00	40.569
3187.00	40.312
3188.00	40.476
3189.00	40.684
3190.00	40.976
3191.00	40.743
3192.00	40.418
3193.00	40.662
3194.00	40.338
3195.00	41.428
3196.00	41.151
3197.00	41.377
3198.00	41.957
3199.00	42.277
3200.00	40.973
3201.00	40.133
3202.00	41.729
3203.00	41.537
3204.00	41.228
3205.00	40.600
3206.00	40.629
3207.00	42.249
3208.00	42.378
3209.00	40.752
3210.00	41.589
3211.00	41.330
3212.00	40.678
3213.00	40.037
3214.00	40.440
3215.00	39.916
3216.00	40.588
3217.00	41.388
3218.00	41.392
3219.00	41.308
3220.00	39.620
3221.00	40.135
3222.00	41.200
3223.00	41.166
3224.00	40.781
3225.00	42.191
3226.00	41.294
3227.00	40.811
3228.00	41.757
3229.00	40.664
3230.00	41.851
3231.00	40.682
3232.00	41.645
3233.00	40.750
3234.00	41.619
3235.00	40.920
3236.00	41.410
3237.00	41.234
3238.00	42.237
3239.00	41.245
3240.00	42.116
3241.00	42.660
3242.00	41.851
3243.00	41.878
3244.00	41.742
3245.00	41.398
3246.00	41.888
3247.00	42.713
3248.00	41.243
3249.00	42.106
3250.00	42.820
3251.00	44.381
3252.00	42.275
3253.00	41.980
3254.00	42.372
3255.00	40.502
3256.00	41.268
3257.00	43.042
3258.00	42.871
3259.00	41.691
3260.00	41.355
3261.00	40.840
3262.00	41.644
3263.00	40.801
3264.00	41.305
3265.00	41.882
3266.00	40.404
3267.00	41.278
3268.00	41.357
3269.00	39.795
3270.00	41.144
3271.00	41.774
3272.00	41.701
3273.00	40.433
3274.00	41.531
3275.00	42.285
3276.00	42.183
3277.00	41.771
3278.00	42.555
3279.00	43.073
3280.00	41.797
3281.00	41.644
3282.00	41.538
3283.00	41.573
3284.00	42.438
3285.00	42.069
3286.00	40.229
3287.00	43.010
3288.00	40.339
3289.00	42.705
3290.00	39.882
3291.00	39.532
3292.00	41.732
3293.00	41.377
3294.00	40.803
3295.00	39.846
3296.00	41.084
3297.00	42.353
3298.00	40.785
3299.00	42.165
3300.00	42.162
3301.00	43.121
3302.00	42.228
3303.00	41.148
3304.00	41.750
3305.00	43.588
3306.00	39.929
3307.00	42.039
3308.00	42.305
3309.00	40.188
3310.00	42.497
3311.00	41.757
3312.00	41.355
3313.00	42.798
3314.00	41.516
3315.00	41.267
3316.00	42.409
3317.00	42.585
3318.00	42.150
3319.00	41.890
3320.00	42.074
3321.00	43.180
3322.00	42.677
3323.00	42.205
3324.00	41.045
3325.00	40.669
3326.00	41.609
3327.00	41.518
3328.00	41.289
3329.00	42.265
3330.00	41.174
3331.00	42.235
3332.00	40.584
3333.00	40.555
3334.00	41.258
3335.00	42.921
3336.00	40.431
3337.00	42.703
3338.00	42.437
3339.00	43.027
3340.00	42.444
3341.00	43.465
3342.00	43.341
3343.00	45.231
3344.00	45.916
3345.00	43.157
3346.00	43.227
3347.00	42.753
3348.00	43.269
3349.00	42.799
3350.00	42.297
3351.00	41.376
3352.00	40.507
3353.00	42.246
3354.00	42.027
3355.00	41.250
3356.00	42.811
3357.00	41.009
3358.00	40.991
3359.00	42.377
3360.00	42.232
3361.00	43.970
3362.00	42.410
3363.00	42.757
3364.00	41.903
3365.00	41.303
3366.00	41.351
3367.00	42.236
3368.00	42.978
3369.00	42.649
3370.00	42.513
3371.00	42.938
3372.00	41.746
3373.00	43.498
3374.00	43.684
3375.00	44.205
3376.00	42.740
3377.00	44.272
3378.00	43.713
3379.00	43.152
3380.00	42.793
3381.00	42.797
3382.00	43.431
3383.00	43.811
3384.00	43.910
3385.00	44.134
3386.00	45.804
3387.00	43.397
3388.00	42.860
3389.00	44.185
3390.00	44.609
3391.00	43.958
3392.00	44.206
3393.00	42.638
3394.00	41.450
3395.00	41.307
3396.00	41.666
3397.00	42.720
3398.00	42.094
3399.00	40.449
3400.00	41.820
3401.00	41.513
3402.00	44.478
3403.00	40.936
3404.00	42.766
3405.00	41.308
3406.00	41.176
3407.00	40.870
3408.00	41.736
3409.00	41.599
3410.00	43.601
3411.00	43.468
3412.00	43.948
3413.00	39.591
3414.00	43.593
3415.00	41.966
3416.00	41.767
3417.00	41.703
3418.00	43.881
3419.00	42.746
3420.00	44.079
3421.00	45.426
3422.00	45.286
3423.00	42.682
3424.00	41.067
3425.00	42.464
3426.00	43.348
3427.00	43.391
3428.00	43.968
3429.00	40.776
3430.00	42.632
3431.00	39.990
3432.00	44.385
3433.00	40.709
3434.00	41.606
3435.00	42.942
3436.00	41.716
3437.00	43.830
3438.00	40.969
3439.00	42.574
3440.00	42.419
3441.00	42.549
3442.00	41.090
3443.00	42.117
3444.00	44.019
3445.00	40.768
3446.00	44.302
3447.00	45.313
3448.00	43.323
3449.00	45.687
3450.00	46.246
3451.00	43.232
3452.00	39.866
3453.00	43.325
3454.00	43.845
3455.00	45.629
3456.00	42.764
3457.00	42.800
3458.00	44.110
3459.00	43.272
3460.00	41.412
3461.00	43.785
3462.00	42.247
3463.00	44.077
3464.00	41.226
3465.00	41.695
3466.00	42.817
3467.00	46.166
3468.00	46.468
3469.00	44.244
3470.00	41.437
3471.00	44.497
3472.00	43.692
3473.00	42.829
3474.00	41.936
3475.00	44.506
3476.00	43.416
3477.00	39.846
3478.00	44.432
3479.00	45.371
3480.00	43.086
3481.00	40.767
3482.00	45.040
3483.00	45.416
3484.00	43.365
3485.00	41.802
3486.00	44.944
3487.00	44.959
3488.00	41.226
3489.00	42.951
3490.00	44.011
3491.00	45.339
3492.00	45.327
3493.00	45.625
3494.00	45.137
3495.00	45.040
3496.00	41.509
3497.00	43.715
3498.00	47.290
3499.00	44.714
3500.00	44.712
3501.00	44.048
3502.00	42.522
3503.00	46.380
3504.00	47.743
3505.00	45.243
3506.00	43.290
3507.00	42.683
3508.00	44.961
3509.00	42.468
3510.00	42.510
3511.00	44.312
3512.00	44.664
3513.00	45.780
3514.00	42.953
3515.00	45.087
3516.00	46.759
3517.00	45.947
3518.00	41.306
3519.00	48.107
3520.00	43.727
3521.00	43.807
3522.00	43.156
3523.00	44.858
3524.00	41.169
3525.00	39.690
3526.00	40.871
3527.00	46.588
3528.00	43.706
3529.00	48.223
3530.00	43.606
3531.00	45.585
3532.00	43.340
3533.00	41.406
3534.00	37.354
3535.00	43.272
3536.00	43.937
3537.00	44.330
3538.00	42.312
3539.00	42.944
3540.00	42.368
3541.00	44.743
3542.00	40.697
3543.00	47.404
3544.00	42.594
3545.00	41.870
3546.00	40.885
3547.00	44.706
3548.00	42.308
3549.00	46.956
3550.00	44.412
3551.00	42.579
3552.00	37.146
3553.00	42.309
3554.00	44.713
3555.00	43.787
3556.00	47.482
3557.00	42.664
3558.00	45.493
3559.00	38.757
3560.00	45.628
3561.00	47.245
3562.00	43.043
3563.00	43.773
3564.00	45.334
3565.00	42.142
3566.00	42.735
3567.00	46.024
3568.00	42.910
3569.00	40.976
3570.00	41.827
3571.00	42.857
3572.00	42.234
3573.00	45.995
3574.00	48.609
3575.00	43.256
3576.00	41.105
3577.00	42.818
3578.00	45.579
3579.00	46.479
3580.00	48.533
3581.00	38.487
3582.00	45.572
3583.00	47.987
3584.00	41.029
3585.00	42.688
3586.00	40.526
3587.00	42.287
3588.00	45.709
3589.00	44.679
3590.00	52.502
3591.00	44.401
3592.00	48.204
3593.00	45.370
3594.00	46.816
3595.00	47.170
3596.00	44.638
3597.00	47.808
3598.00	41.830
3599.00	47.753
3600.00	48.946
3601.00	45.836
3602.00	46.147
3603.00	44.467
3604.00	48.413
3605.00	46.592
3606.00	37.773
3607.00	39.735
3608.00	43.748
3609.00	47.775
3610.00	42.491
3611.00	49.102
3612.00	45.757
3613.00	35.899
3614.00	45.612
3615.00	44.509
3616.00	40.351
3617.00	41.921
3618.00	46.085
3619.00	39.134
3620.00	39.724
3621.00	47.065
3622.00	40.179
3623.00	46.589
3624.00	50.749
3625.00	42.730
3626.00	41.489
3627.00	48.497
3628.00	47.375
3629.00	48.628
3630.00	47.711
3631.00	44.287
3632.00	43.037
3633.00	50.259
3634.00	43.231
3635.00	53.257
3636.00	41.142
3637.00	45.067
3638.00	51.927
3639.00	39.599
3640.00	39.430
3641.00	44.668
3642.00	48.713
3643.00	48.830
3644.00	42.088
3645.00	46.584
3646.00	40.803
3647.00	51.463
