  1000   0.391   0.004       743      13
  995    0.434   0.004       722       7
  990    0.472   0.004       677       9
  985    0.512   0.005       730       9
  980    0.555   0.005       715      16
  970    0.617   0.005       730       6
  960    0.678   0.005       722       8
  950    0.669   0.005       764       7
  940    0.669   0.005       752       7
  935    0.667   0.005       770      21
  932    0.660   0.005       793      25
  930    0.656   0.005       752      10
  928    0.667   0.005       680      36
  926    0.660   0.005       728       7
  924    0.655   0.005       742       7
  922    0.670   0.005       732       9
  920    0.685   0.005       726       9
  918    0.690   0.005       709       9
  917    0.713   0.006       697      11
  916    0.735   0.006       698      12
  915    0.754   0.006       699      12
  914    0.784   0.006       684       9
  913    0.817   0.006       660       8
  912    0.869   0.006       644       8
  911    0.928   0.007       625       6
  910    0.999   0.007       607       9
  909    1.076   0.007       572       9
  908    1.170   0.008       527      14
  907    1.242   0.008       495      69
  906    1.342   0.009       405      12
  905    1.440   0.009       372      14
  904    1.501   0.010       315      12
  903    1.529   0.010        30      28
  900    1.572   0.010        25      24
  880    0.750   0.006        16      19
  860    1.843   0.011         7       7
