File Dati SpectraSuite
++++++++++++++++++++++++++++++++++++
Data: Tue Feb 26 17:20:29 CET 2019
Utente: Studente
Spettro Scuro Presente: Si
Spettro di Riferimento Presente: Si
Numero di Componenti Spettri Campionati: 1
Spettrometri: USB4F01341
Tempo di integrazione (usec): 4000 (USB4F01341)
Media Spettri: 200 (USB4F01341)
Appiattimento Boxcar: 0 (USB4F01341)
Correggi Oscurità Elettronica: No (USB4F01341)
Strobo/Lampada Abilitato: No (USB4F01341)
Correct for Detector Non-linearity: No (USB4F01341)
Correggi Stray Light: No (USB4F01341)
Numero di Pixel nello Spettro Elaborato: 3648
>>>>>Comincia Dati dello Spettro Elaborati<<<<<
0,00	1291,33
1,00	1291,33
2,00	1291,33
3,00	1292,86
4,00	1297,48
5,00	1296,68
6,00	1300,51
7,00	1293,96
8,00	1301,29
9,00	1298,77
10,00	1300,33
11,00	1297,21
12,00	1303,12
13,00	1302,89
14,00	1303,89
15,00	1303,41
16,00	1301,03
17,00	1300,30
18,00	1318,91
19,00	1328,13
20,00	1337,14
21,00	1330,77
22,00	1336,69
23,00	1325,25
24,00	1339,89
25,00	1332,82
26,00	1329,51
27,00	1327,13
28,00	1334,95
29,00	1330,85
30,00	1335,65
31,00	1330,45
32,00	1332,77
33,00	1327,06
34,00	1336,17
35,00	1334,00
36,00	1340,58
37,00	1334,66
38,00	1339,24
39,00	1331,03
40,00	1342,89
41,00	1332,04
42,00	1340,98
43,00	1332,79
44,00	1340,20
45,00	1338,12
46,00	1339,87
47,00	1334,89
48,00	1343,16
49,00	1339,16
50,00	1347,81
51,00	1340,34
52,00	1344,63
53,00	1342,10
54,00	1347,26
55,00	1346,62
56,00	1343,39
57,00	1336,24
58,00	1348,37
59,00	1341,36
60,00	1355,25
61,00	1340,04
62,00	1341,91
63,00	1344,85
64,00	1352,81
65,00	1344,09
66,00	1353,96
67,00	1354,35
68,00	1350,14
69,00	1347,60
70,00	1355,60
71,00	1354,10
72,00	1358,91
73,00	1353,54
74,00	1353,79
75,00	1353,48
76,00	1359,76
77,00	1358,76
78,00	1356,37
79,00	1351,02
80,00	1360,02
81,00	1358,43
82,00	1365,50
83,00	1351,11
84,00	1361,08
85,00	1357,03
86,00	1360,79
87,00	1359,54
88,00	1366,45
89,00	1357,38
90,00	1363,73
91,00	1362,83
92,00	1368,44
93,00	1363,45
94,00	1369,79
95,00	1367,44
96,00	1371,47
97,00	1365,59
98,00	1370,08
99,00	1367,21
100,00	1377,07
101,00	1369,87
102,00	1377,89
103,00	1373,20
104,00	1375,05
105,00	1373,63
106,00	1385,15
107,00	1377,47
108,00	1386,19
109,00	1376,49
110,00	1380,26
111,00	1382,30
112,00	1385,08
113,00	1385,62
114,00	1386,66
115,00	1382,09
116,00	1385,42
117,00	1390,51
118,00	1393,92
119,00	1385,93
120,00	1390,33
121,00	1380,92
122,00	1401,12
123,00	1394,64
124,00	1397,77
125,00	1394,90
126,00	1388,42
127,00	1389,00
128,00	1405,30
129,00	1393,68
130,00	1401,64
131,00	1397,33
132,00	1402,50
133,00	1401,87
134,00	1402,90
135,00	1403,77
136,00	1409,63
137,00	1403,36
138,00	1408,07
139,00	1407,34
140,00	1413,95
141,00	1408,63
142,00	1410,97
143,00	1410,41
144,00	1416,61
145,00	1409,25
146,00	1417,90
147,00	1408,13
148,00	1418,04
149,00	1406,91
150,00	1409,83
151,00	1404,95
152,00	1408,32
153,00	1405,98
154,00	1414,29
155,00	1413,24
156,00	1423,84
157,00	1428,98
158,00	1436,38
159,00	1434,36
160,00	1436,40
161,00	1439,10
162,00	1439,36
163,00	1433,28
164,00	1433,23
165,00	1432,50
166,00	1428,29
167,00	1427,96
168,00	1437,36
169,00	1433,26
170,00	1440,53
171,00	1439,45
172,00	1441,70
173,00	1437,31
174,00	1449,91
175,00	1440,80
176,00	1445,60
177,00	1446,48
178,00	1448,37
179,00	1446,81
180,00	1454,02
181,00	1446,46
182,00	1455,83
183,00	1459,01
184,00	1453,39
185,00	1452,28
186,00	1465,94
187,00	1459,66
188,00	1470,95
189,00	1469,02
190,00	1460,80
191,00	1465,84
192,00	1471,62
193,00	1474,62
194,00	1487,02
195,00	1477,74
196,00	1476,84
197,00	1474,93
198,00	1488,72
199,00	1481,05
200,00	1488,13
201,00	1480,48
202,00	1490,75
203,00	1488,71
204,00	1492,38
205,00	1489,42
206,00	1495,24
207,00	1494,63
208,00	1503,99
209,00	1503,45
210,00	1511,35
211,00	1503,28
212,00	1506,87
213,00	1506,90
214,00	1512,91
215,00	1510,00
216,00	1521,96
217,00	1523,67
218,00	1524,29
219,00	1518,00
220,00	1531,35
221,00	1520,88
222,00	1527,01
223,00	1520,30
224,00	1532,45
225,00	1537,82
226,00	1537,58
227,00	1531,65
228,00	1538,34
229,00	1535,00
230,00	1545,03
231,00	1546,95
232,00	1557,59
233,00	1553,10
234,00	1551,44
235,00	1556,75
236,00	1566,93
237,00	1563,43
238,00	1563,55
239,00	1572,50
240,00	1574,80
241,00	1578,55
242,00	1584,93
243,00	1575,14
244,00	1575,81
245,00	1573,75
246,00	1592,88
247,00	1590,28
248,00	1588,43
249,00	1583,37
250,00	1587,34
251,00	1605,52
252,00	1588,38
253,00	1589,72
254,00	1603,51
255,00	1599,19
256,00	1603,96
257,00	1613,69
258,00	1617,87
259,00	1604,25
260,00	1620,33
261,00	1625,19
262,00	1630,65
263,00	1622,46
264,00	1636,09
265,00	1619,03
266,00	1631,75
267,00	1628,70
268,00	1638,15
269,00	1620,79
270,00	1663,75
271,00	1645,54
272,00	1657,54
273,00	1647,99
274,00	1660,20
275,00	1676,49
276,00	1658,13
277,00	1646,54
278,00	1671,79
279,00	1687,88
280,00	1677,36
281,00	1676,64
282,00	1694,71
283,00	1687,53
284,00	1690,98
285,00	1693,40
286,00	1699,31
287,00	1688,78
288,00	1705,88
289,00	1731,03
290,00	1728,52
291,00	1700,53
292,00	1718,02
293,00	1697,66
294,00	1734,33
295,00	1731,63
296,00	1734,75
297,00	1736,09
298,00	1737,11
299,00	1738,40
300,00	1741,98
301,00	1758,55
302,00	1767,88
303,00	1753,40
304,00	1786,80
305,00	1783,74
306,00	1791,07
307,00	1774,62
308,00	1774,95
309,00	1777,79
310,00	1788,98
311,00	1770,41
312,00	1786,06
313,00	1801,97
314,00	1816,49
315,00	1815,74
316,00	1838,15
317,00	1818,07
318,00	1839,18
319,00	1828,43
320,00	1842,42
321,00	1842,86
322,00	1822,47
323,00	1853,51
324,00	1850,61
325,00	1850,98
326,00	1849,99
327,00	1869,09
328,00	1895,77
329,00	1887,47
330,00	1904,56
331,00	1879,24
332,00	1882,06
333,00	1876,64
334,00	1892,50
335,00	1896,83
336,00	1889,82
337,00	1889,36
338,00	1924,22
339,00	1903,94
340,00	1917,97
341,00	1932,52
342,00	1940,30
343,00	1974,81
344,00	1922,26
345,00	1947,94
346,00	1952,63
347,00	1941,54
348,00	1977,73
349,00	1954,94
350,00	1976,23
351,00	1984,88
352,00	1983,25
353,00	1954,97
354,00	1996,74
355,00	1993,88
356,00	2012,21
357,00	2013,53
358,00	2039,24
359,00	2014,94
360,00	2004,71
361,00	2047,72
362,00	2038,25
363,00	2014,15
364,00	2014,74
365,00	2057,58
366,00	2125,98
367,00	2071,81
368,00	2086,50
369,00	2062,14
370,00	2080,18
371,00	2068,20
372,00	2074,07
373,00	2079,15
374,00	2092,40
375,00	2111,91
376,00	2062,77
377,00	2109,89
378,00	2123,54
379,00	2145,63
380,00	2178,68
381,00	2106,95
382,00	2139,56
383,00	2192,93
384,00	2177,21
385,00	2209,80
386,00	2159,48
387,00	2189,65
388,00	2174,48
389,00	2209,78
390,00	2186,25
391,00	2212,60
392,00	2228,58
393,00	2187,10
394,00	2275,12
395,00	2226,80
396,00	2224,63
397,00	2325,88
398,00	2306,33
399,00	2313,98
400,00	2287,45
401,00	2293,73
402,00	2277,44
403,00	2310,06
404,00	2337,39
405,00	2360,03
406,00	2330,59
407,00	2361,82
408,00	2373,20
409,00	2325,76
410,00	2323,82
411,00	2332,39
412,00	2363,49
413,00	2354,17
414,00	2425,15
415,00	2453,70
416,00	2472,71
417,00	2420,16
418,00	2433,97
419,00	2373,73
420,00	2496,49
421,00	2510,04
422,00	2487,70
423,00	2424,98
424,00	2553,56
425,00	2521,90
426,00	2507,49
427,00	2504,56
428,00	2629,14
429,00	2563,71
430,00	2498,78
431,00	2574,77
432,00	2566,14
433,00	2670,00
434,00	2553,69
435,00	2646,56
436,00	2585,27
437,00	2707,12
438,00	2614,98
439,00	2628,85
440,00	2679,69
441,00	2691,92
442,00	2737,59
443,00	2672,75
444,00	2702,00
445,00	2804,59
446,00	2780,62
447,00	2772,71
448,00	2739,25
449,00	2750,44
450,00	2736,48
451,00	2778,75
452,00	2752,19
453,00	2887,38
454,00	2850,92
455,00	2830,45
456,00	2820,72
457,00	2915,05
458,00	2864,33
459,00	2833,42
460,00	2778,60
461,00	2862,20
462,00	2913,09
463,00	2914,76
464,00	2945,01
465,00	2930,33
466,00	2939,71
467,00	3011,54
468,00	2929,09
469,00	2985,38
470,00	3057,55
471,00	2977,13
472,00	2957,68
473,00	3011,93
474,00	3026,32
475,00	3079,61
476,00	3008,61
477,00	2971,05
478,00	3041,94
479,00	3050,76
480,00	3150,52
481,00	3175,12
482,00	3200,05
483,00	3067,19
484,00	3174,26
485,00	3075,17
486,00	3101,23
487,00	3035,09
488,00	3034,98
489,00	3067,56
490,00	3093,40
491,00	3249,92
492,00	3281,41
493,00	3327,84
494,00	3209,58
495,00	3241,34
496,00	3207,01
497,00	3195,78
498,00	3286,54
499,00	3261,56
500,00	3321,71
501,00	3310,40
502,00	3299,45
503,00	3281,04
504,00	3440,86
505,00	3365,12
506,00	3307,48
507,00	3311,01
508,00	3362,08
509,00	3344,99
510,00	3381,17
511,00	3342,33
512,00	3399,86
513,00	3327,20
514,00	3331,10
515,00	3376,85
516,00	3438,34
517,00	3332,33
518,00	3310,32
519,00	3478,44
520,00	3543,68
521,00	3616,59
522,00	3483,21
523,00	3544,98
524,00	3549,64
525,00	3564,67
526,00	3681,72
527,00	3707,86
528,00	3877,83
529,00	3611,94
530,00	3681,99
531,00	3636,68
532,00	3550,93
533,00	3649,96
534,00	3776,45
535,00	3723,77
536,00	3731,37
537,00	3684,78
538,00	3730,41
539,00	3836,81
540,00	3882,01
541,00	3823,36
542,00	3725,95
543,00	3707,72
544,00	3723,37
545,00	3922,93
546,00	3847,93
547,00	3849,03
548,00	4082,73
549,00	3869,72
550,00	3904,70
551,00	3863,82
552,00	4124,94
553,00	4037,22
554,00	3927,89
555,00	4095,55
556,00	4022,14
557,00	4089,68
558,00	4304,34
559,00	4255,43
560,00	4038,42
561,00	3980,14
562,00	4167,26
563,00	4339,54
564,00	4330,56
565,00	4296,34
566,00	4239,58
567,00	4344,98
568,00	4382,11
569,00	4311,90
570,00	4353,49
571,00	4501,84
572,00	4353,03
573,00	4403,26
574,00	4437,61
575,00	4631,81
576,00	4849,74
577,00	4915,17
578,00	4735,34
579,00	4460,14
580,00	4863,01
581,00	4696,10
582,00	4521,16
583,00	4887,83
584,00	4868,21
585,00	5008,35
586,00	4957,01
587,00	4991,70
588,00	5137,62
589,00	4994,48
590,00	4926,67
591,00	5083,99
592,00	5009,33
593,00	5116,93
594,00	5347,23
595,00	5505,26
596,00	5153,32
597,00	5372,66
598,00	5349,45
599,00	5440,07
600,00	5710,25
601,00	5576,80
602,00	5832,21
603,00	5504,55
604,00	5528,08
605,00	5862,43
606,00	5791,15
607,00	5755,51
608,00	5593,98
609,00	5841,54
610,00	5735,99
611,00	5863,14
612,00	6184,19
613,00	6421,08
614,00	6373,63
615,00	6276,02
616,00	6198,03
617,00	6039,37
618,00	6223,14
619,00	6239,19
620,00	6404,11
621,00	6308,07
622,00	6440,16
623,00	6630,12
624,00	6827,84
625,00	6676,73
626,00	6926,82
627,00	6865,14
628,00	6921,86
629,00	7019,61
630,00	7103,63
631,00	7175,52
632,00	7484,21
633,00	7643,77
634,00	7339,49
635,00	7782,95
636,00	7630,56
637,00	7848,73
638,00	7905,73
639,00	7986,60
640,00	7870,84
641,00	8090,70
642,00	8266,69
643,00	8247,40
644,00	8324,73
645,00	8546,95
646,00	8572,91
647,00	8506,29
648,00	8849,98
649,00	8851,41
650,00	9067,96
651,00	8817,22
652,00	9283,33
653,00	9119,85
654,00	9313,41
655,00	9128,78
656,00	9464,69
657,00	9569,25
658,00	9451,30
659,00	9671,90
660,00	9712,08
661,00	10140,44
662,00	10051,98
663,00	10178,51
664,00	10413,39
665,00	10333,59
666,00	10392,14
667,00	10609,76
668,00	10824,65
669,00	11042,63
670,00	11186,40
671,00	11123,06
672,00	11043,55
673,00	11499,98
674,00	11468,56
675,00	11813,55
676,00	11784,30
677,00	11688,12
678,00	11775,68
679,00	12209,45
680,00	12031,58
681,00	12236,97
682,00	12244,10
683,00	12595,26
684,00	12817,71
685,00	12981,31
686,00	12896,84
687,00	12851,97
688,00	12848,05
689,00	13233,86
690,00	13255,19
691,00	13443,71
692,00	13447,23
693,00	13435,45
694,00	13930,62
695,00	13913,35
696,00	14180,09
697,00	14220,72
698,00	14318,51
699,00	14618,19
700,00	14737,29
701,00	14932,15
702,00	14944,35
703,00	15184,79
704,00	15202,71
705,00	15205,87
706,00	15477,99
707,00	15621,82
708,00	15778,48
709,00	15881,09
710,00	16022,22
711,00	16103,97
712,00	16133,18
713,00	16169,66
714,00	16639,30
715,00	16555,86
716,00	16756,52
717,00	16779,80
718,00	17120,06
719,00	17339,90
720,00	17468,06
721,00	17528,46
722,00	17600,87
723,00	17629,39
724,00	18168,76
725,00	18087,50
726,00	17947,69
727,00	18422,21
728,00	18530,51
729,00	18799,61
730,00	18889,61
731,00	19078,91
732,00	18968,95
733,00	19533,18
734,00	19567,51
735,00	19764,08
736,00	19678,60
737,00	19730,01
738,00	20341,22
739,00	20501,01
740,00	20635,87
741,00	20451,08
742,00	20767,01
743,00	21117,48
744,00	21318,46
745,00	21833,59
746,00	21439,56
747,00	21733,25
748,00	21654,69
749,00	22203,57
750,00	22244,65
751,00	22526,05
752,00	22723,28
753,00	22672,92
754,00	22773,26
755,00	23267,61
756,00	23155,58
757,00	23596,99
758,00	23449,24
759,00	23789,79
760,00	23777,35
761,00	24216,01
762,00	24161,10
763,00	24473,04
764,00	24706,89
765,00	24744,44
766,00	24931,91
767,00	25164,10
768,00	25337,43
769,00	25345,03
770,00	25486,29
771,00	25785,21
772,00	26139,36
773,00	26204,61
774,00	26527,43
775,00	26454,26
776,00	26740,16
777,00	27079,65
778,00	27337,48
779,00	27478,73
780,00	27657,15
781,00	27630,16
782,00	27920,10
783,00	28038,82
784,00	28243,96
785,00	28461,35
786,00	28243,75
787,00	28802,96
788,00	28862,50
789,00	29032,50
790,00	28980,15
791,00	29410,42
792,00	29564,91
793,00	29830,14
794,00	29758,01
795,00	30033,45
796,00	30316,16
797,00	30679,08
798,00	30674,80
799,00	30757,80
800,00	30489,84
801,00	30912,57
802,00	31245,03
803,00	31545,60
804,00	31455,82
805,00	31908,84
806,00	31965,23
807,00	32216,06
808,00	32261,94
809,00	32228,31
810,00	32395,27
811,00	32491,53
812,00	32662,33
813,00	33081,29
814,00	33012,97
815,00	33085,67
816,00	33259,01
817,00	33756,12
818,00	33405,96
819,00	33734,83
820,00	34237,40
821,00	34500,99
822,00	33966,01
823,00	34501,20
824,00	34726,67
825,00	34817,64
826,00	34832,75
827,00	35317,33
828,00	35201,15
829,00	35047,41
830,00	35571,91
831,00	35618,22
832,00	36333,86
833,00	35873,75
834,00	35629,41
835,00	36116,91
836,00	36070,53
837,00	36525,49
838,00	36721,80
839,00	36606,13
840,00	37125,98
841,00	37110,73
842,00	36943,13
843,00	37050,98
844,00	37205,58
845,00	37318,80
846,00	37703,33
847,00	37719,79
848,00	37625,67
849,00	38003,88
850,00	37901,83
851,00	38336,22
852,00	37701,24
853,00	38461,62
854,00	37925,21
855,00	38912,16
856,00	38204,07
857,00	38700,47
858,00	39073,57
859,00	38963,72
860,00	38993,55
861,00	39737,18
862,00	39042,67
863,00	39513,14
864,00	39168,03
865,00	39419,11
866,00	39706,08
867,00	39530,25
868,00	39949,81
869,00	39774,94
870,00	39586,13
871,00	40193,59
872,00	40270,51
873,00	39990,53
874,00	40480,19
875,00	40060,85
876,00	40085,31
877,00	40825,75
878,00	40479,58
879,00	40703,33
880,00	40342,00
881,00	41338,23
882,00	40752,68
883,00	41397,69
884,00	41290,57
885,00	41030,76
886,00	41227,96
887,00	40814,51
888,00	41375,45
889,00	41156,68
890,00	41586,76
891,00	41725,88
892,00	41638,64
893,00	42172,72
894,00	41661,05
895,00	42060,04
896,00	41776,95
897,00	41961,91
898,00	41927,12
899,00	42073,74
900,00	41749,58
901,00	42260,96
902,00	42442,43
903,00	42132,77
904,00	42681,47
905,00	42466,14
906,00	42932,61
907,00	42367,64
908,00	42682,53
909,00	42534,13
910,00	42706,23
911,00	42837,42
912,00	43529,22
913,00	43048,04
914,00	43521,68
915,00	42720,22
916,00	43188,79
917,00	43422,60
918,00	43109,41
919,00	43652,35
920,00	43535,89
921,00	43158,10
922,00	43493,63
923,00	43399,82
924,00	43600,13
925,00	43740,43
926,00	43893,57
927,00	44131,63
928,00	43742,98
929,00	43426,90
930,00	44223,82
931,00	43823,10
932,00	44468,21
933,00	44120,55
934,00	43779,67
935,00	44697,28
936,00	44660,72
937,00	44525,09
938,00	44631,80
939,00	44308,86
940,00	44818,46
941,00	44338,74
942,00	44422,30
943,00	44674,97
944,00	44546,07
945,00	44914,42
946,00	44569,51
947,00	44746,96
948,00	45097,63
949,00	44829,99
950,00	45025,35
951,00	45276,12
952,00	43960,01
953,00	45126,38
954,00	45166,28
955,00	45518,47
956,00	45242,93
957,00	45695,69
958,00	45677,87
959,00	45341,79
960,00	45679,58
961,00	45546,08
962,00	45822,94
963,00	45470,07
964,00	45156,17
965,00	45492,78
966,00	45679,78
967,00	45738,41
968,00	45885,70
969,00	45794,69
970,00	45884,66
971,00	46317,57
972,00	46120,96
973,00	46128,36
974,00	46336,74
975,00	46516,04
976,00	46341,88
977,00	46127,59
978,00	46367,44
979,00	46503,75
980,00	46080,62
981,00	46554,76
982,00	46429,17
983,00	45852,77
984,00	46412,15
985,00	47086,97
986,00	46627,94
987,00	46781,94
988,00	47068,08
989,00	46849,73
990,00	47007,66
991,00	47036,53
992,00	47375,98
993,00	47087,30
994,00	47231,08
995,00	47054,79
996,00	46866,32
997,00	47575,99
998,00	47236,66
999,00	47508,78
1000,00	47063,02
1001,00	47611,52
1002,00	47671,84
1003,00	47970,58
1004,00	47626,00
1005,00	47514,76
1006,00	47333,75
1007,00	47932,18
1008,00	47978,90
1009,00	47943,77
1010,00	47975,42
1011,00	47885,30
1012,00	48309,89
1013,00	48037,91
1014,00	48325,02
1015,00	48569,66
1016,00	48189,53
1017,00	48629,13
1018,00	48274,77
1019,00	48335,92
1020,00	48831,09
1021,00	48375,87
1022,00	48498,88
1023,00	48307,27
1024,00	48869,58
1025,00	48579,08
1026,00	48077,56
1027,00	48771,90
1028,00	48582,88
1029,00	48710,57
1030,00	48495,01
1031,00	48760,56
1032,00	48194,05
1033,00	48859,88
1034,00	48925,66
1035,00	50014,00
1036,00	49182,34
1037,00	49667,62
1038,00	49613,77
1039,00	49439,15
1040,00	49515,34
1041,00	49507,26
1042,00	50027,02
1043,00	49597,06
1044,00	49740,85
1045,00	49598,22
1046,00	49575,76
1047,00	49150,56
1048,00	50006,63
1049,00	49725,90
1050,00	49851,18
1051,00	49867,50
1052,00	49916,09
1053,00	50387,96
1054,00	50046,89
1055,00	50199,31
1056,00	50164,90
1057,00	49995,81
1058,00	50090,40
1059,00	50426,50
1060,00	50147,79
1061,00	50335,44
1062,00	50351,87
1063,00	50429,30
1064,00	50177,69
1065,00	50403,12
1066,00	50432,16
1067,00	50551,83
1068,00	51042,20
1069,00	50685,42
1070,00	50401,14
1071,00	50822,28
1072,00	51449,10
1073,00	51089,30
1074,00	51426,73
1075,00	50430,35
1076,00	50824,75
1077,00	50743,27
1078,00	50783,84
1079,00	50792,24
1080,00	51141,80
1081,00	50918,69
1082,00	50814,47
1083,00	51308,81
1084,00	51466,62
1085,00	51228,62
1086,00	51025,66
1087,00	50854,23
1088,00	51228,15
1089,00	51133,95
1090,00	51763,41
1091,00	51339,84
1092,00	51360,02
1093,00	51333,59
1094,00	51138,22
1095,00	51204,88
1096,00	51873,51
1097,00	51799,78
1098,00	52102,45
1099,00	52087,28
1100,00	51458,84
1101,00	51495,67
1102,00	51620,14
1103,00	51618,14
1104,00	52169,03
1105,00	51283,80
1106,00	51946,78
1107,00	52034,82
1108,00	51773,73
1109,00	51708,76
1110,00	51838,91
1111,00	51605,76
1112,00	51752,86
1113,00	51632,47
1114,00	51703,37
1115,00	51993,72
1116,00	51780,17
1117,00	51333,78
1118,00	52232,95
1119,00	52066,18
1120,00	51989,49
1121,00	51669,71
1122,00	52311,39
1123,00	52242,08
1124,00	51802,13
1125,00	51547,12
1126,00	52034,99
1127,00	51761,37
1128,00	51623,09
1129,00	51811,17
1130,00	51617,27
1131,00	52417,63
1132,00	52182,47
1133,00	52179,22
1134,00	51612,66
1135,00	51795,57
1136,00	51995,38
1137,00	52599,04
1138,00	52144,43
1139,00	51790,94
1140,00	51331,98
1141,00	52145,55
1142,00	52013,00
1143,00	52116,31
1144,00	51877,65
1145,00	51911,18
1146,00	52515,63
1147,00	51810,14
1148,00	51677,78
1149,00	51933,11
1150,00	52397,45
1151,00	51226,29
1152,00	51385,03
1153,00	51610,69
1154,00	51564,27
1155,00	51600,10
1156,00	51534,38
1157,00	51559,59
1158,00	51545,38
1159,00	51666,96
1160,00	51710,72
1161,00	51296,64
1162,00	51450,69
1163,00	51916,04
1164,00	51515,95
1165,00	51452,15
1166,00	51621,23
1167,00	51708,60
1168,00	51185,01
1169,00	51462,90
1170,00	51988,68
1171,00	51705,61
1172,00	52078,64
1173,00	51303,53
1174,00	51106,56
1175,00	50972,25
1176,00	51468,61
1177,00	51184,34
1178,00	51427,51
1179,00	51856,65
1180,00	51182,52
1181,00	51181,03
1182,00	51301,92
1183,00	51390,97
1184,00	51712,68
1185,00	51214,12
1186,00	51374,94
1187,00	50943,04
1188,00	51039,88
1189,00	51669,65
1190,00	51310,07
1191,00	51053,32
1192,00	51323,81
1193,00	51346,71
1194,00	50831,61
1195,00	51154,36
1196,00	51505,88
1197,00	51324,47
1198,00	50891,99
1199,00	51296,92
1200,00	51639,86
1201,00	51242,91
1202,00	50837,74
1203,00	51308,94
1204,00	50966,63
1205,00	50986,60
1206,00	51002,61
1207,00	51492,90
1208,00	51202,08
1209,00	50791,92
1210,00	51366,23
1211,00	51195,55
1212,00	51456,80
1213,00	51307,71
1214,00	50845,81
1215,00	51259,76
1216,00	51105,05
1217,00	51135,08
1218,00	51100,98
1219,00	51169,24
1220,00	51467,30
1221,00	50479,92
1222,00	51058,99
1223,00	51405,49
1224,00	51309,35
1225,00	51497,78
1226,00	50920,38
1227,00	50800,11
1228,00	50955,40
1229,00	51227,62
1230,00	50770,06
1231,00	50908,77
1232,00	51066,97
1233,00	50683,61
1234,00	51041,35
1235,00	50571,01
1236,00	50903,42
1237,00	50848,84
1238,00	50802,75
1239,00	50706,24
1240,00	50726,84
1241,00	51206,73
1242,00	50772,79
1243,00	50938,01
1244,00	50325,61
1245,00	50804,10
1246,00	50654,60
1247,00	50740,49
1248,00	51067,28
1249,00	50494,83
1250,00	50469,84
1251,00	50309,02
1252,00	50724,04
1253,00	51126,45
1254,00	50351,50
1255,00	50527,32
1256,00	50815,62
1257,00	50652,69
1258,00	50648,37
1259,00	50502,08
1260,00	50888,60
1261,00	50863,05
1262,00	50997,63
1263,00	50606,34
1264,00	51237,44
1265,00	50820,89
1266,00	50940,57
1267,00	50599,40
1268,00	50885,18
1269,00	50506,05
1270,00	50364,12
1271,00	50976,04
1272,00	50237,79
1273,00	50387,37
1274,00	50935,15
1275,00	50865,64
1276,00	50529,80
1277,00	50255,65
1278,00	50087,12
1279,00	50786,74
1280,00	50558,60
1281,00	50481,22
1282,00	50311,18
1283,00	50128,95
1284,00	50657,32
1285,00	51053,78
1286,00	50586,37
1287,00	51073,24
1288,00	50281,19
1289,00	50562,47
1290,00	50168,34
1291,00	50933,68
1292,00	50448,96
1293,00	50441,99
1294,00	49965,95
1295,00	50164,63
1296,00	50583,35
1297,00	50304,97
1298,00	50379,58
1299,00	50322,59
1300,00	50538,77
1301,00	50118,43
1302,00	49914,53
1303,00	50476,30
1304,00	50145,81
1305,00	50690,97
1306,00	50364,67
1307,00	50140,40
1308,00	49842,65
1309,00	50718,36
1310,00	50797,99
1311,00	50699,39
1312,00	50243,84
1313,00	50590,70
1314,00	50137,55
1315,00	50478,43
1316,00	50765,33
1317,00	50233,42
1318,00	49985,67
1319,00	50232,53
1320,00	50412,00
1321,00	50084,00
1322,00	49695,93
1323,00	50201,10
1324,00	50160,40
1325,00	49851,12
1326,00	50226,61
1327,00	49921,97
1328,00	49720,77
1329,00	49469,71
1330,00	49984,56
1331,00	49753,44
1332,00	49554,11
1333,00	50345,54
1334,00	49857,28
1335,00	50084,60
1336,00	49977,28
1337,00	49521,56
1338,00	49564,42
1339,00	50090,00
1340,00	49895,55
1341,00	49631,86
1342,00	50020,64
1343,00	49610,91
1344,00	49410,99
1345,00	49390,60
1346,00	49440,42
1347,00	49579,94
1348,00	49501,65
1349,00	50025,97
1350,00	49364,38
1351,00	49504,04
1352,00	48963,48
1353,00	49269,55
1354,00	49142,44
1355,00	49878,52
1356,00	49121,36
1357,00	49751,44
1358,00	49601,09
1359,00	49295,37
1360,00	49093,27
1361,00	48968,98
1362,00	48837,05
1363,00	48784,43
1364,00	48996,32
1365,00	48752,41
1366,00	49034,75
1367,00	48828,19
1368,00	48876,15
1369,00	48723,32
1370,00	48611,38
1371,00	48870,46
1372,00	48951,91
1373,00	48845,98
1374,00	48704,08
1375,00	47978,69
1376,00	48280,37
1377,00	48559,71
1378,00	48380,14
1379,00	48312,55
1380,00	48356,73
1381,00	48436,64
1382,00	48260,91
1383,00	48085,86
1384,00	48131,23
1385,00	48202,96
1386,00	47738,90
1387,00	47721,62
1388,00	48106,39
1389,00	48194,43
1390,00	47814,80
1391,00	48101,81
1392,00	47691,62
1393,00	47674,73
1394,00	48020,55
1395,00	48003,42
1396,00	47509,90
1397,00	47476,51
1398,00	47948,73
1399,00	47733,96
1400,00	48049,99
1401,00	47361,97
1402,00	47370,29
1403,00	46733,37
1404,00	46965,41
1405,00	46884,79
1406,00	47632,60
1407,00	46892,48
1408,00	47256,44
1409,00	46977,15
1410,00	47194,71
1411,00	47119,14
1412,00	47348,04
1413,00	47147,99
1414,00	46486,90
1415,00	46541,20
1416,00	47262,56
1417,00	46856,72
1418,00	46475,06
1419,00	46304,44
1420,00	46135,17
1421,00	46356,40
1422,00	46492,11
1423,00	46427,75
1424,00	45528,19
1425,00	45969,64
1426,00	45831,19
1427,00	46161,41
1428,00	45659,94
1429,00	45619,66
1430,00	45832,15
1431,00	45767,60
1432,00	45768,88
1433,00	45273,69
1434,00	45611,38
1435,00	44768,50
1436,00	45665,21
1437,00	45649,21
1438,00	44758,64
1439,00	44982,13
1440,00	45819,12
1441,00	45523,69
1442,00	44617,23
1443,00	45196,43
1444,00	44674,81
1445,00	44177,12
1446,00	44493,98
1447,00	44952,25
1448,00	44703,02
1449,00	44799,06
1450,00	44788,06
1451,00	44421,32
1452,00	44201,15
1453,00	44287,69
1454,00	44184,01
1455,00	43938,91
1456,00	44031,38
1457,00	43950,37
1458,00	44014,17
1459,00	44113,78
1460,00	43722,13
1461,00	43654,74
1462,00	43407,77
1463,00	43344,18
1464,00	42906,34
1465,00	43680,73
1466,00	43354,73
1467,00	43318,14
1468,00	43393,61
1469,00	43274,68
1470,00	43226,90
1471,00	43301,62
1472,00	42968,49
1473,00	42988,44
1474,00	43067,86
1475,00	42891,12
1476,00	43026,47
1477,00	42700,09
1478,00	42573,81
1479,00	42624,65
1480,00	42254,61
1481,00	42211,48
1482,00	42139,98
1483,00	42608,73
1484,00	42104,89
1485,00	42222,56
1486,00	42268,18
1487,00	42062,99
1488,00	42079,22
1489,00	41844,22
1490,00	41583,47
1491,00	41749,86
1492,00	41482,65
1493,00	41132,15
1494,00	41624,99
1495,00	41356,76
1496,00	41668,28
1497,00	41530,05
1498,00	41154,86
1499,00	41485,22
1500,00	41523,16
1501,00	41632,56
1502,00	40836,44
1503,00	41128,83
1504,00	40747,79
1505,00	40968,29
1506,00	41112,25
1507,00	40737,60
1508,00	41026,25
1509,00	40794,86
1510,00	40506,22
1511,00	40283,58
1512,00	40499,65
1513,00	40164,56
1514,00	39966,48
1515,00	39623,62
1516,00	39898,48
1517,00	40024,16
1518,00	39677,92
1519,00	39986,26
1520,00	39959,46
1521,00	39661,01
1522,00	39613,53
1523,00	39449,48
1524,00	39570,50
1525,00	39678,45
1526,00	38902,64
1527,00	39377,25
1528,00	39373,69
1529,00	39071,28
1530,00	39250,63
1531,00	39152,00
1532,00	38873,13
1533,00	38636,07
1534,00	39080,29
1535,00	38597,49
1536,00	38713,48
1537,00	39243,79
1538,00	38748,27
1539,00	38237,47
1540,00	38486,24
1541,00	38332,52
1542,00	38412,93
1543,00	38062,43
1544,00	37640,26
1545,00	37800,58
1546,00	37491,62
1547,00	37948,92
1548,00	37949,64
1549,00	37779,67
1550,00	38169,26
1551,00	37713,71
1552,00	37303,33
1553,00	37664,76
1554,00	37425,08
1555,00	37516,16
1556,00	37372,87
1557,00	37398,87
1558,00	37389,72
1559,00	37088,71
1560,00	36912,30
1561,00	37378,43
1562,00	36958,62
1563,00	36667,46
1564,00	36795,98
1565,00	36801,22
1566,00	36569,36
1567,00	36158,37
1568,00	36217,44
1569,00	36536,64
1570,00	36710,66
1571,00	36025,84
1572,00	36366,30
1573,00	36075,27
1574,00	35994,63
1575,00	35903,56
1576,00	35487,12
1577,00	35660,94
1578,00	35732,84
1579,00	35873,57
1580,00	35595,99
1581,00	35565,82
1582,00	35321,14
1583,00	35088,78
1584,00	35344,55
1585,00	35433,54
1586,00	35358,76
1587,00	35353,34
1588,00	35164,46
1589,00	34916,08
1590,00	34795,40
1591,00	34911,21
1592,00	34546,58
1593,00	34588,94
1594,00	34778,56
1595,00	34646,65
1596,00	34679,60
1597,00	34267,53
1598,00	34392,07
1599,00	34525,34
1600,00	34211,53
1601,00	34213,88
1602,00	34045,63
1603,00	34023,55
1604,00	33815,94
1605,00	33681,64
1606,00	33865,03
1607,00	33777,36
1608,00	33740,59
1609,00	33541,84
1610,00	33572,82
1611,00	34061,43
1612,00	33516,58
1613,00	33491,48
1614,00	33419,46
1615,00	33285,11
1616,00	33192,43
1617,00	33403,11
1618,00	33000,12
1619,00	32997,70
1620,00	32780,86
1621,00	32648,25
1622,00	33156,52
1623,00	32651,13
1624,00	32556,20
1625,00	32547,03
1626,00	32626,90
1627,00	32460,45
1628,00	32205,35
1629,00	32112,66
1630,00	32171,04
1631,00	32214,32
1632,00	32446,55
1633,00	32402,90
1634,00	32318,25
1635,00	32076,16
1636,00	32035,06
1637,00	32076,21
1638,00	31724,04
1639,00	31924,78
1640,00	31844,22
1641,00	31579,10
1642,00	31503,95
1643,00	31426,24
1644,00	31600,31
1645,00	31311,90
1646,00	30796,92
1647,00	31244,86
1648,00	30983,27
1649,00	31129,24
1650,00	30905,73
1651,00	31354,16
1652,00	30817,77
1653,00	30787,22
1654,00	30910,33
1655,00	30635,33
1656,00	30956,31
1657,00	30838,16
1658,00	30614,03
1659,00	30551,02
1660,00	30296,99
1661,00	30076,42
1662,00	30635,59
1663,00	30121,73
1664,00	30467,51
1665,00	30531,39
1666,00	30040,54
1667,00	30366,80
1668,00	30255,84
1669,00	30161,18
1670,00	30243,33
1671,00	30146,22
1672,00	29950,27
1673,00	29592,47
1674,00	29489,64
1675,00	29357,22
1676,00	29571,15
1677,00	29478,50
1678,00	29481,80
1679,00	29144,04
1680,00	29210,14
1681,00	29453,83
1682,00	29422,91
1683,00	29228,72
1684,00	29503,87
1685,00	28762,53
1686,00	29066,06
1687,00	29147,12
1688,00	29084,10
1689,00	28992,00
1690,00	28873,81
1691,00	28874,20
1692,00	28426,42
1693,00	28436,50
1694,00	28658,97
1695,00	28285,88
1696,00	28756,73
1697,00	28484,78
1698,00	28455,73
1699,00	28372,68
1700,00	28771,80
1701,00	28430,60
1702,00	28174,57
1703,00	27931,66
1704,00	28083,47
1705,00	27907,32
1706,00	27909,92
1707,00	27653,17
1708,00	28230,38
1709,00	27856,74
1710,00	27549,71
1711,00	27555,83
1712,00	27304,91
1713,00	27591,77
1714,00	27406,27
1715,00	26925,54
1716,00	27466,60
1717,00	27282,95
1718,00	27143,72
1719,00	27050,49
1720,00	27312,92
1721,00	27332,01
1722,00	26976,18
1723,00	26973,83
1724,00	26971,34
1725,00	27134,70
1726,00	26918,63
1727,00	27081,35
1728,00	26781,90
1729,00	26770,72
1730,00	26802,89
1731,00	26574,61
1732,00	26272,35
1733,00	26638,83
1734,00	26173,48
1735,00	26263,64
1736,00	26387,72
1737,00	26361,46
1738,00	26121,73
1739,00	26314,59
1740,00	26044,26
1741,00	25969,74
1742,00	25822,73
1743,00	25673,09
1744,00	25829,94
1745,00	25830,06
1746,00	25737,05
1747,00	25648,51
1748,00	25693,46
1749,00	25664,80
1750,00	25397,21
1751,00	25433,84
1752,00	25414,80
1753,00	25510,58
1754,00	25515,68
1755,00	25219,96
1756,00	25397,85
1757,00	25282,84
1758,00	25037,74
1759,00	25093,16
1760,00	25583,99
1761,00	24925,25
1762,00	25129,01
1763,00	24751,82
1764,00	24690,49
1765,00	24970,49
1766,00	24912,85
1767,00	24918,22
1768,00	24817,69
1769,00	25013,25
1770,00	24612,07
1771,00	24265,49
1772,00	24538,10
1773,00	24363,24
1774,00	24315,50
1775,00	24256,35
1776,00	24409,31
1777,00	24462,23
1778,00	24153,91
1779,00	24309,72
1780,00	24287,78
1781,00	24057,28
1782,00	24159,52
1783,00	23993,63
1784,00	24009,68
1785,00	23992,53
1786,00	23953,63
1787,00	24185,34
1788,00	24083,67
1789,00	23744,22
1790,00	23722,27
1791,00	23755,23
1792,00	23516,02
1793,00	23661,91
1794,00	23557,08
1795,00	23532,82
1796,00	23454,03
1797,00	23517,99
1798,00	23599,69
1799,00	23734,44
1800,00	23740,46
1801,00	23359,95
1802,00	23498,88
1803,00	23598,10
1804,00	23480,38
1805,00	23485,16
1806,00	23515,87
1807,00	23550,57
1808,00	23322,86
1809,00	23127,83
1810,00	23206,53
1811,00	23063,52
1812,00	23084,86
1813,00	23302,15
1814,00	23339,98
1815,00	22907,42
1816,00	22916,81
1817,00	23049,60
1818,00	22831,30
1819,00	22947,19
1820,00	22985,68
1821,00	22760,92
1822,00	22698,61
1823,00	23002,70
1824,00	22966,66
1825,00	23035,35
1826,00	22671,79
1827,00	22858,87
1828,00	22836,56
1829,00	22553,21
1830,00	22502,37
1831,00	22535,36
1832,00	22610,93
1833,00	22621,58
1834,00	22492,19
1835,00	22703,41
1836,00	22553,93
1837,00	22611,91
1838,00	22689,43
1839,00	22594,66
1840,00	22190,34
1841,00	22751,39
1842,00	22269,14
1843,00	21885,04
1844,00	22173,78
1845,00	22093,55
1846,00	22006,42
1847,00	21904,23
1848,00	22232,13
1849,00	22250,11
1850,00	22130,87
1851,00	22083,85
1852,00	22139,74
1853,00	22160,82
1854,00	22079,05
1855,00	22057,60
1856,00	21759,55
1857,00	22269,64
1858,00	22074,59
1859,00	21943,77
1860,00	21809,79
1861,00	21811,41
1862,00	21643,95
1863,00	21740,65
1864,00	21733,70
1865,00	21739,12
1866,00	21616,43
1867,00	21714,48
1868,00	21784,88
1869,00	21706,37
1870,00	21587,93
1871,00	21438,01
1872,00	21784,96
1873,00	21302,79
1874,00	21470,16
1875,00	21508,15
1876,00	21200,93
1877,00	21346,91
1878,00	21344,86
1879,00	21130,40
1880,00	21428,91
1881,00	21232,02
1882,00	21140,17
1883,00	20997,65
1884,00	21433,76
1885,00	20944,61
1886,00	20932,98
1887,00	21172,57
1888,00	20885,42
1889,00	21211,43
1890,00	21186,20
1891,00	20834,48
1892,00	21196,86
1893,00	21264,91
1894,00	21086,66
1895,00	21118,56
1896,00	21059,19
1897,00	20903,76
1898,00	20570,86
1899,00	20952,64
1900,00	20833,33
1901,00	20510,51
1902,00	20628,87
1903,00	20521,58
1904,00	20501,15
1905,00	20676,74
1906,00	20367,46
1907,00	20157,11
1908,00	20383,13
1909,00	20277,56
1910,00	20278,86
1911,00	20234,39
1912,00	20228,44
1913,00	20256,62
1914,00	20221,09
1915,00	20416,22
1916,00	20000,71
1917,00	20183,24
1918,00	19956,97
1919,00	20103,20
1920,00	19897,05
1921,00	19928,03
1922,00	19985,73
1923,00	19941,61
1924,00	19919,73
1925,00	19568,86
1926,00	19698,93
1927,00	19659,22
1928,00	19652,90
1929,00	19797,88
1930,00	19610,69
1931,00	19525,78
1932,00	19264,39
1933,00	19513,32
1934,00	19408,11
1935,00	19481,16
1936,00	19572,83
1937,00	19459,30
1938,00	19382,07
1939,00	19378,11
1940,00	19394,11
1941,00	19224,85
1942,00	19043,58
1943,00	19247,55
1944,00	18908,94
1945,00	18828,27
1946,00	18904,22
1947,00	18971,37
1948,00	18685,99
1949,00	18769,22
1950,00	18490,39
1951,00	18717,83
1952,00	18483,18
1953,00	18420,48
1954,00	18334,11
1955,00	18121,38
1956,00	18440,46
1957,00	18462,34
1958,00	18315,94
1959,00	18151,90
1960,00	18268,56
1961,00	18183,11
1962,00	18116,37
1963,00	18184,68
1964,00	18244,28
1965,00	18495,14
1966,00	18066,09
1967,00	18080,64
1968,00	17959,08
1969,00	17948,70
1970,00	18055,91
1971,00	17895,57
1972,00	17793,59
1973,00	17609,65
1974,00	17785,91
1975,00	17742,15
1976,00	17544,30
1977,00	17540,21
1978,00	17303,37
1979,00	17353,68
1980,00	17071,46
1981,00	17377,86
1982,00	17218,75
1983,00	17097,05
1984,00	16962,18
1985,00	16937,50
1986,00	16865,68
1987,00	16929,29
1988,00	17101,48
1989,00	17020,25
1990,00	16798,70
1991,00	16645,93
1992,00	16717,44
1993,00	16736,63
1994,00	16698,21
1995,00	16742,19
1996,00	16518,43
1997,00	16458,61
1998,00	16566,92
1999,00	16504,66
2000,00	16332,44
2001,00	16334,42
2002,00	16369,04
2003,00	16220,71
2004,00	15931,72
2005,00	15944,72
2006,00	16024,78
2007,00	15989,39
2008,00	15859,44
2009,00	15853,06
2010,00	15808,17
2011,00	15782,89
2012,00	15690,65
2013,00	15417,64
2014,00	15597,64
2015,00	15499,76
2016,00	15438,10
2017,00	15651,68
2018,00	15374,36
2019,00	15432,29
2020,00	15370,25
2021,00	15363,70
2022,00	15248,76
2023,00	15091,73
2024,00	14920,05
2025,00	15037,02
2026,00	15003,41
2027,00	14764,29
2028,00	14944,30
2029,00	14837,70
2030,00	14980,03
2031,00	14827,67
2032,00	14669,91
2033,00	14522,59
2034,00	14597,50
2035,00	14547,31
2036,00	14467,97
2037,00	14363,94
2038,00	14424,40
2039,00	14440,26
2040,00	14162,99
2041,00	14236,79
2042,00	14160,51
2043,00	14250,27
2044,00	14203,30
2045,00	14174,39
2046,00	13948,04
2047,00	13976,70
2048,00	13891,47
2049,00	13824,32
2050,00	13880,11
2051,00	13628,29
2052,00	13782,56
2053,00	13853,12
2054,00	13667,13
2055,00	13579,61
2056,00	13431,34
2057,00	13387,57
2058,00	13296,86
2059,00	13195,39
2060,00	13253,17
2061,00	13051,58
2062,00	13053,53
2063,00	13014,75
2064,00	13077,23
2065,00	12914,87
2066,00	12859,77
2067,00	12950,47
2068,00	12945,34
2069,00	12755,97
2070,00	12727,34
2071,00	12878,36
2072,00	12808,86
2073,00	12808,27
2074,00	12727,48
2075,00	12712,42
2076,00	12702,15
2077,00	12582,73
2078,00	12523,86
2079,00	12619,75
2080,00	12479,09
2081,00	12494,84
2082,00	12406,17
2083,00	12315,68
2084,00	12283,35
2085,00	12275,67
2086,00	12268,83
2087,00	12102,90
2088,00	12050,07
2089,00	12038,65
2090,00	12072,96
2091,00	11941,59
2092,00	11918,51
2093,00	11989,27
2094,00	11828,97
2095,00	11774,83
2096,00	11772,58
2097,00	11752,79
2098,00	11705,10
2099,00	11638,19
2100,00	11669,97
2101,00	11484,57
2102,00	11429,11
2103,00	11287,12
2104,00	11220,85
2105,00	11369,45
2106,00	11266,85
2107,00	11247,23
2108,00	11172,95
2109,00	11230,24
2110,00	11200,14
2111,00	11048,03
2112,00	10982,93
2113,00	11033,33
2114,00	11051,72
2115,00	10906,67
2116,00	11024,41
2117,00	10983,91
2118,00	10830,75
2119,00	10778,36
2120,00	10810,74
2121,00	10685,04
2122,00	10708,00
2123,00	10763,10
2124,00	10677,92
2125,00	10626,76
2126,00	10581,88
2127,00	10547,64
2128,00	10506,05
2129,00	10616,34
2130,00	10538,47
2131,00	10453,03
2132,00	10401,61
2133,00	10328,59
2134,00	10364,55
2135,00	10303,10
2136,00	10271,41
2137,00	10225,64
2138,00	10235,14
2139,00	10118,58
2140,00	10039,83
2141,00	10113,88
2142,00	9952,60
2143,00	9877,19
2144,00	9918,36
2145,00	9750,19
2146,00	9829,81
2147,00	9863,89
2148,00	9718,40
2149,00	9799,03
2150,00	9781,29
2151,00	9728,35
2152,00	9682,53
2153,00	9649,03
2154,00	9571,04
2155,00	9544,00
2156,00	9554,14
2157,00	9595,11
2158,00	9561,25
2159,00	9501,30
2160,00	9436,69
2161,00	9426,73
2162,00	9409,29
2163,00	9380,25
2164,00	9381,54
2165,00	9314,14
2166,00	9306,46
2167,00	9270,06
2168,00	9299,38
2169,00	9154,17
2170,00	9239,95
2171,00	9120,15
2172,00	9129,73
2173,00	9143,51
2174,00	9054,17
2175,00	9090,41
2176,00	9033,63
2177,00	8994,27
2178,00	8876,21
2179,00	8924,05
2180,00	8876,90
2181,00	8922,84
2182,00	8893,48
2183,00	8884,93
2184,00	8826,36
2185,00	8830,06
2186,00	8781,45
2187,00	8731,81
2188,00	8697,47
2189,00	8698,17
2190,00	8736,60
2191,00	8661,72
2192,00	8672,88
2193,00	8697,54
2194,00	8622,64
2195,00	8571,56
2196,00	8552,78
2197,00	8487,63
2198,00	8517,68
2199,00	8451,90
2200,00	8441,38
2201,00	8494,81
2202,00	8421,31
2203,00	8412,49
2204,00	8423,08
2205,00	8305,17
2206,00	8275,65
2207,00	8220,96
2208,00	8208,20
2209,00	8209,33
2210,00	8260,74
2211,00	8164,38
2212,00	8255,78
2213,00	8157,12
2214,00	8132,89
2215,00	8133,05
2216,00	8163,30
2217,00	8180,97
2218,00	8121,02
2219,00	8053,01
2220,00	8042,54
2221,00	8001,81
2222,00	8070,11
2223,00	8035,97
2224,00	7983,15
2225,00	7906,88
2226,00	7960,09
2227,00	7886,08
2228,00	7893,14
2229,00	7828,01
2230,00	7869,80
2231,00	7832,96
2232,00	7866,40
2233,00	7796,41
2234,00	7817,33
2235,00	7823,20
2236,00	7820,31
2237,00	7781,72
2238,00	7761,39
2239,00	7763,37
2240,00	7711,06
2241,00	7733,72
2242,00	7821,01
2243,00	7623,29
2244,00	7722,25
2245,00	7622,26
2246,00	7774,37
2247,00	7792,59
2248,00	7835,62
2249,00	7813,08
2250,00	7797,64
2251,00	7720,05
2252,00	7719,88
2253,00	7709,44
2254,00	7638,19
2255,00	7738,01
2256,00	7723,42
2257,00	7660,12
2258,00	7754,49
2259,00	7724,04
2260,00	7740,54
2261,00	7675,45
2262,00	7596,36
2263,00	7671,17
2264,00	7633,02
2265,00	7568,08
2266,00	7691,45
2267,00	7702,74
2268,00	7692,16
2269,00	7723,81
2270,00	7704,14
2271,00	7664,49
2272,00	7624,38
2273,00	7660,70
2274,00	7564,25
2275,00	7565,31
2276,00	7560,29
2277,00	7552,90
2278,00	7649,11
2279,00	7632,07
2280,00	7639,47
2281,00	7656,67
2282,00	7589,62
2283,00	7574,01
2284,00	7590,57
2285,00	7503,56
2286,00	7513,58
2287,00	7573,25
2288,00	7579,71
2289,00	7613,30
2290,00	7549,17
2291,00	7491,16
2292,00	7573,32
2293,00	7520,01
2294,00	7509,12
2295,00	7540,27
2296,00	7572,46
2297,00	7512,07
2298,00	7561,09
2299,00	7503,08
2300,00	7474,63
2301,00	7489,32
2302,00	7569,69
2303,00	7457,59
2304,00	7481,34
2305,00	7472,88
2306,00	7503,94
2307,00	7461,10
2308,00	7458,30
2309,00	7501,20
2310,00	7448,52
2311,00	7432,48
2312,00	7431,99
2313,00	7432,01
2314,00	7445,61
2315,00	7472,86
2316,00	7364,07
2317,00	7452,17
2318,00	7446,94
2319,00	7356,86
2320,00	7343,34
2321,00	7346,36
2322,00	7334,26
2323,00	7346,17
2324,00	7362,13
2325,00	7363,35
2326,00	7471,74
2327,00	7387,42
2328,00	7415,15
2329,00	7281,29
2330,00	7381,38
2331,00	7376,30
2332,00	7451,43
2333,00	7317,32
2334,00	7352,56
2335,00	7305,48
2336,00	7359,52
2337,00	7414,38
2338,00	7479,17
2339,00	7396,97
2340,00	7368,05
2341,00	7296,90
2342,00	7356,74
2343,00	7416,80
2344,00	7321,93
2345,00	7358,13
2346,00	7273,91
2347,00	7226,76
2348,00	7348,02
2349,00	7253,57
2350,00	7285,57
2351,00	7335,24
2352,00	7326,34
2353,00	7264,95
2354,00	7282,79
2355,00	7325,67
2356,00	7354,17
2357,00	7280,95
2358,00	7340,47
2359,00	7318,01
2360,00	7309,05
2361,00	7264,02
2362,00	7312,37
2363,00	7298,37
2364,00	7280,18
2365,00	7281,85
2366,00	7220,26
2367,00	7154,09
2368,00	7165,87
2369,00	7171,98
2370,00	7183,51
2371,00	7174,62
2372,00	7199,91
2373,00	7178,63
2374,00	7182,62
2375,00	7234,45
2376,00	7241,29
2377,00	7148,52
2378,00	7148,67
2379,00	7185,77
2380,00	7204,78
2381,00	7229,17
2382,00	7202,92
2383,00	7143,99
2384,00	7183,40
2385,00	7191,86
2386,00	7292,50
2387,00	7124,45
2388,00	7203,42
2389,00	7137,91
2390,00	7115,93
2391,00	7125,25
2392,00	7162,70
2393,00	7154,52
2394,00	7163,79
2395,00	7105,79
2396,00	7131,78
2397,00	7133,96
2398,00	7111,02
2399,00	7113,46
2400,00	7124,67
2401,00	7079,34
2402,00	7129,15
2403,00	7106,64
2404,00	7111,76
2405,00	7097,98
2406,00	7124,39
2407,00	7016,54
2408,00	7071,54
2409,00	7095,74
2410,00	7106,03
2411,00	7075,25
2412,00	7109,97
2413,00	7046,79
2414,00	7103,07
2415,00	7036,19
2416,00	7104,75
2417,00	7109,94
2418,00	7091,61
2419,00	7080,80
2420,00	7036,07
2421,00	7047,96
2422,00	7148,86
2423,00	7097,75
2424,00	7113,19
2425,00	7101,91
2426,00	7009,17
2427,00	6969,48
2428,00	7083,71
2429,00	7042,47
2430,00	7031,59
2431,00	7061,92
2432,00	7021,83
2433,00	7007,56
2434,00	7043,21
2435,00	7074,25
2436,00	7072,89
2437,00	7038,84
2438,00	6963,60
2439,00	7020,14
2440,00	7039,01
2441,00	7148,74
2442,00	7067,13
2443,00	7026,08
2444,00	7036,23
2445,00	7021,17
2446,00	6952,58
2447,00	6918,76
2448,00	6896,08
2449,00	6859,68
2450,00	6880,42
2451,00	6965,58
2452,00	6921,28
2453,00	6944,09
2454,00	6949,89
2455,00	6929,46
2456,00	6890,45
2457,00	6904,27
2458,00	6909,27
2459,00	6932,13
2460,00	6894,62
2461,00	6933,42
2462,00	6811,44
2463,00	6846,12
2464,00	6889,51
2465,00	6900,98
2466,00	6910,01
2467,00	6932,08
2468,00	6877,38
2469,00	6837,30
2470,00	6846,15
2471,00	6799,67
2472,00	6797,54
2473,00	6751,71
2474,00	6774,75
2475,00	6801,09
2476,00	6823,70
2477,00	6726,58
2478,00	6708,55
2479,00	6713,75
2480,00	6692,24
2481,00	6717,72
2482,00	6708,38
2483,00	6695,20
2484,00	6710,06
2485,00	6723,89
2486,00	6737,31
2487,00	6787,22
2488,00	6766,55
2489,00	6738,88
2490,00	6724,00
2491,00	6733,82
2492,00	6650,60
2493,00	6594,13
2494,00	6543,78
2495,00	6597,90
2496,00	6619,55
2497,00	6596,32
2498,00	6638,30
2499,00	6586,81
2500,00	6577,45
2501,00	6573,91
2502,00	6578,93
2503,00	6564,74
2504,00	6654,92
2505,00	6565,86
2506,00	6537,26
2507,00	6646,71
2508,00	6539,61
2509,00	6573,49
2510,00	6476,20
2511,00	6503,78
2512,00	6527,26
2513,00	6487,83
2514,00	6496,32
2515,00	6480,97
2516,00	6452,26
2517,00	6473,26
2518,00	6407,94
2519,00	6433,08
2520,00	6440,44
2521,00	6443,21
2522,00	6421,54
2523,00	6440,20
2524,00	6405,38
2525,00	6474,06
2526,00	6392,35
2527,00	6439,96
2528,00	6383,54
2529,00	6388,02
2530,00	6436,34
2531,00	6439,96
2532,00	6403,69
2533,00	6348,83
2534,00	6339,88
2535,00	6358,53
2536,00	6299,55
2537,00	6356,99
2538,00	6295,20
2539,00	6240,02
2540,00	6271,60
2541,00	6277,97
2542,00	6350,39
2543,00	6324,76
2544,00	6207,23
2545,00	6190,49
2546,00	6195,71
2547,00	6161,82
2548,00	6194,72
2549,00	6211,99
2550,00	6148,26
2551,00	6119,13
2552,00	6110,07
2553,00	6073,13
2554,00	6184,60
2555,00	6146,14
2556,00	6117,14
2557,00	6081,12
2558,00	6137,31
2559,00	6124,12
2560,00	6077,10
2561,00	6161,27
2562,00	6155,60
2563,00	6100,11
2564,00	6070,01
2565,00	6026,41
2566,00	5973,07
2567,00	5952,07
2568,00	5995,36
2569,00	5988,69
2570,00	5997,70
2571,00	6013,62
2572,00	6053,37
2573,00	6015,86
2574,00	5974,49
2575,00	5970,26
2576,00	5988,07
2577,00	5900,04
2578,00	5947,42
2579,00	5948,41
2580,00	5972,14
2581,00	5915,76
2582,00	5878,47
2583,00	5832,20
2584,00	5828,36
2585,00	5796,00
2586,00	5744,20
2587,00	5790,83
2588,00	5787,47
2589,00	5766,55
2590,00	5717,04
2591,00	5707,03
2592,00	5744,92
2593,00	5770,10
2594,00	5770,37
2595,00	5721,47
2596,00	5746,67
2597,00	5717,38
2598,00	5687,27
2599,00	5715,26
2600,00	5721,80
2601,00	5689,11
2602,00	5673,26
2603,00	5664,56
2604,00	5657,16
2605,00	5596,61
2606,00	5498,54
2607,00	5538,54
2608,00	5550,45
2609,00	5482,09
2610,00	5454,08
2611,00	5544,76
2612,00	5476,80
2613,00	5483,97
2614,00	5480,36
2615,00	5530,79
2616,00	5531,25
2617,00	5527,37
2618,00	5440,61
2619,00	5490,81
2620,00	5451,94
2621,00	5474,54
2622,00	5504,85
2623,00	5436,93
2624,00	5385,10
2625,00	5391,96
2626,00	5442,14
2627,00	5355,24
2628,00	5422,92
2629,00	5478,42
2630,00	5432,66
2631,00	5373,81
2632,00	5314,60
2633,00	5339,33
2634,00	5292,67
2635,00	5266,72
2636,00	5231,60
2637,00	5218,62
2638,00	5235,11
2639,00	5215,12
2640,00	5178,51
2641,00	5188,86
2642,00	5207,42
2643,00	5190,70
2644,00	5160,63
2645,00	5204,50
2646,00	5223,84
2647,00	5125,31
2648,00	5083,01
2649,00	5120,28
2650,00	5161,61
2651,00	5197,63
2652,00	5157,13
2653,00	5063,84
2654,00	5111,13
2655,00	5107,10
2656,00	5030,67
2657,00	5062,49
2658,00	5056,31
2659,00	5082,88
2660,00	5028,97
2661,00	5011,58
2662,00	4956,16
2663,00	4970,27
2664,00	4986,19
2665,00	4960,19
2666,00	4989,16
2667,00	5010,16
2668,00	4982,92
2669,00	4948,37
2670,00	4917,82
2671,00	4946,99
2672,00	4951,65
2673,00	4902,03
2674,00	4876,13
2675,00	4883,09
2676,00	4874,47
2677,00	4903,39
2678,00	4851,99
2679,00	4843,13
2680,00	4835,58
2681,00	4890,25
2682,00	4910,11
2683,00	4846,57
2684,00	4833,74
2685,00	4775,66
2686,00	4747,31
2687,00	4788,21
2688,00	4810,36
2689,00	4812,06
2690,00	4806,17
2691,00	4817,85
2692,00	4772,85
2693,00	4750,27
2694,00	4786,84
2695,00	4724,29
2696,00	4718,41
2697,00	4740,60
2698,00	4749,95
2699,00	4732,47
2700,00	4721,51
2701,00	4698,76
2702,00	4668,66
2703,00	4681,57
2704,00	4763,48
2705,00	4635,03
2706,00	4638,98
2707,00	4624,83
2708,00	4644,90
2709,00	4679,91
2710,00	4679,95
2711,00	4644,77
2712,00	4637,13
2713,00	4667,96
2714,00	4621,90
2715,00	4588,58
2716,00	4643,39
2717,00	4597,00
2718,00	4581,03
2719,00	4636,31
2720,00	4643,50
2721,00	4547,28
2722,00	4544,99
2723,00	4615,49
2724,00	4608,49
2725,00	4622,29
2726,00	4658,91
2727,00	4614,19
2728,00	4621,75
2729,00	4598,15
2730,00	4526,08
2731,00	4584,18
2732,00	4554,42
2733,00	4529,06
2734,00	4606,57
2735,00	4577,56
2736,00	4553,66
2737,00	4509,50
2738,00	4534,80
2739,00	4482,07
2740,00	4439,68
2741,00	4482,32
2742,00	4465,69
2743,00	4495,95
2744,00	4469,68
2745,00	4508,03
2746,00	4473,82
2747,00	4439,77
2748,00	4429,28
2749,00	4436,90
2750,00	4456,95
2751,00	4519,51
2752,00	4494,69
2753,00	4419,11
2754,00	4426,80
2755,00	4443,96
2756,00	4458,41
2757,00	4498,80
2758,00	4493,97
2759,00	4431,24
2760,00	4412,15
2761,00	4437,83
2762,00	4431,61
2763,00	4427,75
2764,00	4411,43
2765,00	4403,00
2766,00	4359,71
2767,00	4361,18
2768,00	4315,03
2769,00	4342,19
2770,00	4327,09
2771,00	4348,26
2772,00	4344,96
2773,00	4360,83
2774,00	4296,30
2775,00	4284,12
2776,00	4347,28
2777,00	4347,05
2778,00	4343,26
2779,00	4292,13
2780,00	4241,05
2781,00	4313,66
2782,00	4264,85
2783,00	4316,92
2784,00	4299,26
2785,00	4295,60
2786,00	4302,27
2787,00	4274,92
2788,00	4305,50
2789,00	4295,01
2790,00	4283,15
2791,00	4200,88
2792,00	4183,67
2793,00	4174,46
2794,00	4211,05
2795,00	4191,35
2796,00	4175,89
2797,00	4227,96
2798,00	4164,17
2799,00	4167,65
2800,00	4166,75
2801,00	4139,90
2802,00	4131,29
2803,00	4097,80
2804,00	4155,43
2805,00	4145,43
2806,00	4127,54
2807,00	4120,56
2808,00	4068,20
2809,00	4023,55
2810,00	4089,56
2811,00	4161,47
2812,00	4155,28
2813,00	4140,44
2814,00	4073,15
2815,00	4044,28
2816,00	4034,97
2817,00	4048,13
2818,00	4039,93
2819,00	4056,54
2820,00	4051,90
2821,00	4030,67
2822,00	4019,65
2823,00	3985,06
2824,00	3977,49
2825,00	3958,49
2826,00	3951,01
2827,00	3957,05
2828,00	3955,08
2829,00	3892,13
2830,00	3874,30
2831,00	3902,12
2832,00	3924,05
2833,00	3911,08
2834,00	3928,41
2835,00	3907,38
2836,00	3938,70
2837,00	3911,35
2838,00	3916,36
2839,00	3893,25
2840,00	3868,41
2841,00	3870,42
2842,00	3941,97
2843,00	3876,70
2844,00	3830,33
2845,00	3836,72
2846,00	3800,38
2847,00	3808,08
2848,00	3779,93
2849,00	3743,22
2850,00	3781,45
2851,00	3759,31
2852,00	3786,45
2853,00	3811,47
2854,00	3770,57
2855,00	3782,02
2856,00	3758,26
2857,00	3756,11
2858,00	3711,00
2859,00	3716,79
2860,00	3744,34
2861,00	3701,84
2862,00	3704,59
2863,00	3664,33
2864,00	3653,27
2865,00	3672,90
2866,00	3637,57
2867,00	3633,08
2868,00	3652,31
2869,00	3635,78
2870,00	3649,32
2871,00	3642,50
2872,00	3621,19
2873,00	3586,58
2874,00	3625,67
2875,00	3608,30
2876,00	3597,47
2877,00	3578,66
2878,00	3599,42
2879,00	3556,11
2880,00	3547,91
2881,00	3517,82
2882,00	3518,79
2883,00	3533,76
2884,00	3522,11
2885,00	3514,40
2886,00	3525,99
2887,00	3506,24
2888,00	3522,20
2889,00	3509,59
2890,00	3499,95
2891,00	3491,80
2892,00	3477,08
2893,00	3447,41
2894,00	3401,29
2895,00	3418,45
2896,00	3454,29
2897,00	3413,71
2898,00	3433,39
2899,00	3415,92
2900,00	3412,09
2901,00	3437,45
2902,00	3435,62
2903,00	3396,71
2904,00	3377,24
2905,00	3376,05
2906,00	3349,59
2907,00	3364,59
2908,00	3351,24
2909,00	3321,73
2910,00	3290,36
2911,00	3316,72
2912,00	3316,22
2913,00	3286,03
2914,00	3272,96
2915,00	3290,67
2916,00	3291,21
2917,00	3268,13
2918,00	3275,92
2919,00	3268,27
2920,00	3273,75
2921,00	3237,46
2922,00	3253,11
2923,00	3246,70
2924,00	3235,92
2925,00	3205,00
2926,00	3211,53
2927,00	3172,93
2928,00	3188,39
2929,00	3183,97
2930,00	3207,56
2931,00	3184,44
2932,00	3163,70
2933,00	3142,37
2934,00	3146,29
2935,00	3151,67
2936,00	3133,08
2937,00	3128,51
2938,00	3124,54
2939,00	3112,88
2940,00	3126,21
2941,00	3110,58
2942,00	3099,06
2943,00	3079,30
2944,00	3088,52
2945,00	3071,98
2946,00	3069,69
2947,00	3037,90
2948,00	3067,54
2949,00	3042,63
2950,00	3047,56
2951,00	3012,47
2952,00	3020,74
2953,00	3010,94
2954,00	3003,82
2955,00	3009,07
2956,00	3031,78
2957,00	2995,70
2958,00	2995,40
2959,00	2981,37
2960,00	2982,31
2961,00	2951,91
2962,00	2962,71
2963,00	2934,05
2964,00	2956,73
2965,00	2969,90
2966,00	2930,20
2967,00	2915,92
2968,00	2906,96
2969,00	2887,39
2970,00	2883,06
2971,00	2889,98
2972,00	2879,56
2973,00	2878,81
2974,00	2868,40
2975,00	2865,10
2976,00	2863,31
2977,00	2842,95
2978,00	2861,66
2979,00	2847,34
2980,00	2827,10
2981,00	2824,66
2982,00	2815,29
2983,00	2809,71
2984,00	2808,29
2985,00	2800,03
2986,00	2802,47
2987,00	2790,13
2988,00	2796,62
2989,00	2767,50
2990,00	2752,46
2991,00	2780,88
2992,00	2785,37
2993,00	2776,70
2994,00	2772,28
2995,00	2781,55
2996,00	2779,64
2997,00	2768,81
2998,00	2771,74
2999,00	2755,69
3000,00	2741,06
3001,00	2737,34
3002,00	2730,66
3003,00	2727,21
3004,00	2706,86
3005,00	2694,37
3006,00	2688,67
3007,00	2687,83
3008,00	2686,05
3009,00	2657,72
3010,00	2675,48
3011,00	2648,25
3012,00	2651,90
3013,00	2642,49
3014,00	2655,83
3015,00	2637,91
3016,00	2642,09
3017,00	2632,39
3018,00	2636,85
3019,00	2639,03
3020,00	2628,16
3021,00	2630,77
3022,00	2615,22
3023,00	2601,21
3024,00	2605,84
3025,00	2587,48
3026,00	2575,02
3027,00	2582,38
3028,00	2589,53
3029,00	2589,57
3030,00	2576,67
3031,00	2581,69
3032,00	2572,54
3033,00	2571,18
3034,00	2588,23
3035,00	2557,41
3036,00	2570,14
3037,00	2554,89
3038,00	2544,46
3039,00	2535,06
3040,00	2528,83
3041,00	2524,53
3042,00	2527,99
3043,00	2518,41
3044,00	2520,52
3045,00	2508,55
3046,00	2500,45
3047,00	2505,25
3048,00	2497,28
3049,00	2488,48
3050,00	2490,18
3051,00	2492,59
3052,00	2479,63
3053,00	2474,62
3054,00	2476,74
3055,00	2453,86
3056,00	2449,16
3057,00	2441,47
3058,00	2442,55
3059,00	2452,07
3060,00	2454,43
3061,00	2442,11
3062,00	2378,38
3063,00	2420,92
3064,00	2433,64
3065,00	2415,20
3066,00	2429,57
3067,00	2431,00
3068,00	2443,43
3069,00	2419,17
3070,00	2420,12
3071,00	2414,17
3072,00	2421,46
3073,00	2392,58
3074,00	2400,02
3075,00	2383,28
3076,00	2374,63
3077,00	2377,43
3078,00	2378,79
3079,00	2376,63
3080,00	2370,91
3081,00	2369,45
3082,00	2359,41
3083,00	2369,37
3084,00	2364,57
3085,00	2358,79
3086,00	2366,51
3087,00	2352,45
3088,00	2363,58
3089,00	2342,06
3090,00	2343,61
3091,00	2337,99
3092,00	2343,54
3093,00	2329,24
3094,00	2327,63
3095,00	2316,76
3096,00	2314,70
3097,00	2299,75
3098,00	2302,65
3099,00	2289,74
3100,00	2299,49
3101,00	2298,46
3102,00	2301,44
3103,00	2302,96
3104,00	2313,98
3105,00	2308,05
3106,00	2303,07
3107,00	2284,70
3108,00	2298,88
3109,00	2294,32
3110,00	2285,53
3111,00	2278,66
3112,00	2282,04
3113,00	2277,69
3114,00	2279,45
3115,00	2270,83
3116,00	2282,05
3117,00	2268,46
3118,00	2257,30
3119,00	2255,25
3120,00	2250,12
3121,00	2251,34
3122,00	2242,42
3123,00	2242,39
3124,00	2238,10
3125,00	2241,19
3126,00	2239,07
3127,00	2243,39
3128,00	2229,06
3129,00	2227,02
3130,00	2235,19
3131,00	2221,64
3132,00	2203,63
3133,00	2214,64
3134,00	2212,92
3135,00	2220,23
3136,00	2214,67
3137,00	2210,33
3138,00	2216,37
3139,00	2204,15
3140,00	2182,96
3141,00	2193,80
3142,00	2205,14
3143,00	2199,29
3144,00	2212,77
3145,00	2187,32
3146,00	2186,66
3147,00	2182,50
3148,00	2179,18
3149,00	2176,12
3150,00	2192,51
3151,00	2183,98
3152,00	2179,05
3153,00	2186,98
3154,00	2174,65
3155,00	2173,51
3156,00	2176,81
3157,00	2175,07
3158,00	2157,27
3159,00	2164,85
3160,00	2167,33
3161,00	2161,44
3162,00	2166,55
3163,00	2167,02
3164,00	2156,39
3165,00	2139,71
3166,00	2146,10
3167,00	2135,95
3168,00	2130,88
3169,00	2137,41
3170,00	2150,13
3171,00	2142,55
3172,00	2147,99
3173,00	2127,74
3174,00	2119,34
3175,00	2126,77
3176,00	2137,32
3177,00	2114,46
3178,00	2122,04
3179,00	2118,51
3180,00	2128,39
3181,00	2117,06
3182,00	2118,52
3183,00	2109,53
3184,00	2106,31
3185,00	2094,08
3186,00	2106,67
3187,00	2104,55
3188,00	2108,77
3189,00	2104,44
3190,00	2108,91
3191,00	2102,22
3192,00	2104,75
3193,00	2102,07
3194,00	2104,86
3195,00	2080,41
3196,00	2093,34
3197,00	2084,51
3198,00	2084,93
3199,00	2082,79
3200,00	2081,26
3201,00	2069,86
3202,00	2070,23
3203,00	2071,96
3204,00	2084,69
3205,00	2072,33
3206,00	2087,04
3207,00	2079,55
3208,00	2076,67
3209,00	2054,20
3210,00	2057,06
3211,00	2051,61
3212,00	2058,21
3213,00	2052,31
3214,00	2054,79
3215,00	2044,44
3216,00	2050,71
3217,00	2045,18
3218,00	2047,49
3219,00	2048,29
3220,00	2049,02
3221,00	2040,33
3222,00	2035,74
3223,00	2031,76
3224,00	2038,88
3225,00	2036,95
3226,00	2040,46
3227,00	2036,78
3228,00	2036,53
3229,00	2026,06
3230,00	2043,51
3231,00	2044,80
3232,00	2041,93
3233,00	2024,44
3234,00	2022,12
3235,00	2021,01
3236,00	2031,75
3237,00	2013,66
3238,00	2013,78
3239,00	1995,81
3240,00	2005,19
3241,00	1998,56
3242,00	2008,76
3243,00	2004,62
3244,00	2005,43
3245,00	1981,25
3246,00	1994,74
3247,00	2000,44
3248,00	1999,84
3249,00	1990,13
3250,00	1994,20
3251,00	1979,06
3252,00	1979,11
3253,00	1974,12
3254,00	1980,86
3255,00	1979,47
3256,00	1991,13
3257,00	1983,14
3258,00	1976,98
3259,00	1970,85
3260,00	1980,32
3261,00	1985,30
3262,00	1993,32
3263,00	1978,66
3264,00	1976,95
3265,00	1960,91
3266,00	1963,44
3267,00	1961,05
3268,00	1964,40
3269,00	1963,42
3270,00	1965,06
3271,00	1948,89
3272,00	1944,82
3273,00	1935,24
3274,00	1938,15
3275,00	1939,71
3276,00	1945,02
3277,00	1931,73
3278,00	1941,30
3279,00	1922,06
3280,00	1935,08
3281,00	1939,61
3282,00	1926,26
3283,00	1921,72
3284,00	1932,48
3285,00	1929,99
3286,00	1938,97
3287,00	1937,09
3288,00	1930,85
3289,00	1923,91
3290,00	1928,18
3291,00	1917,30
3292,00	1927,59
3293,00	1914,15
3294,00	1907,65
3295,00	1910,67
3296,00	1917,35
3297,00	1905,96
3298,00	1902,42
3299,00	1902,92
3300,00	1909,02
3301,00	1900,36
3302,00	1910,69
3303,00	1903,29
3304,00	1903,02
3305,00	1899,32
3306,00	1895,90
3307,00	1897,42
3308,00	1902,06
3309,00	1891,65
3310,00	1894,39
3311,00	1881,38
3312,00	1889,86
3313,00	1890,35
3314,00	1879,46
3315,00	1876,30
3316,00	1879,40
3317,00	1889,79
3318,00	1884,07
3319,00	1874,54
3320,00	1874,26
3321,00	1866,34
3322,00	1870,43
3323,00	1862,25
3324,00	1865,81
3325,00	1857,44
3326,00	1866,39
3327,00	1863,42
3328,00	1871,36
3329,00	1860,82
3330,00	1855,70
3331,00	1852,39
3332,00	1838,85
3333,00	1838,89
3334,00	1826,66
3335,00	1836,77
3336,00	1837,18
3337,00	1828,92
3338,00	1835,08
3339,00	1835,42
3340,00	1836,76
3341,00	1832,40
3342,00	1832,73
3343,00	1835,91
3344,00	1833,30
3345,00	1826,11
3346,00	1848,44
3347,00	1833,00
3348,00	1829,52
3349,00	1830,45
3350,00	1832,76
3351,00	1826,85
3352,00	1834,18
3353,00	1818,32
3354,00	1817,70
3355,00	1808,31
3356,00	1817,41
3357,00	1816,76
3358,00	1807,67
3359,00	1805,96
3360,00	1810,56
3361,00	1799,21
3362,00	1804,69
3363,00	1793,58
3364,00	1799,50
3365,00	1779,54
3366,00	1789,37
3367,00	1782,78
3368,00	1789,07
3369,00	1786,05
3370,00	1780,65
3371,00	1781,22
3372,00	1781,62
3373,00	1779,49
3374,00	1779,99
3375,00	1783,42
3376,00	1781,62
3377,00	1774,79
3378,00	1776,58
3379,00	1771,90
3380,00	1767,79
3381,00	1767,32
3382,00	1772,87
3383,00	1763,21
3384,00	1768,42
3385,00	1762,73
3386,00	1780,01
3387,00	1760,96
3388,00	1759,85
3389,00	1747,69
3390,00	1746,53
3391,00	1745,95
3392,00	1753,60
3393,00	1739,81
3394,00	1755,50
3395,00	1736,25
3396,00	1735,86
3397,00	1734,04
3398,00	1739,90
3399,00	1739,50
3400,00	1733,75
3401,00	1716,02
3402,00	1728,22
3403,00	1721,04
3404,00	1726,03
3405,00	1727,73
3406,00	1725,87
3407,00	1716,85
3408,00	1723,00
3409,00	1718,09
3410,00	1727,03
3411,00	1713,97
3412,00	1716,81
3413,00	1682,63
3414,00	1710,84
3415,00	1707,31
3416,00	1705,29
3417,00	1703,41
3418,00	1711,06
3419,00	1707,28
3420,00	1708,58
3421,00	1698,20
3422,00	1700,89
3423,00	1692,48
3424,00	1693,76
3425,00	1688,80
3426,00	1686,49
3427,00	1678,59
3428,00	1690,25
3429,00	1685,67
3430,00	1687,16
3431,00	1676,85
3432,00	1683,41
3433,00	1671,65
3434,00	1681,52
3435,00	1678,18
3436,00	1675,39
3437,00	1666,15
3438,00	1666,90
3439,00	1667,77
3440,00	1667,32
3441,00	1666,44
3442,00	1670,12
3443,00	1662,50
3444,00	1663,05
3445,00	1627,19
3446,00	1666,74
3447,00	1662,07
3448,00	1653,00
3449,00	1641,77
3450,00	1646,29
3451,00	1638,57
3452,00	1641,39
3453,00	1646,31
3454,00	1641,43
3455,00	1641,75
3456,00	1639,76
3457,00	1635,02
3458,00	1636,73
3459,00	1629,24
3460,00	1647,45
3461,00	1632,72
3462,00	1625,38
3463,00	1623,65
3464,00	1630,77
3465,00	1625,72
3466,00	1630,23
3467,00	1618,09
3468,00	1625,92
3469,00	1623,48
3470,00	1628,04
3471,00	1620,20
3472,00	1614,74
3473,00	1610,97
3474,00	1615,59
3475,00	1608,40
3476,00	1607,02
3477,00	1608,97
3478,00	1608,03
3479,00	1614,63
3480,00	1612,15
3481,00	1610,82
3482,00	1605,76
3483,00	1598,42
3484,00	1604,59
3485,00	1600,55
3486,00	1603,03
3487,00	1597,87
3488,00	1605,62
3489,00	1587,74
3490,00	1595,31
3491,00	1584,68
3492,00	1592,13
3493,00	1579,32
3494,00	1587,13
3495,00	1589,09
3496,00	1593,34
3497,00	1582,43
3498,00	1583,56
3499,00	1578,72
3500,00	1583,63
3501,00	1576,99
3502,00	1572,22
3503,00	1566,55
3504,00	1572,94
3505,00	1564,17
3506,00	1570,72
3507,00	1553,06
3508,00	1560,04
3509,00	1560,55
3510,00	1562,88
3511,00	1562,52
3512,00	1564,56
3513,00	1552,37
3514,00	1557,38
3515,00	1548,41
3516,00	1549,78
3517,00	1542,36
3518,00	1552,54
3519,00	1548,70
3520,00	1549,38
3521,00	1545,47
3522,00	1553,52
3523,00	1546,12
3524,00	1547,59
3525,00	1548,85
3526,00	1540,23
3527,00	1529,01
3528,00	1537,15
3529,00	1537,33
3530,00	1538,05
3531,00	1525,56
3532,00	1537,57
3533,00	1527,10
3534,00	1497,60
3535,00	1522,01
3536,00	1534,26
3537,00	1525,58
3538,00	1522,83
3539,00	1517,54
3540,00	1521,17
3541,00	1511,86
3542,00	1519,91
3543,00	1508,93
3544,00	1512,57
3545,00	1515,09
3546,00	1512,91
3547,00	1507,79
3548,00	1511,55
3549,00	1504,84
3550,00	1511,39
3551,00	1498,63
3552,00	1506,09
3553,00	1498,78
3554,00	1505,92
3555,00	1503,30
3556,00	1503,94
3557,00	1498,48
3558,00	1500,69
3559,00	1492,51
3560,00	1492,97
3561,00	1487,22
3562,00	1494,90
3563,00	1490,03
3564,00	1496,12
3565,00	1484,56
3566,00	1492,93
3567,00	1483,01
3568,00	1489,95
3569,00	1481,33
3570,00	1488,18
3571,00	1479,60
3572,00	1490,44
3573,00	1481,71
3574,00	1480,03
3575,00	1474,61
3576,00	1479,30
3577,00	1474,58
3578,00	1480,14
3579,00	1474,57
3580,00	1478,52
3581,00	1461,11
3582,00	1476,90
3583,00	1469,40
3584,00	1466,64
3585,00	1469,30
3586,00	1473,89
3587,00	1464,89
3588,00	1463,83
3589,00	1461,17
3590,00	1462,62
3591,00	1460,30
3592,00	1466,28
3593,00	1450,69
3594,00	1459,90
3595,00	1460,09
3596,00	1463,59
3597,00	1450,74
3598,00	1461,09
3599,00	1459,32
3600,00	1462,31
3601,00	1450,67
3602,00	1452,86
3603,00	1446,38
3604,00	1457,26
3605,00	1445,88
3606,00	1442,78
3607,00	1444,67
3608,00	1449,45
3609,00	1446,61
3610,00	1448,50
3611,00	1446,28
3612,00	1446,50
3613,00	1444,47
3614,00	1445,96
3615,00	1439,28
3616,00	1446,47
3617,00	1433,61
3618,00	1418,87
3619,00	1430,87
3620,00	1434,39
3621,00	1428,26
3622,00	1435,12
3623,00	1432,95
3624,00	1435,31
3625,00	1425,45
3626,00	1429,84
3627,00	1428,88
3628,00	1427,33
3629,00	1426,06
3630,00	1422,48
3631,00	1419,26
3632,00	1428,71
3633,00	1422,03
3634,00	1431,71
3635,00	1420,87
3636,00	1427,82
3637,00	1423,21
3638,00	1429,03
3639,00	1419,49
3640,00	1428,56
3641,00	1424,73
3642,00	1418,03
3643,00	1416,73
3644,00	1419,38
3645,00	1413,73
3646,00	1404,46
3647,00	1412,58
>>>>>Finisci Dati dello Spettro Elaborati<<<<<
