0.00	1299.99
1.00	1299.99
2.00	1299.99
3.00	1296.29
4.00	1297.95
5.00	1294.14
6.00	1300.35
7.00	1297.55
8.00	1308.73
9.00	1301.35
10.00	1305.09
11.00	1301.10
12.00	1305.05
13.00	1305.40
14.00	1305.61
15.00	1304.54
16.00	1305.15
17.00	1295.38
18.00	1308.84
19.00	1295.87
20.00	1304.18
21.00	1301.08
22.00	1307.61
23.00	1297.83
24.00	1306.76
25.00	1300.92
26.00	1309.89
27.00	1296.39
28.00	1301.47
29.00	1302.49
30.00	1304.35
31.00	1296.70
32.00	1301.66
33.00	1300.89
34.00	1303.54
35.00	1302.75
36.00	1308.24
37.00	1303.67
38.00	1306.55
39.00	1298.25
40.00	1308.86
41.00	1301.50
42.00	1310.54
43.00	1305.51
44.00	1304.76
45.00	1307.39
46.00	1304.22
47.00	1301.28
48.00	1311.56
49.00	1301.71
50.00	1304.28
51.00	1300.45
52.00	1311.15
53.00	1299.87
54.00	1307.20
55.00	1298.22
56.00	1308.17
57.00	1301.37
58.00	1306.40
59.00	1299.10
60.00	1310.53
61.00	1306.23
62.00	1305.83
63.00	1301.36
64.00	1306.44
65.00	1296.06
66.00	1306.24
67.00	1300.33
68.00	1307.20
69.00	1305.01
70.00	1310.31
71.00	1301.13
72.00	1311.85
73.00	1303.91
74.00	1307.53
75.00	1302.12
76.00	1311.54
77.00	1300.90
78.00	1310.71
79.00	1301.90
80.00	1313.00
81.00	1299.76
82.00	1313.20
83.00	1301.88
84.00	1306.91
85.00	1301.43
86.00	1310.92
87.00	1297.70
88.00	1305.70
89.00	1298.08
90.00	1305.15
91.00	1302.69
92.00	1308.13
93.00	1306.67
94.00	1307.60
95.00	1298.81
96.00	1306.37
97.00	1299.24
98.00	1312.96
99.00	1303.84
100.00	1306.94
101.00	1301.26
102.00	1309.61
103.00	1300.54
104.00	1306.81
105.00	1302.21
106.00	1311.25
107.00	1302.68
108.00	1309.12
109.00	1304.62
110.00	1307.87
111.00	1305.38
112.00	1311.78
113.00	1301.44
114.00	1303.46
115.00	1302.17
116.00	1303.80
117.00	1298.75
118.00	1311.92
119.00	1300.45
120.00	1305.13
121.00	1300.16
122.00	1305.20
123.00	1304.72
124.00	1306.04
125.00	1298.28
126.00	1305.28
127.00	1302.05
128.00	1306.36
129.00	1301.61
130.00	1304.02
131.00	1302.25
132.00	1303.53
133.00	1300.77
134.00	1307.83
135.00	1298.51
136.00	1307.40
137.00	1298.48
138.00	1304.43
139.00	1306.58
140.00	1310.35
141.00	1306.23
142.00	1304.53
143.00	1301.30
144.00	1307.46
145.00	1300.74
146.00	1304.62
147.00	1302.38
148.00	1303.40
149.00	1306.06
150.00	1305.80
151.00	1306.93
152.00	1312.13
153.00	1305.67
154.00	1309.44
155.00	1300.97
156.00	1307.91
157.00	1304.25
158.00	1305.06
159.00	1303.08
160.00	1302.30
161.00	1300.98
162.00	1308.88
163.00	1302.92
164.00	1304.78
165.00	1306.24
166.00	1308.41
167.00	1303.37
168.00	1306.51
169.00	1303.83
170.00	1305.22
171.00	1304.99
172.00	1304.07
173.00	1304.45
174.00	1306.46
175.00	1303.30
176.00	1310.28
177.00	1303.57
178.00	1308.25
179.00	1305.85
180.00	1308.39
181.00	1307.20
182.00	1308.49
183.00	1304.64
184.00	1308.09
185.00	1305.00
186.00	1307.85
187.00	1304.09
188.00	1307.77
189.00	1301.57
190.00	1307.54
191.00	1306.29
192.00	1308.52
193.00	1301.28
194.00	1315.24
195.00	1302.58
196.00	1309.37
197.00	1302.34
198.00	1310.81
199.00	1304.48
200.00	1307.18
201.00	1302.77
202.00	1306.15
203.00	1305.82
204.00	1310.55
205.00	1307.08
206.00	1304.99
207.00	1303.67
208.00	1305.69
209.00	1303.87
210.00	1306.50
211.00	1301.07
212.00	1307.42
213.00	1297.80
214.00	1308.65
215.00	1303.61
216.00	1310.07
217.00	1306.63
218.00	1310.54
219.00	1304.48
220.00	1309.26
221.00	1296.17
222.00	1306.62
223.00	1302.24
224.00	1302.30
225.00	1302.02
226.00	1308.50
227.00	1304.20
228.00	1309.37
229.00	1300.87
230.00	1308.00
231.00	1302.04
232.00	1305.51
233.00	1303.17
234.00	1305.05
235.00	1300.61
236.00	1311.69
237.00	1304.83
238.00	1310.66
239.00	1302.27
240.00	1304.56
241.00	1303.68
242.00	1309.56
243.00	1301.22
244.00	1306.13
245.00	1304.07
246.00	1309.57
247.00	1303.01
248.00	1304.99
249.00	1297.53
250.00	1307.24
251.00	1300.19
252.00	1310.04
253.00	1306.71
254.00	1310.75
255.00	1303.88
256.00	1306.25
257.00	1304.31
258.00	1306.03
259.00	1304.02
260.00	1306.09
261.00	1305.17
262.00	1306.13
263.00	1304.74
264.00	1303.62
265.00	1307.98
266.00	1307.71
267.00	1302.08
268.00	1313.94
269.00	1301.73
270.00	1306.24
271.00	1303.74
272.00	1306.17
273.00	1298.73
274.00	1310.09
275.00	1302.54
276.00	1302.25
277.00	1307.53
278.00	1310.22
279.00	1307.67
280.00	1311.74
281.00	1302.49
282.00	1310.48
283.00	1303.39
284.00	1311.08
285.00	1297.42
286.00	1311.61
287.00	1302.33
288.00	1309.14
289.00	1301.74
290.00	1308.13
291.00	1310.11
292.00	1308.21
293.00	1304.14
294.00	1312.57
295.00	1306.36
296.00	1312.22
297.00	1305.62
298.00	1307.81
299.00	1298.02
300.00	1313.32
301.00	1305.09
302.00	1312.01
303.00	1302.70
304.00	1309.45
305.00	1301.98
306.00	1311.72
307.00	1301.85
308.00	1310.87
309.00	1303.11
310.00	1310.20
311.00	1306.04
312.00	1305.63
313.00	1298.00
314.00	1307.49
315.00	1304.42
316.00	1304.91
317.00	1300.53
318.00	1306.82
319.00	1304.54
320.00	1308.83
321.00	1306.50
322.00	1304.70
323.00	1302.87
324.00	1309.11
325.00	1303.25
326.00	1306.87
327.00	1303.65
328.00	1306.12
329.00	1304.32
330.00	1309.90
331.00	1308.71
332.00	1305.28
333.00	1303.57
334.00	1307.82
335.00	1301.07
336.00	1306.60
337.00	1306.31
338.00	1308.21
339.00	1299.18
340.00	1305.48
341.00	1299.24
342.00	1304.63
343.00	1296.24
344.00	1309.11
345.00	1302.98
346.00	1308.43
347.00	1304.35
348.00	1302.76
349.00	1310.85
350.00	1307.32
351.00	1305.84
352.00	1308.84
353.00	1307.98
354.00	1313.91
355.00	1306.51
356.00	1311.01
357.00	1306.89
358.00	1310.27
359.00	1300.17
360.00	1307.04
361.00	1301.32
362.00	1304.63
363.00	1301.20
364.00	1310.03
365.00	1306.76
366.00	1309.17
367.00	1304.70
368.00	1313.17
369.00	1303.54
370.00	1311.12
371.00	1307.32
372.00	1305.03
373.00	1306.01
374.00	1307.10
375.00	1308.60
376.00	1305.69
377.00	1301.76
378.00	1310.43
379.00	1302.70
380.00	1311.85
381.00	1304.45
382.00	1310.54
383.00	1309.11
384.00	1314.26
385.00	1304.56
386.00	1313.10
387.00	1302.28
388.00	1308.31
389.00	1306.57
390.00	1306.79
391.00	1305.09
392.00	1306.29
393.00	1305.92
394.00	1306.16
395.00	1300.69
396.00	1312.02
397.00	1309.06
398.00	1308.83
399.00	1309.79
400.00	1316.45
401.00	1307.59
402.00	1310.46
403.00	1304.67
404.00	1307.58
405.00	1301.36
406.00	1308.22
407.00	1304.25
408.00	1311.52
409.00	1302.13
410.00	1310.76
411.00	1302.02
412.00	1308.07
413.00	1304.97
414.00	1307.96
415.00	1304.61
416.00	1306.76
417.00	1302.08
418.00	1311.70
419.00	1301.36
420.00	1310.36
421.00	1305.21
422.00	1306.52
423.00	1301.34
424.00	1309.16
425.00	1303.44
426.00	1311.30
427.00	1302.62
428.00	1313.91
429.00	1305.08
430.00	1309.92
431.00	1302.72
432.00	1309.01
433.00	1303.15
434.00	1307.81
435.00	1306.55
436.00	1308.76
437.00	1305.48
438.00	1306.85
439.00	1301.26
440.00	1309.17
441.00	1305.87
442.00	1306.97
443.00	1304.88
444.00	1313.26
445.00	1306.82
446.00	1302.91
447.00	1301.30
448.00	1304.83
449.00	1302.65
450.00	1311.05
451.00	1308.84
452.00	1315.09
453.00	1303.30
454.00	1308.03
455.00	1305.70
456.00	1312.14
457.00	1308.89
458.00	1312.94
459.00	1305.73
460.00	1308.37
461.00	1301.42
462.00	1310.28
463.00	1303.38
464.00	1314.26
465.00	1304.58
466.00	1309.74
467.00	1308.75
468.00	1311.40
469.00	1306.46
470.00	1304.28
471.00	1308.26
472.00	1308.30
473.00	1303.96
474.00	1308.26
475.00	1304.14
476.00	1308.45
477.00	1301.35
478.00	1311.29
479.00	1305.95
480.00	1305.95
481.00	1304.20
482.00	1303.00
483.00	1301.50
484.00	1310.44
485.00	1303.98
486.00	1304.83
487.00	1304.89
488.00	1311.27
489.00	1303.08
490.00	1305.52
491.00	1299.77
492.00	1313.61
493.00	1303.90
494.00	1308.42
495.00	1305.21
496.00	1308.91
497.00	1308.11
498.00	1310.68
499.00	1306.77
500.00	1311.75
501.00	1303.91
502.00	1308.39
503.00	1307.46
504.00	1310.80
505.00	1299.50
506.00	1312.64
507.00	1299.71
508.00	1312.21
509.00	1307.35
510.00	1308.38
511.00	1302.87
512.00	1307.98
513.00	1301.35
514.00	1306.01
515.00	1300.22
516.00	1309.87
517.00	1300.54
518.00	1310.16
519.00	1303.95
520.00	1313.71
521.00	1302.81
522.00	1310.22
523.00	1300.07
524.00	1308.07
525.00	1301.76
526.00	1311.38
527.00	1303.31
528.00	1309.52
529.00	1303.11
530.00	1304.92
531.00	1303.58
532.00	1312.10
533.00	1306.34
534.00	1311.57
535.00	1309.67
536.00	1309.08
537.00	1300.95
538.00	1309.40
539.00	1308.36
540.00	1308.60
541.00	1310.72
542.00	1313.23
543.00	1305.34
544.00	1309.88
545.00	1305.90
546.00	1310.18
547.00	1303.77
548.00	1312.39
549.00	1307.01
550.00	1307.70
551.00	1304.83
552.00	1307.18
553.00	1303.28
554.00	1307.68
555.00	1307.37
556.00	1311.99
557.00	1304.92
558.00	1311.06
559.00	1301.06
560.00	1308.41
561.00	1302.86
562.00	1311.20
563.00	1308.44
564.00	1307.78
565.00	1304.91
566.00	1310.20
567.00	1301.40
568.00	1309.87
569.00	1307.30
570.00	1307.24
571.00	1305.69
572.00	1307.37
573.00	1300.95
574.00	1311.53
575.00	1303.70
576.00	1310.87
577.00	1309.80
578.00	1312.77
579.00	1305.70
580.00	1309.86
581.00	1303.32
582.00	1310.85
583.00	1300.14
584.00	1309.00
585.00	1309.48
586.00	1311.36
587.00	1309.09
588.00	1308.71
589.00	1308.32
590.00	1311.08
591.00	1305.35
592.00	1312.23
593.00	1307.78
594.00	1312.65
595.00	1305.92
596.00	1309.17
597.00	1303.89
598.00	1311.70
599.00	1304.30
600.00	1308.72
601.00	1308.10
602.00	1307.83
603.00	1310.89
604.00	1313.97
605.00	1304.20
606.00	1308.42
607.00	1305.68
608.00	1310.52
609.00	1304.22
610.00	1309.33
611.00	1304.37
612.00	1309.68
613.00	1308.07
614.00	1308.88
615.00	1306.45
616.00	1310.51
617.00	1302.48
618.00	1311.89
619.00	1306.27
620.00	1303.91
621.00	1307.09
622.00	1313.17
623.00	1307.59
624.00	1309.41
625.00	1303.45
626.00	1311.06
627.00	1306.04
628.00	1313.79
629.00	1303.91
630.00	1307.75
631.00	1302.06
632.00	1309.11
633.00	1310.11
634.00	1308.16
635.00	1308.26
636.00	1310.13
637.00	1302.43
638.00	1307.80
639.00	1306.34
640.00	1310.18
641.00	1302.95
642.00	1309.11
643.00	1306.60
644.00	1313.54
645.00	1301.32
646.00	1311.88
647.00	1310.82
648.00	1309.05
649.00	1306.68
650.00	1311.74
651.00	1304.99
652.00	1310.95
653.00	1304.85
654.00	1310.18
655.00	1304.34
656.00	1311.80
657.00	1306.06
658.00	1304.86
659.00	1312.41
660.00	1306.77
661.00	1305.29
662.00	1311.95
663.00	1308.44
664.00	1313.70
665.00	1305.01
666.00	1317.28
667.00	1310.51
668.00	1306.83
669.00	1309.14
670.00	1309.20
671.00	1311.22
672.00	1311.55
673.00	1304.65
674.00	1307.66
675.00	1310.16
676.00	1310.83
677.00	1313.73
678.00	1312.43
679.00	1307.51
680.00	1314.63
681.00	1306.80
682.00	1312.37
683.00	1310.45
684.00	1317.91
685.00	1308.12
686.00	1314.51
687.00	1310.08
688.00	1313.04
689.00	1305.97
690.00	1312.93
691.00	1309.77
692.00	1313.83
693.00	1307.01
694.00	1314.67
695.00	1308.67
696.00	1312.13
697.00	1312.15
698.00	1313.80
699.00	1308.03
700.00	1316.16
701.00	1307.00
702.00	1315.98
703.00	1313.21
704.00	1311.99
705.00	1308.71
706.00	1311.46
707.00	1312.12
708.00	1313.12
709.00	1309.97
710.00	1314.56
711.00	1308.27
712.00	1310.14
713.00	1309.83
714.00	1313.72
715.00	1312.01
716.00	1319.06
717.00	1308.66
718.00	1311.45
719.00	1306.92
720.00	1311.37
721.00	1308.29
722.00	1306.48
723.00	1310.40
724.00	1310.92
725.00	1307.00
726.00	1313.24
727.00	1308.86
728.00	1311.79
729.00	1306.51
730.00	1313.66
731.00	1312.21
732.00	1316.01
733.00	1310.45
734.00	1316.69
735.00	1310.02
736.00	1313.75
737.00	1307.66
738.00	1316.21
739.00	1307.45
740.00	1313.81
741.00	1308.97
742.00	1314.60
743.00	1313.61
744.00	1317.87
745.00	1312.36
746.00	1313.58
747.00	1307.46
748.00	1312.02
749.00	1308.90
750.00	1315.44
751.00	1310.77
752.00	1310.94
753.00	1314.47
754.00	1312.55
755.00	1308.18
756.00	1309.06
757.00	1313.03
758.00	1315.63
759.00	1310.07
760.00	1310.87
761.00	1310.55
762.00	1315.63
763.00	1311.49
764.00	1310.71
765.00	1306.71
766.00	1313.43
767.00	1311.97
768.00	1313.86
769.00	1305.69
770.00	1320.82
771.00	1309.84
772.00	1314.09
773.00	1309.13
774.00	1312.68
775.00	1310.44
776.00	1316.34
777.00	1313.76
778.00	1313.22
779.00	1307.14
780.00	1312.99
781.00	1311.69
782.00	1318.57
783.00	1310.10
784.00	1318.50
785.00	1312.63
786.00	1311.90
787.00	1307.22
788.00	1318.67
789.00	1307.23
790.00	1313.80
791.00	1310.87
792.00	1316.50
793.00	1308.87
794.00	1314.98
795.00	1309.68
796.00	1315.39
797.00	1309.17
798.00	1317.66
799.00	1312.25
800.00	1314.42
801.00	1311.51
802.00	1312.03
803.00	1310.01
804.00	1318.45
805.00	1314.83
806.00	1321.29
807.00	1312.15
808.00	1316.93
809.00	1312.40
810.00	1313.71
811.00	1314.54
812.00	1317.89
813.00	1311.13
814.00	1316.65
815.00	1309.09
816.00	1314.84
817.00	1314.87
818.00	1314.31
819.00	1312.49
820.00	1314.86
821.00	1308.39
822.00	1312.30
823.00	1307.34
824.00	1319.43
825.00	1305.97
826.00	1315.45
827.00	1312.17
828.00	1314.55
829.00	1310.94
830.00	1321.18
831.00	1319.07
832.00	1322.03
833.00	1309.97
834.00	1316.56
835.00	1307.14
836.00	1318.90
837.00	1308.10
838.00	1318.04
839.00	1310.09
840.00	1317.89
841.00	1311.07
842.00	1317.58
843.00	1310.81
844.00	1315.06
845.00	1311.73
846.00	1315.99
847.00	1308.27
848.00	1319.01
849.00	1308.46
850.00	1316.45
851.00	1315.45
852.00	1313.68
853.00	1316.53
854.00	1315.64
855.00	1311.17
856.00	1315.23
857.00	1310.69
858.00	1319.33
859.00	1312.75
860.00	1319.73
861.00	1310.47
862.00	1319.78
863.00	1314.07
864.00	1317.83
865.00	1311.43
866.00	1311.84
867.00	1310.79
868.00	1315.62
869.00	1309.88
870.00	1316.45
871.00	1313.62
872.00	1312.51
873.00	1312.99
874.00	1309.17
875.00	1313.89
876.00	1317.37
877.00	1310.72
878.00	1316.17
879.00	1313.41
880.00	1315.15
881.00	1313.62
882.00	1315.28
883.00	1316.49
884.00	1315.63
885.00	1311.60
886.00	1318.37
887.00	1309.14
888.00	1311.81
889.00	1312.85
890.00	1315.24
891.00	1314.47
892.00	1318.41
893.00	1313.03
894.00	1318.29
895.00	1316.15
896.00	1315.44
897.00	1311.04
898.00	1318.65
899.00	1315.71
900.00	1317.61
901.00	1313.53
902.00	1318.69
903.00	1313.20
904.00	1320.66
905.00	1310.89
906.00	1314.75
907.00	1311.52
908.00	1319.68
909.00	1313.73
910.00	1313.22
911.00	1312.78
912.00	1319.41
913.00	1315.03
914.00	1317.09
915.00	1305.50
916.00	1323.13
917.00	1310.05
918.00	1315.64
919.00	1320.12
920.00	1320.22
921.00	1312.49
922.00	1315.37
923.00	1310.66
924.00	1316.03
925.00	1310.77
926.00	1312.09
927.00	1312.78
928.00	1316.67
929.00	1313.78
930.00	1316.19
931.00	1314.40
932.00	1315.11
933.00	1315.84
934.00	1317.17
935.00	1309.62
936.00	1315.15
937.00	1314.12
938.00	1316.72
939.00	1315.89
940.00	1319.35
941.00	1315.74
942.00	1318.07
943.00	1313.34
944.00	1315.43
945.00	1314.54
946.00	1316.65
947.00	1309.42
948.00	1317.63
949.00	1312.72
950.00	1317.68
951.00	1308.45
952.00	1317.41
953.00	1314.72
954.00	1314.60
955.00	1308.09
956.00	1315.76
957.00	1313.20
958.00	1320.55
959.00	1309.76
960.00	1320.24
961.00	1315.62
962.00	1318.64
963.00	1317.75
964.00	1318.85
965.00	1311.61
966.00	1321.99
967.00	1313.73
968.00	1318.04
969.00	1319.02
970.00	1313.38
971.00	1307.28
972.00	1319.89
973.00	1314.53
974.00	1320.23
975.00	1314.64
976.00	1319.07
977.00	1314.55
978.00	1319.91
979.00	1314.90
980.00	1316.87
981.00	1312.26
982.00	1320.69
983.00	1318.35
984.00	1318.38
985.00	1311.75
986.00	1322.45
987.00	1309.12
988.00	1314.59
989.00	1312.78
990.00	1316.52
991.00	1310.41
992.00	1312.07
993.00	1314.91
994.00	1318.33
995.00	1314.26
996.00	1318.16
997.00	1310.19
998.00	1318.32
999.00	1309.16
1000.00	1320.17
1001.00	1308.05
1002.00	1316.26
1003.00	1318.11
1004.00	1315.46
1005.00	1309.54
1006.00	1313.40
1007.00	1316.69
1008.00	1320.17
1009.00	1315.62
1010.00	1320.63
1011.00	1318.12
1012.00	1320.99
1013.00	1310.84
1014.00	1320.83
1015.00	1313.95
1016.00	1314.81
1017.00	1314.38
1018.00	1315.91
1019.00	1316.35
1020.00	1318.28
1021.00	1311.43
1022.00	1316.51
1023.00	1315.45
1024.00	1318.73
1025.00	1311.32
1026.00	1319.90
1027.00	1318.54
1028.00	1319.66
1029.00	1310.43
1030.00	1313.52
1031.00	1314.05
1032.00	1317.40
1033.00	1312.45
1034.00	1318.61
1035.00	1312.05
1036.00	1319.04
1037.00	1313.36
1038.00	1319.78
1039.00	1318.50
1040.00	1315.66
1041.00	1314.12
1042.00	1323.03
1043.00	1318.81
1044.00	1317.61
1045.00	1308.54
1046.00	1320.21
1047.00	1321.83
1048.00	1322.70
1049.00	1311.65
1050.00	1316.70
1051.00	1315.26
1052.00	1314.17
1053.00	1313.19
1054.00	1322.79
1055.00	1312.57
1056.00	1315.20
1057.00	1315.58
1058.00	1312.07
1059.00	1314.89
1060.00	1318.76
1061.00	1311.83
1062.00	1315.15
1063.00	1308.97
1064.00	1323.24
1065.00	1315.04
1066.00	1321.41
1067.00	1308.56
1068.00	1317.64
1069.00	1311.83
1070.00	1318.81
1071.00	1317.19
1072.00	1320.39
1073.00	1311.95
1074.00	1320.60
1075.00	1315.16
1076.00	1315.07
1077.00	1315.79
1078.00	1319.78
1079.00	1319.14
1080.00	1318.54
1081.00	1316.68
1082.00	1316.59
1083.00	1315.07
1084.00	1324.50
1085.00	1317.77
1086.00	1314.85
1087.00	1314.06
1088.00	1321.27
1089.00	1313.80
1090.00	1317.02
1091.00	1318.62
1092.00	1320.00
1093.00	1318.12
1094.00	1319.68
1095.00	1318.83
1096.00	1318.02
1097.00	1313.79
1098.00	1319.90
1099.00	1314.47
1100.00	1324.39
1101.00	1316.73
1102.00	1316.18
1103.00	1317.67
1104.00	1317.57
1105.00	1309.39
1106.00	1316.43
1107.00	1312.83
1108.00	1321.42
1109.00	1313.23
1110.00	1319.33
1111.00	1313.26
1112.00	1311.67
1113.00	1313.14
1114.00	1317.70
1115.00	1315.51
1116.00	1318.96
1117.00	1310.61
1118.00	1316.45
1119.00	1313.30
1120.00	1317.81
1121.00	1314.62
1122.00	1320.91
1123.00	1314.63
1124.00	1320.23
1125.00	1313.22
1126.00	1321.72
1127.00	1316.12
1128.00	1320.30
1129.00	1314.22
1130.00	1317.37
1131.00	1309.73
1132.00	1317.36
1133.00	1309.18
1134.00	1322.19
1135.00	1311.60
1136.00	1319.11
1137.00	1319.91
1138.00	1316.63
1139.00	1315.68
1140.00	1317.20
1141.00	1316.35
1142.00	1318.20
1143.00	1316.63
1144.00	1314.83
1145.00	1309.51
1146.00	1320.92
1147.00	1310.28
1148.00	1325.45
1149.00	1317.18
1150.00	1318.83
1151.00	1311.14
1152.00	1322.51
1153.00	1312.30
1154.00	1313.75
1155.00	1313.04
1156.00	1319.99
1157.00	1319.65
1158.00	1316.25
1159.00	1313.31
1160.00	1320.10
1161.00	1316.71
1162.00	1316.52
1163.00	1315.62
1164.00	1317.72
1165.00	1318.37
1166.00	1316.69
1167.00	1313.30
1168.00	1318.76
1169.00	1312.30
1170.00	1320.64
1171.00	1316.74
1172.00	1321.62
1173.00	1317.80
1174.00	1316.19
1175.00	1312.74
1176.00	1323.11
1177.00	1311.03
1178.00	1319.47
1179.00	1314.61
1180.00	1324.21
1181.00	1310.79
1182.00	1309.60
1183.00	1313.17
1184.00	1320.07
1185.00	1321.01
1186.00	1318.91
1187.00	1313.19
1188.00	1318.50
1189.00	1310.78
1190.00	1316.80
1191.00	1315.50
1192.00	1322.19
1193.00	1312.54
1194.00	1318.19
1195.00	1314.82
1196.00	1317.35
1197.00	1319.39
1198.00	1318.08
1199.00	1313.49
1200.00	1318.68
1201.00	1314.66
1202.00	1322.41
1203.00	1314.14
1204.00	1323.55
1205.00	1315.72
1206.00	1322.83
1207.00	1319.97
1208.00	1324.01
1209.00	1315.71
1210.00	1321.25
1211.00	1318.12
1212.00	1322.29
1213.00	1314.47
1214.00	1321.15
1215.00	1313.11
1216.00	1320.26
1217.00	1315.13
1218.00	1322.59
1219.00	1312.78
1220.00	1315.38
1221.00	1314.95
1222.00	1321.04
1223.00	1317.76
1224.00	1318.73
1225.00	1315.62
1226.00	1317.87
1227.00	1310.56
1228.00	1319.31
1229.00	1317.53
1230.00	1318.68
1231.00	1316.61
1232.00	1323.06
1233.00	1312.54
1234.00	1321.35
1235.00	1314.43
1236.00	1315.86
1237.00	1314.62
1238.00	1314.55
1239.00	1316.55
1240.00	1317.84
1241.00	1315.51
1242.00	1320.96
1243.00	1319.02
1244.00	1312.91
1245.00	1314.77
1246.00	1317.79
1247.00	1314.99
1248.00	1323.07
1249.00	1312.45
1250.00	1317.11
1251.00	1312.43
1252.00	1318.06
1253.00	1315.59
1254.00	1318.65
1255.00	1319.38
1256.00	1322.21
1257.00	1317.68
1258.00	1319.34
1259.00	1319.58
1260.00	1317.25
1261.00	1315.08
1262.00	1321.11
1263.00	1318.91
1264.00	1325.15
1265.00	1317.97
1266.00	1320.35
1267.00	1317.15
1268.00	1318.36
1269.00	1316.35
1270.00	1323.67
1271.00	1319.23
1272.00	1323.16
1273.00	1313.91
1274.00	1315.93
1275.00	1313.99
1276.00	1321.90
1277.00	1314.01
1278.00	1319.66
1279.00	1313.87
1280.00	1324.46
1281.00	1315.63
1282.00	1317.10
1283.00	1316.06
1284.00	1322.56
1285.00	1315.22
1286.00	1320.06
1287.00	1313.45
1288.00	1323.33
1289.00	1314.02
1290.00	1326.61
1291.00	1312.68
1292.00	1321.60
1293.00	1313.42
1294.00	1319.56
1295.00	1316.10
1296.00	1318.86
1297.00	1313.82
1298.00	1322.31
1299.00	1312.13
1300.00	1319.94
1301.00	1313.80
1302.00	1321.05
1303.00	1314.17
1304.00	1316.99
1305.00	1313.06
1306.00	1318.47
1307.00	1312.99
1308.00	1320.21
1309.00	1317.66
1310.00	1317.48
1311.00	1314.13
1312.00	1318.97
1313.00	1318.47
1314.00	1314.77
1315.00	1318.49
1316.00	1323.36
1317.00	1320.61
1318.00	1317.67
1319.00	1316.98
1320.00	1320.59
1321.00	1314.95
1322.00	1322.92
1323.00	1314.05
1324.00	1322.14
1325.00	1316.81
1326.00	1317.99
1327.00	1315.64
1328.00	1324.46
1329.00	1314.10
1330.00	1324.04
1331.00	1312.58
1332.00	1319.38
1333.00	1317.59
1334.00	1322.68
1335.00	1313.66
1336.00	1318.75
1337.00	1310.31
1338.00	1319.79
1339.00	1317.12
1340.00	1318.70
1341.00	1317.52
1342.00	1322.71
1343.00	1311.48
1344.00	1321.13
1345.00	1314.51
1346.00	1319.08
1347.00	1311.66
1348.00	1321.03
1349.00	1316.10
1350.00	1316.07
1351.00	1313.55
1352.00	1317.16
1353.00	1315.63
1354.00	1327.84
1355.00	1315.11
1356.00	1318.62
1357.00	1317.82
1358.00	1321.10
1359.00	1313.12
1360.00	1319.09
1361.00	1311.72
1362.00	1320.56
1363.00	1315.74
1364.00	1322.09
1365.00	1317.94
1366.00	1315.16
1367.00	1315.86
1368.00	1323.37
1369.00	1317.95
1370.00	1323.96
1371.00	1310.20
1372.00	1320.63
1373.00	1314.40
1374.00	1322.86
1375.00	1317.08
1376.00	1323.08
1377.00	1311.11
1378.00	1320.47
1379.00	1313.02
1380.00	1323.47
1381.00	1316.36
1382.00	1316.69
1383.00	1314.66
1384.00	1313.43
1385.00	1313.13
1386.00	1316.56
1387.00	1316.13
1388.00	1317.19
1389.00	1311.15
1390.00	1319.59
1391.00	1313.11
1392.00	1321.98
1393.00	1312.70
1394.00	1318.81
1395.00	1316.51
1396.00	1324.03
1397.00	1318.58
1398.00	1320.35
1399.00	1314.62
1400.00	1317.22
1401.00	1320.26
1402.00	1320.00
1403.00	1318.06
1404.00	1323.39
1405.00	1316.60
1406.00	1316.25
1407.00	1311.36
1408.00	1316.68
1409.00	1319.10
1410.00	1316.22
1411.00	1312.68
1412.00	1323.36
1413.00	1312.11
1414.00	1319.77
1415.00	1313.38
1416.00	1319.00
1417.00	1314.43
1418.00	1313.91
1419.00	1318.57
1420.00	1318.06
1421.00	1316.64
1422.00	1322.59
1423.00	1313.43
1424.00	1319.36
1425.00	1312.00
1426.00	1322.08
1427.00	1316.62
1428.00	1313.93
1429.00	1309.99
1430.00	1315.26
1431.00	1317.80
1432.00	1316.71
1433.00	1313.36
1434.00	1321.30
1435.00	1314.70
1436.00	1316.11
1437.00	1314.29
1438.00	1321.94
1439.00	1321.26
1440.00	1316.34
1441.00	1314.19
1442.00	1322.82
1443.00	1313.47
1444.00	1322.05
1445.00	1314.89
1446.00	1317.82
1447.00	1313.10
1448.00	1320.15
1449.00	1312.87
1450.00	1319.95
1451.00	1317.97
1452.00	1320.83
1453.00	1311.80
1454.00	1320.10
1455.00	1313.38
1456.00	1314.17
1457.00	1314.99
1458.00	1318.03
1459.00	1312.16
1460.00	1320.12
1461.00	1309.82
1462.00	1320.97
1463.00	1315.83
1464.00	1314.52
1465.00	1314.02
1466.00	1316.75
1467.00	1315.80
1468.00	1316.60
1469.00	1312.61
1470.00	1313.39
1471.00	1317.14
1472.00	1319.56
1473.00	1311.05
1474.00	1316.50
1475.00	1314.44
1476.00	1318.07
1477.00	1311.95
1478.00	1318.76
1479.00	1315.07
1480.00	1316.37
1481.00	1313.18
1482.00	1315.11
1483.00	1310.59
1484.00	1321.00
1485.00	1311.40
1486.00	1320.16
1487.00	1313.49
1488.00	1319.60
1489.00	1311.16
1490.00	1312.63
1491.00	1315.23
1492.00	1321.21
1493.00	1314.68
1494.00	1319.74
1495.00	1315.80
1496.00	1321.02
1497.00	1313.02
1498.00	1318.59
1499.00	1318.54
1500.00	1318.97
1501.00	1312.96
1502.00	1314.66
1503.00	1311.31
1504.00	1319.42
1505.00	1309.16
1506.00	1316.11
1507.00	1312.51
1508.00	1317.04
1509.00	1310.78
1510.00	1320.18
1511.00	1316.88
1512.00	1318.15
1513.00	1313.35
1514.00	1320.88
1515.00	1312.47
1516.00	1316.70
1517.00	1312.98
1518.00	1315.85
1519.00	1313.41
1520.00	1321.31
1521.00	1309.56
1522.00	1322.46
1523.00	1309.75
1524.00	1320.79
1525.00	1313.81
1526.00	1317.94
1527.00	1315.96
1528.00	1325.38
1529.00	1312.81
1530.00	1314.72
1531.00	1312.96
1532.00	1318.13
1533.00	1306.90
1534.00	1316.75
1535.00	1312.96
1536.00	1321.97
1537.00	1313.02
1538.00	1318.86
1539.00	1308.82
1540.00	1315.02
1541.00	1309.66
1542.00	1315.73
1543.00	1315.20
1544.00	1318.83
1545.00	1312.75
1546.00	1314.59
1547.00	1311.40
1548.00	1311.97
1549.00	1315.73
1550.00	1317.85
1551.00	1312.43
1552.00	1313.04
1553.00	1312.66
1554.00	1318.93
1555.00	1312.66
1556.00	1318.83
1557.00	1309.46
1558.00	1321.99
1559.00	1312.51
1560.00	1315.62
1561.00	1317.56
1562.00	1318.44
1563.00	1314.64
1564.00	1316.64
1565.00	1309.98
1566.00	1314.95
1567.00	1313.93
1568.00	1317.85
1569.00	1309.99
1570.00	1317.96
1571.00	1308.33
1572.00	1321.93
1573.00	1314.68
1574.00	1318.34
1575.00	1307.88
1576.00	1315.25
1577.00	1313.09
1578.00	1310.75
1579.00	1312.47
1580.00	1318.70
1581.00	1315.64
1582.00	1310.32
1583.00	1307.24
1584.00	1318.43
1585.00	1314.73
1586.00	1315.94
1587.00	1307.22
1588.00	1315.16
1589.00	1309.91
1590.00	1316.20
1591.00	1312.01
1592.00	1318.16
1593.00	1305.53
1594.00	1315.86
1595.00	1314.60
1596.00	1317.61
1597.00	1310.37
1598.00	1320.46
1599.00	1318.22
1600.00	1317.89
1601.00	1314.81
1602.00	1311.62
1603.00	1312.34
1604.00	1317.91
1605.00	1310.69
1606.00	1318.12
1607.00	1312.88
1608.00	1318.55
1609.00	1309.72
1610.00	1315.59
1611.00	1313.53
1612.00	1317.34
1613.00	1324.74
1614.00	1317.57
1615.00	1309.10
1616.00	1316.45
1617.00	1317.35
1618.00	1310.86
1619.00	1310.92
1620.00	1313.21
1621.00	1316.17
1622.00	1315.30
1623.00	1306.85
1624.00	1316.02
1625.00	1311.94
1626.00	1317.36
1627.00	1315.75
1628.00	1317.75
1629.00	1309.01
1630.00	1322.34
1631.00	1313.29
1632.00	1317.30
1633.00	1310.30
1634.00	1316.78
1635.00	1310.66
1636.00	1321.88
1637.00	1315.27
1638.00	1315.88
1639.00	1314.37
1640.00	1312.34
1641.00	1316.97
1642.00	1318.24
1643.00	1313.08
1644.00	1314.21
1645.00	1310.47
1646.00	1312.50
1647.00	1314.86
1648.00	1317.38
1649.00	1313.32
1650.00	1319.73
1651.00	1316.80
1652.00	1316.86
1653.00	1319.83
1654.00	1316.42
1655.00	1304.21
1656.00	1317.73
1657.00	1314.45
1658.00	1317.04
1659.00	1316.83
1660.00	1315.49
1661.00	1311.62
1662.00	1314.42
1663.00	1313.11
1664.00	1320.57
1665.00	1309.80
1666.00	1320.62
1667.00	1312.21
1668.00	1317.27
1669.00	1313.57
1670.00	1311.56
1671.00	1315.46
1672.00	1311.61
1673.00	1311.17
1674.00	1314.31
1675.00	1310.95
1676.00	1318.09
1677.00	1311.01
1678.00	1315.51
1679.00	1306.49
1680.00	1315.44
1681.00	1310.54
1682.00	1310.88
1683.00	1308.86
1684.00	1318.83
1685.00	1311.93
1686.00	1316.19
1687.00	1310.51
1688.00	1318.48
1689.00	1310.04
1690.00	1318.80
1691.00	1314.14
1692.00	1313.39
1693.00	1314.53
1694.00	1316.66
1695.00	1312.97
1696.00	1314.92
1697.00	1311.18
1698.00	1313.89
1699.00	1309.37
1700.00	1313.87
1701.00	1316.31
1702.00	1318.03
1703.00	1310.67
1704.00	1312.87
1705.00	1312.95
1706.00	1315.10
1707.00	1306.44
1708.00	1315.64
1709.00	1311.21
1710.00	1314.09
1711.00	1311.07
1712.00	1311.64
1713.00	1312.20
1714.00	1317.97
1715.00	1313.09
1716.00	1314.11
1717.00	1304.25
1718.00	1320.19
1719.00	1309.92
1720.00	1310.15
1721.00	1311.35
1722.00	1315.88
1723.00	1311.43
1724.00	1316.71
1725.00	1309.76
1726.00	1312.77
1727.00	1311.24
1728.00	1318.19
1729.00	1314.15
1730.00	1313.88
1731.00	1314.31
1732.00	1312.08
1733.00	1311.46
1734.00	1318.66
1735.00	1309.90
1736.00	1311.92
1737.00	1311.26
1738.00	1313.98
1739.00	1307.35
1740.00	1317.87
1741.00	1310.05
1742.00	1316.45
1743.00	1309.03
1744.00	1316.63
1745.00	1310.83
1746.00	1311.99
1747.00	1310.48
1748.00	1312.45
1749.00	1309.19
1750.00	1312.90
1751.00	1309.14
1752.00	1305.98
1753.00	1306.65
1754.00	1312.72
1755.00	1309.57
1756.00	1313.70
1757.00	1312.08
1758.00	1313.99
1759.00	1311.99
1760.00	1313.76
1761.00	1305.03
1762.00	1315.66
1763.00	1305.22
1764.00	1313.93
1765.00	1311.54
1766.00	1314.50
1767.00	1308.32
1768.00	1312.98
1769.00	1309.05
1770.00	1308.92
1771.00	1309.74
1772.00	1311.93
1773.00	1311.27
1774.00	1310.53
1775.00	1309.28
1776.00	1317.64
1777.00	1313.02
1778.00	1321.77
1779.00	1309.17
1780.00	1312.51
1781.00	1308.60
1782.00	1313.52
1783.00	1305.05
1784.00	1315.54
1785.00	1312.30
1786.00	1312.38
1787.00	1308.38
1788.00	1317.23
1789.00	1311.41
1790.00	1315.76
1791.00	1308.31
1792.00	1319.17
1793.00	1308.59
1794.00	1310.93
1795.00	1311.10
1796.00	1314.42
1797.00	1311.29
1798.00	1311.49
1799.00	1313.32
1800.00	1316.33
1801.00	1306.78
1802.00	1311.26
1803.00	1305.46
1804.00	1315.37
1805.00	1312.71
1806.00	1313.41
1807.00	1311.66
1808.00	1315.99
1809.00	1306.70
1810.00	1313.61
1811.00	1306.63
1812.00	1315.48
1813.00	1311.25
1814.00	1316.80
1815.00	1308.43
1816.00	1313.52
1817.00	1310.17
1818.00	1311.58
1819.00	1308.44
1820.00	1312.45
1821.00	1307.33
1822.00	1315.55
1823.00	1310.47
1824.00	1314.40
1825.00	1312.08
1826.00	1315.25
1827.00	1308.76
1828.00	1318.89
1829.00	1309.49
1830.00	1310.31
1831.00	1302.91
1832.00	1312.74
1833.00	1304.36
1834.00	1312.76
1835.00	1305.91
1836.00	1312.85
1837.00	1314.42
1838.00	1311.15
1839.00	1303.74
1840.00	1314.35
1841.00	1308.05
1842.00	1311.09
1843.00	1309.65
1844.00	1315.40
1845.00	1308.79
1846.00	1317.47
1847.00	1306.93
1848.00	1315.88
1849.00	1310.83
1850.00	1316.11
1851.00	1305.64
1852.00	1313.23
1853.00	1309.56
1854.00	1311.37
1855.00	1314.13
1856.00	1314.57
1857.00	1306.05
1858.00	1314.25
1859.00	1315.02
1860.00	1317.52
1861.00	1309.72
1862.00	1313.27
1863.00	1309.53
1864.00	1314.47
1865.00	1306.14
1866.00	1311.98
1867.00	1312.49
1868.00	1316.66
1869.00	1310.90
1870.00	1312.58
1871.00	1312.70
1872.00	1311.39
1873.00	1306.50
1874.00	1315.39
1875.00	1311.22
1876.00	1315.14
1877.00	1307.33
1878.00	1311.79
1879.00	1309.65
1880.00	1313.61
1881.00	1310.50
1882.00	1317.54
1883.00	1311.45
1884.00	1315.66
1885.00	1308.18
1886.00	1310.43
1887.00	1310.19
1888.00	1310.28
1889.00	1314.36
1890.00	1313.95
1891.00	1310.33
1892.00	1314.06
1893.00	1307.25
1894.00	1315.10
1895.00	1309.62
1896.00	1315.95
1897.00	1308.55
1898.00	1317.91
1899.00	1313.44
1900.00	1311.33
1901.00	1310.63
1902.00	1314.77
1903.00	1309.94
1904.00	1309.74
1905.00	1305.39
1906.00	1314.79
1907.00	1306.30
1908.00	1316.59
1909.00	1308.52
1910.00	1313.62
1911.00	1309.59
1912.00	1313.47
1913.00	1311.55
1914.00	1315.25
1915.00	1309.19
1916.00	1311.83
1917.00	1304.79
1918.00	1310.10
1919.00	1310.56
1920.00	1316.22
1921.00	1308.00
1922.00	1312.46
1923.00	1306.65
1924.00	1312.20
1925.00	1308.19
1926.00	1317.27
1927.00	1308.58
1928.00	1317.28
1929.00	1308.37
1930.00	1311.49
1931.00	1311.94
1932.00	1315.25
1933.00	1308.29
1934.00	1310.33
1935.00	1308.39
1936.00	1315.69
1937.00	1312.26
1938.00	1311.66
1939.00	1311.98
1940.00	1309.96
1941.00	1309.53
1942.00	1316.88
1943.00	1309.83
1944.00	1312.74
1945.00	1307.54
1946.00	1308.39
1947.00	1309.97
1948.00	1310.84
1949.00	1307.27
1950.00	1315.28
1951.00	1305.53
1952.00	1315.07
1953.00	1311.88
1954.00	1311.69
1955.00	1311.73
1956.00	1314.77
1957.00	1309.29
1958.00	1317.63
1959.00	1312.14
1960.00	1316.94
1961.00	1309.08
1962.00	1314.20
1963.00	1308.48
1964.00	1318.18
1965.00	1312.89
1966.00	1315.11
1967.00	1306.95
1968.00	1315.55
1969.00	1311.44
1970.00	1309.85
1971.00	1307.44
1972.00	1311.61
1973.00	1307.98
1974.00	1314.61
1975.00	1313.15
1976.00	1308.21
1977.00	1314.31
1978.00	1310.52
1979.00	1314.37
1980.00	1312.38
1981.00	1304.81
1982.00	1310.96
1983.00	1309.75
1984.00	1316.05
1985.00	1311.55
1986.00	1316.94
1987.00	1307.73
1988.00	1314.64
1989.00	1313.22
1990.00	1311.53
1991.00	1313.21
1992.00	1312.46
1993.00	1311.19
1994.00	1308.95
1995.00	1308.51
1996.00	1315.48
1997.00	1305.72
1998.00	1310.05
1999.00	1306.72
2000.00	1316.12
2001.00	1306.81
2002.00	1311.90
2003.00	1310.04
2004.00	1313.28
2005.00	1307.75
2006.00	1307.99
2007.00	1313.75
2008.00	1314.49
2009.00	1307.31
2010.00	1316.33
2011.00	1306.63
2012.00	1312.33
2013.00	1307.53
2014.00	1311.26
2015.00	1312.05
2016.00	1310.93
2017.00	1305.73
2018.00	1307.95
2019.00	1307.15
2020.00	1313.43
2021.00	1311.52
2022.00	1316.54
2023.00	1309.19
2024.00	1314.12
2025.00	1306.30
2026.00	1312.71
2027.00	1308.76
2028.00	1313.22
2029.00	1302.97
2030.00	1310.42
2031.00	1309.11
2032.00	1312.09
2033.00	1306.38
2034.00	1312.87
2035.00	1305.96
2036.00	1310.21
2037.00	1310.58
2038.00	1311.94
2039.00	1309.77
2040.00	1315.31
2041.00	1305.83
2042.00	1312.40
2043.00	1308.03
2044.00	1315.47
2045.00	1305.29
2046.00	1308.79
2047.00	1308.62
2048.00	1310.45
2049.00	1307.97
2050.00	1309.94
2051.00	1307.17
2052.00	1310.30
2053.00	1311.73
2054.00	1315.42
2055.00	1305.74
2056.00	1312.33
2057.00	1305.55
2058.00	1309.99
2059.00	1307.90
2060.00	1318.14
2061.00	1305.94
2062.00	1318.91
2063.00	1307.75
2064.00	1308.87
2065.00	1305.07
2066.00	1311.33
2067.00	1309.84
2068.00	1312.30
2069.00	1313.75
2070.00	1308.71
2071.00	1314.72
2072.00	1312.98
2073.00	1308.33
2074.00	1310.82
2075.00	1307.23
2076.00	1313.81
2077.00	1311.50
2078.00	1309.86
2079.00	1306.45
2080.00	1312.81
2081.00	1302.74
2082.00	1310.05
2083.00	1311.10
2084.00	1309.61
2085.00	1312.01
2086.00	1315.56
2087.00	1305.60
2088.00	1314.82
2089.00	1307.66
2090.00	1312.17
2091.00	1303.59
2092.00	1314.38
2093.00	1306.44
2094.00	1315.23
2095.00	1306.41
2096.00	1310.81
2097.00	1308.98
2098.00	1308.85
2099.00	1306.19
2100.00	1312.15
2101.00	1308.50
2102.00	1314.32
2103.00	1311.64
2104.00	1317.14
2105.00	1303.81
2106.00	1313.94
2107.00	1307.79
2108.00	1315.77
2109.00	1308.96
2110.00	1312.01
2111.00	1305.17
2112.00	1313.49
2113.00	1309.24
2114.00	1308.16
2115.00	1306.01
2116.00	1315.86
2117.00	1310.21
2118.00	1316.11
2119.00	1305.24
2120.00	1314.10
2121.00	1309.60
2122.00	1319.58
2123.00	1308.20
2124.00	1318.22
2125.00	1311.60
2126.00	1314.34
2127.00	1303.67
2128.00	1310.78
2129.00	1311.01
2130.00	1306.99
2131.00	1309.92
2132.00	1310.79
2133.00	1312.00
2134.00	1311.62
2135.00	1309.12
2136.00	1315.30
2137.00	1307.25
2138.00	1317.35
2139.00	1302.82
2140.00	1310.51
2141.00	1305.65
2142.00	1316.82
2143.00	1310.60
2144.00	1311.02
2145.00	1308.09
2146.00	1309.76
2147.00	1309.01
2148.00	1308.42
2149.00	1305.92
2150.00	1310.29
2151.00	1305.40
2152.00	1309.89
2153.00	1312.11
2154.00	1315.45
2155.00	1310.57
2156.00	1313.15
2157.00	1305.19
2158.00	1314.34
2159.00	1310.19
2160.00	1309.93
2161.00	1310.37
2162.00	1313.89
2163.00	1307.70
2164.00	1310.25
2165.00	1305.81
2166.00	1314.18
2167.00	1307.97
2168.00	1313.24
2169.00	1302.32
2170.00	1314.73
2171.00	1309.65
2172.00	1315.14
2173.00	1305.60
2174.00	1311.48
2175.00	1304.62
2176.00	1313.08
2177.00	1308.41
2178.00	1309.60
2179.00	1305.83
2180.00	1311.99
2181.00	1306.73
2182.00	1308.17
2183.00	1307.44
2184.00	1312.76
2185.00	1303.83
2186.00	1313.15
2187.00	1307.91
2188.00	1310.48
2189.00	1305.72
2190.00	1312.47
2191.00	1311.69
2192.00	1310.95
2193.00	1305.68
2194.00	1311.68
2195.00	1304.88
2196.00	1312.34
2197.00	1306.95
2198.00	1308.24
2199.00	1312.18
2200.00	1310.11
2201.00	1308.27
2202.00	1312.84
2203.00	1302.51
2204.00	1306.98
2205.00	1308.54
2206.00	1314.25
2207.00	1303.86
2208.00	1311.32
2209.00	1312.28
2210.00	1311.50
2211.00	1308.56
2212.00	1309.69
2213.00	1306.30
2214.00	1309.27
2215.00	1304.71
2216.00	1311.58
2217.00	1303.56
2218.00	1310.33
2219.00	1306.16
2220.00	1316.16
2221.00	1302.41
2222.00	1311.25
2223.00	1311.72
2224.00	1315.87
2225.00	1307.52
2226.00	1316.02
2227.00	1306.90
2228.00	1315.39
2229.00	1305.39
2230.00	1309.36
2231.00	1303.15
2232.00	1308.89
2233.00	1308.58
2234.00	1313.08
2235.00	1309.12
2236.00	1308.54
2237.00	1308.42
2238.00	1308.40
2239.00	1309.97
2240.00	1314.55
2241.00	1309.41
2242.00	1311.64
2243.00	1310.04
2244.00	1308.64
2245.00	1309.25
2246.00	1311.43
2247.00	1310.27
2248.00	1313.09
2249.00	1306.91
2250.00	1312.11
2251.00	1313.33
2252.00	1311.24
2253.00	1304.02
2254.00	1311.90
2255.00	1306.13
2256.00	1313.59
2257.00	1303.91
2258.00	1312.55
2259.00	1310.82
2260.00	1315.43
2261.00	1306.99
2262.00	1310.22
2263.00	1304.33
2264.00	1312.07
2265.00	1301.83
2266.00	1313.71
2267.00	1306.39
2268.00	1309.42
2269.00	1300.28
2270.00	1309.50
2271.00	1305.80
2272.00	1308.60
2273.00	1305.08
2274.00	1314.08
2275.00	1315.15
2276.00	1310.35
2277.00	1306.29
2278.00	1312.60
2279.00	1306.57
2280.00	1313.40
2281.00	1301.26
2282.00	1313.82
2283.00	1310.76
2284.00	1310.43
2285.00	1304.78
2286.00	1308.65
2287.00	1308.83
2288.00	1310.38
2289.00	1305.31
2290.00	1312.40
2291.00	1304.14
2292.00	1309.26
2293.00	1305.60
2294.00	1306.66
2295.00	1305.23
2296.00	1308.25
2297.00	1306.09
2298.00	1314.77
2299.00	1306.33
2300.00	1308.73
2301.00	1302.64
2302.00	1311.91
2303.00	1304.72
2304.00	1312.70
2305.00	1304.96
2306.00	1306.58
2307.00	1311.03
2308.00	1307.10
2309.00	1306.30
2310.00	1311.71
2311.00	1306.46
2312.00	1311.09
2313.00	1304.71
2314.00	1313.31
2315.00	1310.37
2316.00	1309.90
2317.00	1308.65
2318.00	1312.01
2319.00	1306.37
2320.00	1310.02
2321.00	1307.47
2322.00	1309.10
2323.00	1306.67
2324.00	1312.67
2325.00	1304.04
2326.00	1311.55
2327.00	1301.88
2328.00	1316.19
2329.00	1304.81
2330.00	1315.23
2331.00	1302.69
2332.00	1313.56
2333.00	1307.44
2334.00	1310.54
2335.00	1304.74
2336.00	1314.32
2337.00	1304.65
2338.00	1315.68
2339.00	1306.61
2340.00	1309.08
2341.00	1312.15
2342.00	1313.01
2343.00	1310.54
2344.00	1313.15
2345.00	1310.71
2346.00	1314.17
2347.00	1305.42
2348.00	1309.98
2349.00	1305.72
2350.00	1314.18
2351.00	1304.82
2352.00	1310.22
2353.00	1303.13
2354.00	1305.39
2355.00	1304.98
2356.00	1310.88
2357.00	1307.20
2358.00	1310.04
2359.00	1306.67
2360.00	1311.43
2361.00	1306.97
2362.00	1312.15
2363.00	1309.06
2364.00	1308.64
2365.00	1311.31
2366.00	1313.55
2367.00	1303.12
2368.00	1315.28
2369.00	1302.86
2370.00	1309.62
2371.00	1306.84
2372.00	1310.24
2373.00	1306.50
2374.00	1311.62
2375.00	1305.83
2376.00	1308.41
2377.00	1304.20
2378.00	1315.78
2379.00	1309.74
2380.00	1316.77
2381.00	1303.10
2382.00	1309.81
2383.00	1304.95
2384.00	1309.81
2385.00	1307.78
2386.00	1310.92
2387.00	1307.45
2388.00	1307.77
2389.00	1302.29
2390.00	1308.70
2391.00	1304.97
2392.00	1308.98
2393.00	1311.44
2394.00	1309.70
2395.00	1305.47
2396.00	1309.46
2397.00	1305.87
2398.00	1310.88
2399.00	1308.69
2400.00	1314.02
2401.00	1304.10
2402.00	1308.11
2403.00	1303.00
2404.00	1310.23
2405.00	1306.39
2406.00	1305.72
2407.00	1305.22
2408.00	1314.49
2409.00	1304.89
2410.00	1314.46
2411.00	1303.13
2412.00	1314.78
2413.00	1306.87
2414.00	1306.99
2415.00	1307.51
2416.00	1310.12
2417.00	1304.55
2418.00	1312.11
2419.00	1299.15
2420.00	1310.88
2421.00	1303.17
2422.00	1311.66
2423.00	1302.65
2424.00	1311.82
2425.00	1304.92
2426.00	1309.74
2427.00	1308.32
2428.00	1309.37
2429.00	1309.34
2430.00	1311.07
2431.00	1310.83
2432.00	1308.41
2433.00	1301.42
2434.00	1312.04
2435.00	1305.55
2436.00	1311.85
2437.00	1308.21
2438.00	1311.33
2439.00	1309.84
2440.00	1308.72
2441.00	1299.79
2442.00	1311.24
2443.00	1300.20
2444.00	1308.29
2445.00	1307.94
2446.00	1308.95
2447.00	1307.06
2448.00	1316.87
2449.00	1305.29
2450.00	1317.63
2451.00	1304.31
2452.00	1310.68
2453.00	1303.21
2454.00	1313.93
2455.00	1306.83
2456.00	1313.85
2457.00	1307.85
2458.00	1310.99
2459.00	1310.68
2460.00	1309.81
2461.00	1308.46
2462.00	1305.24
2463.00	1309.31
2464.00	1310.60
2465.00	1304.92
2466.00	1309.42
2467.00	1303.25
2468.00	1310.76
2469.00	1304.89
2470.00	1308.15
2471.00	1303.82
2472.00	1308.52
2473.00	1306.84
2474.00	1306.67
2475.00	1302.69
2476.00	1309.22
2477.00	1304.46
2478.00	1309.36
2479.00	1303.67
2480.00	1310.73
2481.00	1308.08
2482.00	1309.03
2483.00	1312.46
2484.00	1306.51
2485.00	1301.91
2486.00	1312.85
2487.00	1307.93
2488.00	1308.43
2489.00	1304.17
2490.00	1308.85
2491.00	1304.18
2492.00	1312.69
2493.00	1306.38
2494.00	1308.00
2495.00	1311.09
2496.00	1307.27
2497.00	1306.98
2498.00	1313.31
2499.00	1301.83
2500.00	1313.96
2501.00	1305.46
2502.00	1305.14
2503.00	1305.12
2504.00	1307.48
2505.00	1308.77
2506.00	1313.91
2507.00	1306.66
2508.00	1309.39
2509.00	1303.17
2510.00	1306.55
2511.00	1302.11
2512.00	1310.18
2513.00	1306.65
2514.00	1311.98
2515.00	1301.51
2516.00	1308.29
2517.00	1308.13
2518.00	1315.52
2519.00	1308.10
2520.00	1308.29
2521.00	1305.51
2522.00	1311.16
2523.00	1309.49
2524.00	1312.52
2525.00	1306.12
2526.00	1313.75
2527.00	1306.42
2528.00	1315.12
2529.00	1302.00
2530.00	1305.12
2531.00	1304.29
2532.00	1311.61
2533.00	1307.76
2534.00	1311.58
2535.00	1307.95
2536.00	1310.53
2537.00	1301.06
2538.00	1312.38
2539.00	1307.43
2540.00	1309.03
2541.00	1307.01
2542.00	1310.23
2543.00	1301.81
2544.00	1314.40
2545.00	1303.47
2546.00	1314.64
2547.00	1305.95
2548.00	1311.65
2549.00	1303.22
2550.00	1308.48
2551.00	1307.63
2552.00	1312.70
2553.00	1305.47
2554.00	1310.23
2555.00	1303.37
2556.00	1308.98
2557.00	1302.95
2558.00	1306.99
2559.00	1307.14
2560.00	1311.87
2561.00	1305.93
2562.00	1307.42
2563.00	1308.57
2564.00	1313.24
2565.00	1300.81
2566.00	1311.53
2567.00	1307.82
2568.00	1312.22
2569.00	1304.86
2570.00	1309.66
2571.00	1304.19
2572.00	1309.95
2573.00	1305.55
2574.00	1312.45
2575.00	1307.15
2576.00	1309.26
2577.00	1305.22
2578.00	1317.21
2579.00	1303.99
2580.00	1308.96
2581.00	1302.38
2582.00	1310.53
2583.00	1303.57
2584.00	1305.09
2585.00	1308.66
2586.00	1308.83
2587.00	1303.20
2588.00	1313.43
2589.00	1305.62
2590.00	1311.22
2591.00	1304.87
2592.00	1310.03
2593.00	1302.49
2594.00	1308.07
2595.00	1305.42
2596.00	1308.05
2597.00	1297.55
2598.00	1305.57
2599.00	1304.34
2600.00	1314.46
2601.00	1305.21
2602.00	1308.94
2603.00	1305.54
2604.00	1312.42
2605.00	1306.51
2606.00	1308.16
2607.00	1305.77
2608.00	1308.73
2609.00	1302.31
2610.00	1305.30
2611.00	1304.07
2612.00	1312.07
2613.00	1302.38
2614.00	1306.71
2615.00	1305.23
2616.00	1310.79
2617.00	1306.95
2618.00	1313.69
2619.00	1302.12
2620.00	1315.36
2621.00	1304.60
2622.00	1311.05
2623.00	1301.05
2624.00	1310.50
2625.00	1301.13
2626.00	1307.77
2627.00	1305.01
2628.00	1308.51
2629.00	1303.86
2630.00	1314.61
2631.00	1306.03
2632.00	1304.11
2633.00	1303.37
2634.00	1306.43
2635.00	1305.99
2636.00	1312.80
2637.00	1300.74
2638.00	1310.04
2639.00	1308.60
2640.00	1312.38
2641.00	1305.51
2642.00	1309.40
2643.00	1309.77
2644.00	1311.07
2645.00	1306.47
2646.00	1312.36
2647.00	1303.30
2648.00	1312.32
2649.00	1308.32
2650.00	1311.60
2651.00	1299.85
2652.00	1309.39
2653.00	1304.82
2654.00	1309.61
2655.00	1304.03
2656.00	1304.50
2657.00	1308.13
2658.00	1313.52
2659.00	1302.20
2660.00	1308.00
2661.00	1307.44
2662.00	1316.30
2663.00	1305.90
2664.00	1310.51
2665.00	1308.44
2666.00	1310.25
2667.00	1308.00
2668.00	1309.76
2669.00	1304.82
2670.00	1308.39
2671.00	1309.04
2672.00	1313.45
2673.00	1301.51
2674.00	1311.14
2675.00	1302.08
2676.00	1311.54
2677.00	1305.30
2678.00	1308.32
2679.00	1308.40
2680.00	1307.17
2681.00	1308.18
2682.00	1307.44
2683.00	1302.34
2684.00	1311.22
2685.00	1304.76
2686.00	1310.17
2687.00	1303.56
2688.00	1313.18
2689.00	1306.26
2690.00	1306.77
2691.00	1306.42
2692.00	1310.81
2693.00	1307.18
2694.00	1312.16
2695.00	1306.84
2696.00	1307.45
2697.00	1307.12
2698.00	1306.19
2699.00	1306.77
2700.00	1307.79
2701.00	1307.02
2702.00	1313.59
2703.00	1302.58
2704.00	1315.27
2705.00	1304.49
2706.00	1310.96
2707.00	1308.47
2708.00	1307.96
2709.00	1305.55
2710.00	1310.43
2711.00	1302.46
2712.00	1311.05
2713.00	1303.41
2714.00	1310.13
2715.00	1304.97
2716.00	1313.71
2717.00	1309.27
2718.00	1314.88
2719.00	1306.73
2720.00	1317.42
2721.00	1318.92
2722.00	1323.24
2723.00	1314.96
2724.00	1320.56
2725.00	1315.62
2726.00	1325.34
2727.00	1322.03
2728.00	1330.51
2729.00	1320.83
2730.00	1331.19
2731.00	1331.86
2732.00	1337.98
2733.00	1334.24
2734.00	1348.23
2735.00	1347.87
2736.00	1354.02
2737.00	1351.77
2738.00	1367.30
2739.00	1358.90
2740.00	1373.75
2741.00	1377.89
2742.00	1391.59
2743.00	1385.78
2744.00	1397.10
2745.00	1407.79
2746.00	1413.75
2747.00	1419.62
2748.00	1431.97
2749.00	1435.87
2750.00	1443.06
2751.00	1462.09
2752.00	1471.55
2753.00	1480.16
2754.00	1494.69
2755.00	1499.39
2756.00	1520.10
2757.00	1523.41
2758.00	1544.97
2759.00	1556.18
2760.00	1575.97
2761.00	1581.14
2762.00	1593.85
2763.00	1608.33
2764.00	1624.38
2765.00	1638.49
2766.00	1658.80
2767.00	1682.60
2768.00	1698.52
2769.00	1704.67
2770.00	1725.91
2771.00	1745.63
2772.00	1753.08
2773.00	1766.60
2774.00	1781.19
2775.00	1799.05
2776.00	1826.11
2777.00	1840.93
2778.00	1860.56
2779.00	1877.49
2780.00	1894.60
2781.00	1917.46
2782.00	1928.44
2783.00	1938.44
2784.00	1953.27
2785.00	1971.80
2786.00	2001.23
2787.00	2011.82
2788.00	2034.50
2789.00	2042.41
2790.00	2052.16
2791.00	2053.87
2792.00	2068.47
2793.00	2074.69
2794.00	2106.29
2795.00	2117.30
2796.00	2123.79
2797.00	2146.44
2798.00	2168.32
2799.00	2166.15
2800.00	2174.86
2801.00	2189.86
2802.00	2209.63
2803.00	2207.61
2804.00	2216.53
2805.00	2213.60
2806.00	2228.86
2807.00	2234.26
2808.00	2260.54
2809.00	2257.24
2810.00	2264.68
2811.00	2261.12
2812.00	2259.17
2813.00	2281.79
2814.00	2278.97
2815.00	2280.68
2816.00	2297.86
2817.00	2290.53
2818.00	2295.81
2819.00	2303.40
2820.00	2303.91
2821.00	2309.24
2822.00	2301.34
2823.00	2301.63
2824.00	2307.13
2825.00	2296.40
2826.00	2312.14
2827.00	2315.59
2828.00	2328.20
2829.00	2328.49
2830.00	2318.48
2831.00	2313.69
2832.00	2315.56
2833.00	2313.12
2834.00	2316.02
2835.00	2302.63
2836.00	2325.40
2837.00	2319.26
2838.00	2332.93
2839.00	2333.55
2840.00	2328.61
2841.00	2317.31
2842.00	2327.68
2843.00	2315.51
2844.00	2327.39
2845.00	2319.90
2846.00	2314.31
2847.00	2324.88
2848.00	2310.49
2849.00	2297.25
2850.00	2308.48
2851.00	2297.98
2852.00	2297.41
2853.00	2305.06
2854.00	2302.24
2855.00	2296.09
2856.00	2289.42
2857.00	2293.87
2858.00	2286.81
2859.00	2291.29
2860.00	2282.49
2861.00	2272.57
2862.00	2296.31
2863.00	2270.81
2864.00	2277.49
2865.00	2271.85
2866.00	2267.10
2867.00	2265.92
2868.00	2278.10
2869.00	2279.92
2870.00	2278.06
2871.00	2260.47
2872.00	2280.56
2873.00	2254.75
2874.00	2253.13
2875.00	2256.18
2876.00	2262.21
2877.00	2247.63
2878.00	2250.19
2879.00	2245.47
2880.00	2247.14
2881.00	2244.95
2882.00	2223.88
2883.00	2218.67
2884.00	2214.27
2885.00	2228.72
2886.00	2234.95
2887.00	2221.54
2888.00	2226.40
2889.00	2219.54
2890.00	2207.46
2891.00	2202.12
2892.00	2182.17
2893.00	2184.31
2894.00	2151.49
2895.00	2191.71
2896.00	2202.02
2897.00	2175.50
2898.00	2194.21
2899.00	2188.48
2900.00	2176.53
2901.00	2186.24
2902.00	2184.58
2903.00	2183.69
2904.00	2174.88
2905.00	2183.25
2906.00	2167.46
2907.00	2174.81
2908.00	2167.56
2909.00	2164.54
2910.00	2146.05
2911.00	2163.20
2912.00	2168.30
2913.00	2160.77
2914.00	2154.20
2915.00	2148.83
2916.00	2138.88
2917.00	2136.36
2918.00	2149.67
2919.00	2134.43
2920.00	2147.39
2921.00	2123.05
2922.00	2135.55
2923.00	2124.01
2924.00	2119.61
2925.00	2120.71
2926.00	2121.07
2927.00	2100.69
2928.00	2101.77
2929.00	2103.94
2930.00	2115.51
2931.00	2100.50
2932.00	2093.15
2933.00	2086.59
2934.00	2090.79
2935.00	2100.00
2936.00	2093.14
2937.00	2092.97
2938.00	2089.84
2939.00	2082.03
2940.00	2083.27
2941.00	2073.13
2942.00	2082.69
2943.00	2073.39
2944.00	2078.79
2945.00	2077.43
2946.00	2069.43
2947.00	2063.07
2948.00	2068.45
2949.00	2056.80
2950.00	2070.25
2951.00	2054.25
2952.00	2063.87
2953.00	2056.58
2954.00	2053.63
2955.00	2045.26
2956.00	2046.75
2957.00	2036.82
2958.00	2039.42
2959.00	2035.75
2960.00	2035.84
2961.00	2031.64
2962.00	2034.85
2963.00	2020.80
2964.00	2028.84
2965.00	2024.83
2966.00	2017.41
2967.00	2011.54
2968.00	2020.60
2969.00	2015.81
2970.00	2022.05
2971.00	2012.35
2972.00	2017.60
2973.00	2005.08
2974.00	2002.40
2975.00	1991.30
2976.00	1987.57
2977.00	1975.79
2978.00	1985.35
2979.00	1979.94
2980.00	1988.15
2981.00	1982.92
2982.00	1976.47
2983.00	1969.37
2984.00	1974.50
2985.00	1977.90
2986.00	1970.18
2987.00	1953.43
2988.00	1963.74
2989.00	1954.66
2990.00	1927.44
2991.00	1951.43
2992.00	1946.15
2993.00	1943.90
2994.00	1946.35
2995.00	1947.40
2996.00	1948.85
2997.00	1938.62
2998.00	1949.73
2999.00	1928.39
3000.00	1939.03
3001.00	1936.09
3002.00	1924.70
3003.00	1930.89
3004.00	1927.70
3005.00	1924.24
3006.00	1917.20
3007.00	1905.27
3008.00	1916.17
3009.00	1912.33
3010.00	1926.59
3011.00	1914.05
3012.00	1915.95
3013.00	1900.79
3014.00	1909.72
3015.00	1906.53
3016.00	1917.21
3017.00	1907.28
3018.00	1901.04
3019.00	1901.43
3020.00	1901.33
3021.00	1892.14
3022.00	1891.46
3023.00	1884.44
3024.00	1889.70
3025.00	1887.00
3026.00	1879.87
3027.00	1878.21
3028.00	1883.09
3029.00	1872.55
3030.00	1878.82
3031.00	1872.42
3032.00	1875.55
3033.00	1866.70
3034.00	1878.43
3035.00	1865.10
3036.00	1869.34
3037.00	1859.33
3038.00	1855.95
3039.00	1859.82
3040.00	1853.49
3041.00	1844.80
3042.00	1853.67
3043.00	1843.95
3044.00	1851.46
3045.00	1841.03
3046.00	1846.86
3047.00	1838.75
3048.00	1829.36
3049.00	1837.26
3050.00	1837.97
3051.00	1836.50
3052.00	1831.37
3053.00	1822.89
3054.00	1826.07
3055.00	1824.68
3056.00	1826.55
3057.00	1819.21
3058.00	1822.79
3059.00	1822.15
3060.00	1823.39
3061.00	1816.94
3062.00	1771.99
3063.00	1810.41
3064.00	1818.43
3065.00	1801.99
3066.00	1809.40
3067.00	1808.34
3068.00	1818.35
3069.00	1805.39
3070.00	1804.79
3071.00	1805.08
3072.00	1805.86
3073.00	1798.81
3074.00	1799.60
3075.00	1795.17
3076.00	1794.89
3077.00	1788.07
3078.00	1790.82
3079.00	1793.60
3080.00	1793.96
3081.00	1792.24
3082.00	1790.61
3083.00	1776.98
3084.00	1781.41
3085.00	1777.28
3086.00	1782.98
3087.00	1773.89
3088.00	1785.40
3089.00	1775.23
3090.00	1774.04
3091.00	1784.89
3092.00	1776.01
3093.00	1763.45
3094.00	1771.84
3095.00	1764.85
3096.00	1762.04
3097.00	1760.09
3098.00	1769.95
3099.00	1752.59
3100.00	1763.68
3101.00	1761.82
3102.00	1756.73
3103.00	1759.76
3104.00	1758.35
3105.00	1748.37
3106.00	1752.71
3107.00	1746.21
3108.00	1745.42
3109.00	1745.57
3110.00	1741.39
3111.00	1741.90
3112.00	1740.05
3113.00	1737.94
3114.00	1737.26
3115.00	1732.99
3116.00	1743.49
3117.00	1740.05
3118.00	1731.97
3119.00	1733.99
3120.00	1736.82
3121.00	1731.62
3122.00	1738.61
3123.00	1732.05
3124.00	1735.50
3125.00	1726.85
3126.00	1723.86
3127.00	1726.00
3128.00	1729.06
3129.00	1728.65
3130.00	1729.75
3131.00	1719.61
3132.00	1721.40
3133.00	1718.24
3134.00	1721.24
3135.00	1726.37
3136.00	1723.42
3137.00	1720.42
3138.00	1723.01
3139.00	1712.15
3140.00	1699.94
3141.00	1709.53
3142.00	1719.16
3143.00	1708.24
3144.00	1716.20
3145.00	1712.57
3146.00	1709.71
3147.00	1705.67
3148.00	1709.20
3149.00	1701.18
3150.00	1706.90
3151.00	1706.40
3152.00	1698.02
3153.00	1707.33
3154.00	1705.49
3155.00	1700.41
3156.00	1701.29
3157.00	1700.77
3158.00	1702.31
3159.00	1696.38
3160.00	1700.86
3161.00	1694.79
3162.00	1697.60
3163.00	1700.13
3164.00	1700.73
3165.00	1688.92
3166.00	1694.02
3167.00	1689.35
3168.00	1693.48
3169.00	1682.96
3170.00	1690.33
3171.00	1686.33
3172.00	1689.87
3173.00	1680.27
3174.00	1679.31
3175.00	1673.61
3176.00	1679.95
3177.00	1679.91
3178.00	1677.31
3179.00	1672.80
3180.00	1681.40
3181.00	1674.43
3182.00	1680.54
3183.00	1666.78
3184.00	1676.66
3185.00	1663.07
3186.00	1674.12
3187.00	1667.74
3188.00	1666.39
3189.00	1668.99
3190.00	1673.69
3191.00	1668.43
3192.00	1667.62
3193.00	1668.48
3194.00	1668.14
3195.00	1654.90
3196.00	1662.22
3197.00	1662.43
3198.00	1656.06
3199.00	1655.20
3200.00	1657.82
3201.00	1654.44
3202.00	1651.75
3203.00	1652.67
3204.00	1666.69
3205.00	1651.49
3206.00	1661.49
3207.00	1653.28
3208.00	1659.10
3209.00	1653.63
3210.00	1656.98
3211.00	1652.72
3212.00	1653.87
3213.00	1649.17
3214.00	1650.18
3215.00	1649.58
3216.00	1655.69
3217.00	1647.16
3218.00	1646.14
3219.00	1639.73
3220.00	1646.71
3221.00	1646.62
3222.00	1646.32
3223.00	1633.99
3224.00	1645.93
3225.00	1637.46
3226.00	1646.36
3227.00	1634.51
3228.00	1637.90
3229.00	1631.56
3230.00	1638.10
3231.00	1635.52
3232.00	1631.15
3233.00	1626.51
3234.00	1636.95
3235.00	1639.81
3236.00	1634.52
3237.00	1628.65
3238.00	1639.25
3239.00	1624.94
3240.00	1636.16
3241.00	1635.27
3242.00	1634.51
3243.00	1628.62
3244.00	1632.33
3245.00	1624.04
3246.00	1631.86
3247.00	1625.54
3248.00	1630.47
3249.00	1622.51
3250.00	1631.49
3251.00	1617.86
3252.00	1628.54
3253.00	1621.85
3254.00	1621.12
3255.00	1616.13
3256.00	1616.89
3257.00	1618.16
3258.00	1620.98
3259.00	1615.83
3260.00	1615.39
3261.00	1608.50
3262.00	1612.43
3263.00	1609.33
3264.00	1614.72
3265.00	1611.68
3266.00	1609.83
3267.00	1603.71
3268.00	1608.09
3269.00	1598.76
3270.00	1600.42
3271.00	1598.73
3272.00	1595.03
3273.00	1593.78
3274.00	1600.02
3275.00	1601.19
3276.00	1609.05
3277.00	1601.02
3278.00	1605.42
3279.00	1594.84
3280.00	1599.17
3281.00	1596.06
3282.00	1595.80
3283.00	1590.49
3284.00	1598.15
3285.00	1590.99
3286.00	1590.30
3287.00	1584.46
3288.00	1588.61
3289.00	1582.20
3290.00	1588.08
3291.00	1587.07
3292.00	1597.44
3293.00	1586.06
3294.00	1587.94
3295.00	1582.77
3296.00	1584.05
3297.00	1578.24
3298.00	1580.91
3299.00	1582.74
3300.00	1586.91
3301.00	1574.44
3302.00	1581.77
3303.00	1573.88
3304.00	1578.12
3305.00	1576.12
3306.00	1577.26
3307.00	1573.25
3308.00	1578.35
3309.00	1570.00
3310.00	1575.81
3311.00	1566.53
3312.00	1573.46
3313.00	1566.88
3314.00	1568.15
3315.00	1568.96
3316.00	1570.20
3317.00	1563.85
3318.00	1571.68
3319.00	1562.91
3320.00	1569.29
3321.00	1559.90
3322.00	1563.96
3323.00	1557.45
3324.00	1557.35
3325.00	1558.91
3326.00	1558.85
3327.00	1559.51
3328.00	1561.68
3329.00	1557.47
3330.00	1557.73
3331.00	1551.78
3332.00	1556.04
3333.00	1549.79
3334.00	1548.09
3335.00	1548.90
3336.00	1550.96
3337.00	1546.08
3338.00	1554.20
3339.00	1545.80
3340.00	1559.99
3341.00	1550.77
3342.00	1552.72
3343.00	1550.09
3344.00	1555.92
3345.00	1549.82
3346.00	1556.27
3347.00	1540.56
3348.00	1547.23
3349.00	1539.05
3350.00	1546.42
3351.00	1542.22
3352.00	1546.26
3353.00	1534.97
3354.00	1543.78
3355.00	1533.11
3356.00	1538.96
3357.00	1533.53
3358.00	1539.41
3359.00	1531.51
3360.00	1536.68
3361.00	1524.40
3362.00	1538.61
3363.00	1525.82
3364.00	1536.05
3365.00	1530.57
3366.00	1531.50
3367.00	1527.16
3368.00	1531.18
3369.00	1526.65
3370.00	1522.69
3371.00	1525.63
3372.00	1527.95
3373.00	1520.49
3374.00	1526.43
3375.00	1517.42
3376.00	1524.42
3377.00	1519.33
3378.00	1532.65
3379.00	1515.50
3380.00	1522.65
3381.00	1519.87
3382.00	1519.18
3383.00	1513.65
3384.00	1515.18
3385.00	1514.93
3386.00	1520.91
3387.00	1511.01
3388.00	1516.73
3389.00	1508.17
3390.00	1513.27
3391.00	1505.48
3392.00	1508.92
3393.00	1505.70
3394.00	1505.64
3395.00	1504.34
3396.00	1502.70
3397.00	1499.48
3398.00	1502.02
3399.00	1501.54
3400.00	1499.10
3401.00	1499.78
3402.00	1501.08
3403.00	1496.66
3404.00	1496.72
3405.00	1494.78
3406.00	1498.47
3407.00	1493.37
3408.00	1497.25
3409.00	1487.85
3410.00	1492.42
3411.00	1489.72
3412.00	1491.49
3413.00	1472.92
3414.00	1492.43
3415.00	1488.07
3416.00	1494.84
3417.00	1483.51
3418.00	1490.09
3419.00	1482.09
3420.00	1487.09
3421.00	1482.49
3422.00	1486.56
3423.00	1482.92
3424.00	1485.79
3425.00	1479.16
3426.00	1477.34
3427.00	1480.06
3428.00	1480.34
3429.00	1475.73
3430.00	1475.57
3431.00	1475.77
3432.00	1478.10
3433.00	1472.64
3434.00	1478.34
3435.00	1474.70
3436.00	1475.09
3437.00	1468.72
3438.00	1480.30
3439.00	1469.93
3440.00	1480.75
3441.00	1472.59
3442.00	1471.43
3443.00	1461.37
3444.00	1471.01
3445.00	1448.21
3446.00	1461.70
3447.00	1464.33
3448.00	1467.08
3449.00	1459.17
3450.00	1464.47
3451.00	1455.95
3452.00	1460.75
3453.00	1458.01
3454.00	1466.39
3455.00	1454.18
3456.00	1460.39
3457.00	1455.83
3458.00	1458.71
3459.00	1452.27
3460.00	1459.35
3461.00	1454.41
3462.00	1453.03
3463.00	1450.05
3464.00	1457.29
3465.00	1451.96
3466.00	1456.70
3467.00	1444.80
3468.00	1456.84
3469.00	1452.09
3470.00	1445.13
3471.00	1443.45
3472.00	1450.78
3473.00	1448.38
3474.00	1450.42
3475.00	1440.30
3476.00	1446.11
3477.00	1436.07
3478.00	1440.07
3479.00	1440.77
3480.00	1447.66
3481.00	1441.02
3482.00	1439.15
3483.00	1436.90
3484.00	1440.09
3485.00	1442.39
3486.00	1440.13
3487.00	1436.73
3488.00	1441.95
3489.00	1434.19
3490.00	1438.58
3491.00	1433.59
3492.00	1440.76
3493.00	1428.25
3494.00	1430.52
3495.00	1430.53
3496.00	1434.82
3497.00	1428.62
3498.00	1433.09
3499.00	1424.79
3500.00	1430.90
3501.00	1428.38
3502.00	1433.49
3503.00	1421.43
3504.00	1425.20
3505.00	1424.34
3506.00	1422.16
3507.00	1427.51
3508.00	1426.27
3509.00	1419.97
3510.00	1422.57
3511.00	1415.57
3512.00	1425.82
3513.00	1415.57
3514.00	1422.44
3515.00	1416.59
3516.00	1421.56
3517.00	1415.99
3518.00	1418.69
3519.00	1414.39
3520.00	1417.26
3521.00	1413.66
3522.00	1416.75
3523.00	1410.87
3524.00	1419.32
3525.00	1413.14
3526.00	1413.22
3527.00	1409.37
3528.00	1415.05
3529.00	1405.79
3530.00	1412.18
3531.00	1401.60
3532.00	1413.94
3533.00	1404.54
3534.00	1390.79
3535.00	1405.41
3536.00	1412.06
3537.00	1408.63
3538.00	1404.80
3539.00	1401.56
3540.00	1409.73
3541.00	1402.55
3542.00	1404.10
3543.00	1397.45
3544.00	1402.73
3545.00	1399.05
3546.00	1402.37
3547.00	1396.62
3548.00	1401.73
3549.00	1395.51
3550.00	1399.04
3551.00	1390.62
3552.00	1395.71
3553.00	1398.66
3554.00	1398.61
3555.00	1400.54
3556.00	1401.51
3557.00	1392.25
3558.00	1397.17
3559.00	1396.67
3560.00	1401.65
3561.00	1388.65
3562.00	1400.99
3563.00	1391.57
3564.00	1390.35
3565.00	1384.92
3566.00	1395.92
3567.00	1382.89
3568.00	1388.78
3569.00	1387.60
3570.00	1391.75
3571.00	1384.27
3572.00	1391.42
3573.00	1385.39
3574.00	1386.49
3575.00	1379.89
3576.00	1385.47
3577.00	1378.90
3578.00	1383.56
3579.00	1382.37
3580.00	1389.52
3581.00	1376.67
3582.00	1380.95
3583.00	1378.68
3584.00	1383.01
3585.00	1383.47
3586.00	1386.22
3587.00	1375.59
3588.00	1380.30
3589.00	1377.96
3590.00	1384.66
3591.00	1377.96
3592.00	1381.39
3593.00	1369.14
3594.00	1380.20
3595.00	1373.29
3596.00	1380.43
3597.00	1375.79
3598.00	1378.22
3599.00	1375.88
3600.00	1373.48
3601.00	1374.72
3602.00	1374.54
3603.00	1366.52
3604.00	1374.16
3605.00	1374.12
3606.00	1371.03
3607.00	1372.59
3608.00	1370.00
3609.00	1372.33
3610.00	1366.43
3611.00	1362.18
3612.00	1369.08
3613.00	1367.64
3614.00	1363.83
3615.00	1366.38
3616.00	1369.04
3617.00	1361.58
3618.00	1355.36
3619.00	1365.63
3620.00	1366.57
3621.00	1356.54
3622.00	1366.91
3623.00	1361.04
3624.00	1364.27
3625.00	1359.06
3626.00	1366.05
3627.00	1359.00
3628.00	1364.95
3629.00	1358.74
3630.00	1364.36
3631.00	1361.82
3632.00	1362.86
3633.00	1360.13
3634.00	1361.66
3635.00	1356.03
3636.00	1362.86
3637.00	1360.52
3638.00	1362.73
3639.00	1354.48
3640.00	1358.97
3641.00	1355.97
3642.00	1360.78
3643.00	1355.46
3644.00	1356.40
3645.00	1352.89
3646.00	1355.99
3647.00	1358.13
