File Dati SpectraSuite
++++++++++++++++++++++++++++++++++++
Data: Tue Feb 26 17:18:00 CET 2019
Utente: Studente
Spettro Scuro Presente: Si
Spettro di Riferimento Presente: Si
Numero di Componenti Spettri Campionati: 1
Spettrometri: USB4F01341
Tempo di integrazione (usec): 4000 (USB4F01341)
Media Spettri: 200 (USB4F01341)
Appiattimento Boxcar: 0 (USB4F01341)
Correggi Oscurità Elettronica: No (USB4F01341)
Strobo/Lampada Abilitato: No (USB4F01341)
Correct for Detector Non-linearity: No (USB4F01341)
Correggi Stray Light: No (USB4F01341)
Numero di Pixel nello Spettro Elaborato: 3648
>>>>>Comincia Dati dello Spettro Elaborati<<<<<
0,00	1293,71
1,00	1293,71
2,00	1293,71
3,00	1289,31
4,00	1296,35
5,00	1296,56
6,00	1296,53
7,00	1298,39
8,00	1298,72
9,00	1294,89
10,00	1301,58
11,00	1298,23
12,00	1300,46
13,00	1292,79
14,00	1304,33
15,00	1297,53
16,00	1298,65
17,00	1296,00
18,00	1304,35
19,00	1297,22
20,00	1307,22
21,00	1298,25
22,00	1301,20
23,00	1297,56
24,00	1305,70
25,00	1296,64
26,00	1299,66
27,00	1298,26
28,00	1299,45
29,00	1293,45
30,00	1304,05
31,00	1297,24
32,00	1307,32
33,00	1297,34
34,00	1299,70
35,00	1301,35
36,00	1301,59
37,00	1300,06
38,00	1306,58
39,00	1297,21
40,00	1300,59
41,00	1298,41
42,00	1309,32
43,00	1298,51
44,00	1300,47
45,00	1299,21
46,00	1299,09
47,00	1300,26
48,00	1300,89
49,00	1300,07
50,00	1302,95
51,00	1298,55
52,00	1306,41
53,00	1300,59
54,00	1301,29
55,00	1297,66
56,00	1305,73
57,00	1293,95
58,00	1308,46
59,00	1292,76
60,00	1311,71
61,00	1299,48
62,00	1299,14
63,00	1298,50
64,00	1299,18
65,00	1297,55
66,00	1305,24
67,00	1297,59
68,00	1303,61
69,00	1301,07
70,00	1301,54
71,00	1302,93
72,00	1306,84
73,00	1303,38
74,00	1301,57
75,00	1302,63
76,00	1302,78
77,00	1303,08
78,00	1307,16
79,00	1298,32
80,00	1304,50
81,00	1295,08
82,00	1307,15
83,00	1297,48
84,00	1304,18
85,00	1298,78
86,00	1308,48
87,00	1300,53
88,00	1303,28
89,00	1304,69
90,00	1309,13
91,00	1303,67
92,00	1305,47
93,00	1300,30
94,00	1302,67
95,00	1297,32
96,00	1309,01
97,00	1299,90
98,00	1306,86
99,00	1304,63
100,00	1304,01
101,00	1294,33
102,00	1302,49
103,00	1299,74
104,00	1306,69
105,00	1300,51
106,00	1310,35
107,00	1298,60
108,00	1307,65
109,00	1298,63
110,00	1306,96
111,00	1303,43
112,00	1302,17
113,00	1298,54
114,00	1304,44
115,00	1299,98
116,00	1300,94
117,00	1297,77
118,00	1312,37
119,00	1300,10
120,00	1308,55
121,00	1295,79
122,00	1306,89
123,00	1301,68
124,00	1306,00
125,00	1297,69
126,00	1300,19
127,00	1303,52
128,00	1304,54
129,00	1304,13
130,00	1303,50
131,00	1300,98
132,00	1305,68
133,00	1303,29
134,00	1306,98
135,00	1302,96
136,00	1304,13
137,00	1301,91
138,00	1304,72
139,00	1301,03
140,00	1308,66
141,00	1301,56
142,00	1305,70
143,00	1301,80
144,00	1302,40
145,00	1303,93
146,00	1304,46
147,00	1299,82
148,00	1305,88
149,00	1296,69
150,00	1309,86
151,00	1302,28
152,00	1307,39
153,00	1299,32
154,00	1307,69
155,00	1301,33
156,00	1304,27
157,00	1301,31
158,00	1307,14
159,00	1300,21
160,00	1307,60
161,00	1301,57
162,00	1305,23
163,00	1300,94
164,00	1304,49
165,00	1300,42
166,00	1308,56
167,00	1297,19
168,00	1306,31
169,00	1301,04
170,00	1306,77
171,00	1297,07
172,00	1310,88
173,00	1303,42
174,00	1305,82
175,00	1300,88
176,00	1304,17
177,00	1302,48
178,00	1306,25
179,00	1301,63
180,00	1304,38
181,00	1305,21
182,00	1310,28
183,00	1303,07
184,00	1306,80
185,00	1299,53
186,00	1307,67
187,00	1301,78
188,00	1305,40
189,00	1303,05
190,00	1305,19
191,00	1306,03
192,00	1302,42
193,00	1305,75
194,00	1309,79
195,00	1299,74
196,00	1309,20
197,00	1302,09
198,00	1310,30
199,00	1299,79
200,00	1306,38
201,00	1297,34
202,00	1302,92
203,00	1299,84
204,00	1305,01
205,00	1300,30
206,00	1311,06
207,00	1301,75
208,00	1312,76
209,00	1302,50
210,00	1308,94
211,00	1298,05
212,00	1303,18
213,00	1301,28
214,00	1308,22
215,00	1302,44
216,00	1308,55
217,00	1305,01
218,00	1309,82
219,00	1301,62
220,00	1311,19
221,00	1301,56
222,00	1305,51
223,00	1297,93
224,00	1306,06
225,00	1304,58
226,00	1305,47
227,00	1300,91
228,00	1305,25
229,00	1303,63
230,00	1306,28
231,00	1299,14
232,00	1304,37
233,00	1303,64
234,00	1307,58
235,00	1302,01
236,00	1304,34
237,00	1303,88
238,00	1305,02
239,00	1300,61
240,00	1305,25
241,00	1305,53
242,00	1307,94
243,00	1305,56
244,00	1307,58
245,00	1304,54
246,00	1308,13
247,00	1303,91
248,00	1307,61
249,00	1300,66
250,00	1305,62
251,00	1300,65
252,00	1304,00
253,00	1301,30
254,00	1311,12
255,00	1307,39
256,00	1303,42
257,00	1305,66
258,00	1307,27
259,00	1295,63
260,00	1311,46
261,00	1305,51
262,00	1306,60
263,00	1304,29
264,00	1311,11
265,00	1299,85
266,00	1305,48
267,00	1308,99
268,00	1305,19
269,00	1298,12
270,00	1309,02
271,00	1310,23
272,00	1311,40
273,00	1304,42
274,00	1304,96
275,00	1302,90
276,00	1309,83
277,00	1304,44
278,00	1311,51
279,00	1304,70
280,00	1309,12
281,00	1300,57
282,00	1307,26
283,00	1304,13
284,00	1309,82
285,00	1301,01
286,00	1308,55
287,00	1299,48
288,00	1304,31
289,00	1306,19
290,00	1307,22
291,00	1299,18
292,00	1311,50
293,00	1301,63
294,00	1307,99
295,00	1306,71
296,00	1309,00
297,00	1303,00
298,00	1310,67
299,00	1303,38
300,00	1307,20
301,00	1298,63
302,00	1307,88
303,00	1304,63
304,00	1305,92
305,00	1299,14
306,00	1312,03
307,00	1301,47
308,00	1313,55
309,00	1304,96
310,00	1308,02
311,00	1301,77
312,00	1306,63
313,00	1305,01
314,00	1310,65
315,00	1300,92
316,00	1312,67
317,00	1305,97
318,00	1308,48
319,00	1301,99
320,00	1312,03
321,00	1299,97
322,00	1308,07
323,00	1302,63
324,00	1309,69
325,00	1300,08
326,00	1299,91
327,00	1301,79
328,00	1311,54
329,00	1299,15
330,00	1308,36
331,00	1303,60
332,00	1307,19
333,00	1303,57
334,00	1309,35
335,00	1307,03
336,00	1309,23
337,00	1301,41
338,00	1303,20
339,00	1301,16
340,00	1308,36
341,00	1304,87
342,00	1308,10
343,00	1297,56
344,00	1307,52
345,00	1302,94
346,00	1306,06
347,00	1302,05
348,00	1308,31
349,00	1306,19
350,00	1303,25
351,00	1300,90
352,00	1308,59
353,00	1300,28
354,00	1306,69
355,00	1302,47
356,00	1310,82
357,00	1305,71
358,00	1310,74
359,00	1301,75
360,00	1305,71
361,00	1305,31
362,00	1304,67
363,00	1307,18
364,00	1307,57
365,00	1304,40
366,00	1306,04
367,00	1306,10
368,00	1309,67
369,00	1303,97
370,00	1307,83
371,00	1302,76
372,00	1305,62
373,00	1301,98
374,00	1305,32
375,00	1303,59
376,00	1309,58
377,00	1300,25
378,00	1308,60
379,00	1304,80
380,00	1308,08
381,00	1301,78
382,00	1310,01
383,00	1302,59
384,00	1310,12
385,00	1305,16
386,00	1308,06
387,00	1304,80
388,00	1309,90
389,00	1301,23
390,00	1310,46
391,00	1299,86
392,00	1305,53
393,00	1305,10
394,00	1310,76
395,00	1302,36
396,00	1305,29
397,00	1305,19
398,00	1302,97
399,00	1302,13
400,00	1309,00
401,00	1305,76
402,00	1304,26
403,00	1304,61
404,00	1308,10
405,00	1305,11
406,00	1307,87
407,00	1305,01
408,00	1307,55
409,00	1300,69
410,00	1307,48
411,00	1300,84
412,00	1306,07
413,00	1299,96
414,00	1310,58
415,00	1304,53
416,00	1306,03
417,00	1307,28
418,00	1305,14
419,00	1304,97
420,00	1311,62
421,00	1303,05
422,00	1311,25
423,00	1305,17
424,00	1308,99
425,00	1304,50
426,00	1308,30
427,00	1300,21
428,00	1306,59
429,00	1304,96
430,00	1313,99
431,00	1302,44
432,00	1310,23
433,00	1304,12
434,00	1305,42
435,00	1302,69
436,00	1301,02
437,00	1301,61
438,00	1304,76
439,00	1306,03
440,00	1304,41
441,00	1304,63
442,00	1303,07
443,00	1302,16
444,00	1310,60
445,00	1300,66
446,00	1310,54
447,00	1304,68
448,00	1307,23
449,00	1301,51
450,00	1303,69
451,00	1302,64
452,00	1312,08
453,00	1305,47
454,00	1308,30
455,00	1308,71
456,00	1309,77
457,00	1303,11
458,00	1308,69
459,00	1306,93
460,00	1313,02
461,00	1309,10
462,00	1305,81
463,00	1307,37
464,00	1305,12
465,00	1304,53
466,00	1311,39
467,00	1306,32
468,00	1308,83
469,00	1304,38
470,00	1308,82
471,00	1305,69
472,00	1307,30
473,00	1304,46
474,00	1305,25
475,00	1302,86
476,00	1310,42
477,00	1305,96
478,00	1303,98
479,00	1304,26
480,00	1306,17
481,00	1305,56
482,00	1307,35
483,00	1305,46
484,00	1307,81
485,00	1304,49
486,00	1310,35
487,00	1301,92
488,00	1308,22
489,00	1305,34
490,00	1309,92
491,00	1303,24
492,00	1310,88
493,00	1302,82
494,00	1312,52
495,00	1309,38
496,00	1306,13
497,00	1301,41
498,00	1308,88
499,00	1303,73
500,00	1308,99
501,00	1307,31
502,00	1307,99
503,00	1304,01
504,00	1306,42
505,00	1300,52
506,00	1311,78
507,00	1300,23
508,00	1309,52
509,00	1306,14
510,00	1306,15
511,00	1307,35
512,00	1304,62
513,00	1301,41
514,00	1306,35
515,00	1298,41
516,00	1308,34
517,00	1306,11
518,00	1308,27
519,00	1305,66
520,00	1310,23
521,00	1300,30
522,00	1306,60
523,00	1302,78
524,00	1304,73
525,00	1305,17
526,00	1306,99
527,00	1303,05
528,00	1306,08
529,00	1299,15
530,00	1310,89
531,00	1304,85
532,00	1310,34
533,00	1305,77
534,00	1306,44
535,00	1303,55
536,00	1309,38
537,00	1296,21
538,00	1313,89
539,00	1299,24
540,00	1308,98
541,00	1303,07
542,00	1308,07
543,00	1301,19
544,00	1308,36
545,00	1305,81
546,00	1309,32
547,00	1299,12
548,00	1310,78
549,00	1303,37
550,00	1307,12
551,00	1307,27
552,00	1308,73
553,00	1305,74
554,00	1306,81
555,00	1304,91
556,00	1314,06
557,00	1307,85
558,00	1305,98
559,00	1300,61
560,00	1305,16
561,00	1307,86
562,00	1312,11
563,00	1306,60
564,00	1310,84
565,00	1301,88
566,00	1310,38
567,00	1301,02
568,00	1313,03
569,00	1305,34
570,00	1309,05
571,00	1306,13
572,00	1308,32
573,00	1304,81
574,00	1309,46
575,00	1303,65
576,00	1311,13
577,00	1306,20
578,00	1307,44
579,00	1306,17
580,00	1308,71
581,00	1300,98
582,00	1307,76
583,00	1300,25
584,00	1310,22
585,00	1304,87
586,00	1310,52
587,00	1302,04
588,00	1310,67
589,00	1306,79
590,00	1306,73
591,00	1302,87
592,00	1309,75
593,00	1300,12
594,00	1304,80
595,00	1306,02
596,00	1308,21
597,00	1302,08
598,00	1309,98
599,00	1303,87
600,00	1309,41
601,00	1306,52
602,00	1311,88
603,00	1304,03
604,00	1314,02
605,00	1307,18
606,00	1310,42
607,00	1299,07
608,00	1309,45
609,00	1304,39
610,00	1307,95
611,00	1303,91
612,00	1308,87
613,00	1308,51
614,00	1314,17
615,00	1308,44
616,00	1310,33
617,00	1301,97
618,00	1308,03
619,00	1306,07
620,00	1312,57
621,00	1304,40
622,00	1308,79
623,00	1308,38
624,00	1308,45
625,00	1304,44
626,00	1308,14
627,00	1304,76
628,00	1310,84
629,00	1304,30
630,00	1311,37
631,00	1308,72
632,00	1305,66
633,00	1307,15
634,00	1308,29
635,00	1307,25
636,00	1304,82
637,00	1307,20
638,00	1312,31
639,00	1310,84
640,00	1312,26
641,00	1306,83
642,00	1309,84
643,00	1302,76
644,00	1310,84
645,00	1305,56
646,00	1309,40
647,00	1310,00
648,00	1309,19
649,00	1307,45
650,00	1311,89
651,00	1303,50
652,00	1309,70
653,00	1302,27
654,00	1309,86
655,00	1305,85
656,00	1307,87
657,00	1309,13
658,00	1313,63
659,00	1308,50
660,00	1311,78
661,00	1307,49
662,00	1306,69
663,00	1307,27
664,00	1311,74
665,00	1304,18
666,00	1315,54
667,00	1305,41
668,00	1310,86
669,00	1302,74
670,00	1311,30
671,00	1302,76
672,00	1312,94
673,00	1304,55
674,00	1310,64
675,00	1309,14
676,00	1307,27
677,00	1304,27
678,00	1306,44
679,00	1305,63
680,00	1311,70
681,00	1306,30
682,00	1308,29
683,00	1312,76
684,00	1312,32
685,00	1306,24
686,00	1313,96
687,00	1303,34
688,00	1317,53
689,00	1307,34
690,00	1308,59
691,00	1307,45
692,00	1310,32
693,00	1306,21
694,00	1309,01
695,00	1306,77
696,00	1311,82
697,00	1304,03
698,00	1310,36
699,00	1308,43
700,00	1309,02
701,00	1310,46
702,00	1310,78
703,00	1307,62
704,00	1314,27
705,00	1306,81
706,00	1309,09
707,00	1304,33
708,00	1313,33
709,00	1303,92
710,00	1315,86
711,00	1302,57
712,00	1311,14
713,00	1307,58
714,00	1308,68
715,00	1308,42
716,00	1311,39
717,00	1307,58
718,00	1313,78
719,00	1304,77
720,00	1310,97
721,00	1310,09
722,00	1315,55
723,00	1309,08
724,00	1313,61
725,00	1307,57
726,00	1310,43
727,00	1307,52
728,00	1310,76
729,00	1308,20
730,00	1312,77
731,00	1307,47
732,00	1311,41
733,00	1307,10
734,00	1313,04
735,00	1309,03
736,00	1315,74
737,00	1305,01
738,00	1317,67
739,00	1306,78
740,00	1312,95
741,00	1306,65
742,00	1315,67
743,00	1304,37
744,00	1313,08
745,00	1310,03
746,00	1314,73
747,00	1312,29
748,00	1312,77
749,00	1302,10
750,00	1313,47
751,00	1306,17
752,00	1311,64
753,00	1310,68
754,00	1311,35
755,00	1310,11
756,00	1314,30
757,00	1309,20
758,00	1314,70
759,00	1310,21
760,00	1309,49
761,00	1313,31
762,00	1310,43
763,00	1310,93
764,00	1315,96
765,00	1307,26
766,00	1315,28
767,00	1307,38
768,00	1306,71
769,00	1310,94
770,00	1314,14
771,00	1309,39
772,00	1313,85
773,00	1304,29
774,00	1309,64
775,00	1309,07
776,00	1314,42
777,00	1309,15
778,00	1310,98
779,00	1303,15
780,00	1312,42
781,00	1306,03
782,00	1314,58
783,00	1310,11
784,00	1312,72
785,00	1305,27
786,00	1314,73
787,00	1307,26
788,00	1313,10
789,00	1306,47
790,00	1311,56
791,00	1310,83
792,00	1313,10
793,00	1306,15
794,00	1312,11
795,00	1313,27
796,00	1313,27
797,00	1304,58
798,00	1310,34
799,00	1305,90
800,00	1313,64
801,00	1311,76
802,00	1314,57
803,00	1308,53
804,00	1316,78
805,00	1310,03
806,00	1312,23
807,00	1303,31
808,00	1308,74
809,00	1309,83
810,00	1312,00
811,00	1311,88
812,00	1310,80
813,00	1305,13
814,00	1313,26
815,00	1311,38
816,00	1308,71
817,00	1312,33
818,00	1311,94
819,00	1306,82
820,00	1313,59
821,00	1309,94
822,00	1311,62
823,00	1305,88
824,00	1313,00
825,00	1310,86
826,00	1313,44
827,00	1304,28
828,00	1314,55
829,00	1312,06
830,00	1312,69
831,00	1316,26
832,00	1311,91
833,00	1309,02
834,00	1312,37
835,00	1306,57
836,00	1313,53
837,00	1311,27
838,00	1314,35
839,00	1306,87
840,00	1311,37
841,00	1314,09
842,00	1317,68
843,00	1310,74
844,00	1310,36
845,00	1305,05
846,00	1311,20
847,00	1307,44
848,00	1312,10
849,00	1307,99
850,00	1318,46
851,00	1310,47
852,00	1315,25
853,00	1312,09
854,00	1314,16
855,00	1308,74
856,00	1317,07
857,00	1310,56
858,00	1312,02
859,00	1309,41
860,00	1310,52
861,00	1310,42
862,00	1318,59
863,00	1305,09
864,00	1311,68
865,00	1309,50
866,00	1307,58
867,00	1309,91
868,00	1310,56
869,00	1307,25
870,00	1308,58
871,00	1306,06
872,00	1313,71
873,00	1306,72
874,00	1312,38
875,00	1305,63
876,00	1312,77
877,00	1310,60
878,00	1314,85
879,00	1310,01
880,00	1314,78
881,00	1306,45
882,00	1313,59
883,00	1306,24
884,00	1314,13
885,00	1308,13
886,00	1309,96
887,00	1308,95
888,00	1315,17
889,00	1311,62
890,00	1312,00
891,00	1311,79
892,00	1317,75
893,00	1310,72
894,00	1317,04
895,00	1308,39
896,00	1311,33
897,00	1308,56
898,00	1312,14
899,00	1308,95
900,00	1311,82
901,00	1313,65
902,00	1311,81
903,00	1309,68
904,00	1314,61
905,00	1308,17
906,00	1312,98
907,00	1312,45
908,00	1317,90
909,00	1309,08
910,00	1314,26
911,00	1309,51
912,00	1309,50
913,00	1311,26
914,00	1314,45
915,00	1307,05
916,00	1317,47
917,00	1309,27
918,00	1314,61
919,00	1311,53
920,00	1314,61
921,00	1308,41
922,00	1312,52
923,00	1309,80
924,00	1313,54
925,00	1303,59
926,00	1313,58
927,00	1311,48
928,00	1318,35
929,00	1305,90
930,00	1314,71
931,00	1309,14
932,00	1314,36
933,00	1311,97
934,00	1318,39
935,00	1307,23
936,00	1318,27
937,00	1310,77
938,00	1309,93
939,00	1308,80
940,00	1316,59
941,00	1308,31
942,00	1317,08
943,00	1310,31
944,00	1315,53
945,00	1305,81
946,00	1317,37
947,00	1309,42
948,00	1315,03
949,00	1310,51
950,00	1312,43
951,00	1309,29
952,00	1315,21
953,00	1305,66
954,00	1312,24
955,00	1309,89
956,00	1316,72
957,00	1311,76
958,00	1315,87
959,00	1307,00
960,00	1315,39
961,00	1309,62
962,00	1315,65
963,00	1312,34
964,00	1314,32
965,00	1307,15
966,00	1318,74
967,00	1309,45
968,00	1315,81
969,00	1309,54
970,00	1313,67
971,00	1306,31
972,00	1314,00
973,00	1309,12
974,00	1313,89
975,00	1313,15
976,00	1314,24
977,00	1312,43
978,00	1318,13
979,00	1310,25
980,00	1315,46
981,00	1311,75
982,00	1317,19
983,00	1306,70
984,00	1314,03
985,00	1311,48
986,00	1312,87
987,00	1309,44
988,00	1314,85
989,00	1309,54
990,00	1309,94
991,00	1312,56
992,00	1311,30
993,00	1314,57
994,00	1317,40
995,00	1313,56
996,00	1313,41
997,00	1308,84
998,00	1314,97
999,00	1311,19
1000,00	1310,62
1001,00	1312,35
1002,00	1313,94
1003,00	1315,71
1004,00	1315,76
1005,00	1305,10
1006,00	1313,46
1007,00	1311,70
1008,00	1313,10
1009,00	1308,82
1010,00	1314,89
1011,00	1313,21
1012,00	1311,51
1013,00	1306,93
1014,00	1316,00
1015,00	1308,71
1016,00	1319,48
1017,00	1308,04
1018,00	1315,27
1019,00	1312,73
1020,00	1313,89
1021,00	1313,33
1022,00	1311,16
1023,00	1310,04
1024,00	1313,98
1025,00	1310,67
1026,00	1317,08
1027,00	1313,87
1028,00	1316,86
1029,00	1307,08
1030,00	1312,86
1031,00	1309,30
1032,00	1317,55
1033,00	1308,53
1034,00	1316,94
1035,00	1313,10
1036,00	1318,55
1037,00	1309,18
1038,00	1315,71
1039,00	1312,01
1040,00	1310,92
1041,00	1311,66
1042,00	1316,78
1043,00	1313,25
1044,00	1314,14
1045,00	1310,52
1046,00	1317,87
1047,00	1311,69
1048,00	1314,98
1049,00	1311,74
1050,00	1312,92
1051,00	1312,18
1052,00	1315,86
1053,00	1311,06
1054,00	1314,22
1055,00	1305,67
1056,00	1314,34
1057,00	1311,32
1058,00	1318,57
1059,00	1316,70
1060,00	1322,50
1061,00	1310,60
1062,00	1314,27
1063,00	1313,13
1064,00	1321,60
1065,00	1314,07
1066,00	1319,19
1067,00	1313,30
1068,00	1317,64
1069,00	1314,50
1070,00	1315,55
1071,00	1310,19
1072,00	1322,95
1073,00	1312,90
1074,00	1312,73
1075,00	1308,91
1076,00	1312,44
1077,00	1312,41
1078,00	1313,84
1079,00	1310,71
1080,00	1317,02
1081,00	1311,44
1082,00	1312,94
1083,00	1316,08
1084,00	1321,32
1085,00	1310,63
1086,00	1316,56
1087,00	1310,46
1088,00	1316,00
1089,00	1310,57
1090,00	1314,71
1091,00	1314,73
1092,00	1316,21
1093,00	1312,14
1094,00	1315,05
1095,00	1308,09
1096,00	1320,00
1097,00	1305,49
1098,00	1314,32
1099,00	1314,68
1100,00	1318,02
1101,00	1310,43
1102,00	1318,69
1103,00	1315,00
1104,00	1316,19
1105,00	1312,29
1106,00	1315,26
1107,00	1312,12
1108,00	1322,05
1109,00	1309,68
1110,00	1317,88
1111,00	1317,07
1112,00	1313,59
1113,00	1309,74
1114,00	1314,91
1115,00	1312,17
1116,00	1316,28
1117,00	1312,71
1118,00	1315,30
1119,00	1315,80
1120,00	1315,27
1121,00	1314,46
1122,00	1315,02
1123,00	1315,47
1124,00	1318,67
1125,00	1308,82
1126,00	1317,79
1127,00	1313,93
1128,00	1313,71
1129,00	1316,38
1130,00	1312,08
1131,00	1316,67
1132,00	1316,39
1133,00	1319,87
1134,00	1319,22
1135,00	1310,25
1136,00	1318,78
1137,00	1314,99
1138,00	1316,56
1139,00	1318,03
1140,00	1313,53
1141,00	1313,20
1142,00	1320,62
1143,00	1314,63
1144,00	1320,58
1145,00	1310,53
1146,00	1318,83
1147,00	1311,65
1148,00	1323,20
1149,00	1310,54
1150,00	1316,85
1151,00	1309,07
1152,00	1321,57
1153,00	1311,61
1154,00	1315,23
1155,00	1311,91
1156,00	1317,63
1157,00	1314,06
1158,00	1312,43
1159,00	1316,87
1160,00	1323,14
1161,00	1309,96
1162,00	1317,01
1163,00	1313,64
1164,00	1317,73
1165,00	1315,24
1166,00	1319,34
1167,00	1312,32
1168,00	1320,13
1169,00	1313,62
1170,00	1319,19
1171,00	1312,80
1172,00	1312,78
1173,00	1318,28
1174,00	1317,95
1175,00	1311,69
1176,00	1316,99
1177,00	1318,96
1178,00	1320,18
1179,00	1315,71
1180,00	1323,13
1181,00	1314,68
1182,00	1308,89
1183,00	1315,55
1184,00	1319,29
1185,00	1310,68
1186,00	1316,50
1187,00	1313,85
1188,00	1320,19
1189,00	1312,60
1190,00	1315,96
1191,00	1312,27
1192,00	1319,26
1193,00	1314,91
1194,00	1318,85
1195,00	1311,13
1196,00	1320,42
1197,00	1314,83
1198,00	1309,09
1199,00	1313,85
1200,00	1315,86
1201,00	1317,93
1202,00	1327,32
1203,00	1317,86
1204,00	1317,90
1205,00	1314,17
1206,00	1320,16
1207,00	1311,43
1208,00	1321,38
1209,00	1314,17
1210,00	1314,81
1211,00	1316,67
1212,00	1322,31
1213,00	1318,00
1214,00	1324,33
1215,00	1314,90
1216,00	1320,87
1217,00	1311,61
1218,00	1317,29
1219,00	1317,93
1220,00	1321,82
1221,00	1318,77
1222,00	1322,85
1223,00	1317,04
1224,00	1323,02
1225,00	1311,98
1226,00	1322,52
1227,00	1315,05
1228,00	1319,71
1229,00	1320,13
1230,00	1318,15
1231,00	1316,88
1232,00	1322,99
1233,00	1314,98
1234,00	1320,67
1235,00	1320,01
1236,00	1322,99
1237,00	1318,35
1238,00	1324,55
1239,00	1321,98
1240,00	1323,22
1241,00	1315,48
1242,00	1319,52
1243,00	1322,83
1244,00	1320,03
1245,00	1320,99
1246,00	1324,31
1247,00	1312,97
1248,00	1323,99
1249,00	1316,21
1250,00	1320,88
1251,00	1317,85
1252,00	1320,98
1253,00	1318,44
1254,00	1319,44
1255,00	1317,95
1256,00	1318,32
1257,00	1316,37
1258,00	1321,17
1259,00	1317,10
1260,00	1318,52
1261,00	1317,43
1262,00	1326,01
1263,00	1315,62
1264,00	1328,27
1265,00	1316,13
1266,00	1321,39
1267,00	1321,73
1268,00	1324,10
1269,00	1318,69
1270,00	1327,82
1271,00	1320,98
1272,00	1324,77
1273,00	1325,73
1274,00	1327,87
1275,00	1320,10
1276,00	1326,88
1277,00	1312,30
1278,00	1329,14
1279,00	1318,74
1280,00	1330,88
1281,00	1324,22
1282,00	1332,92
1283,00	1323,88
1284,00	1326,95
1285,00	1322,49
1286,00	1329,03
1287,00	1324,79
1288,00	1324,64
1289,00	1322,77
1290,00	1325,67
1291,00	1321,10
1292,00	1330,37
1293,00	1326,40
1294,00	1329,54
1295,00	1325,49
1296,00	1334,96
1297,00	1328,72
1298,00	1329,85
1299,00	1331,55
1300,00	1331,44
1301,00	1329,82
1302,00	1331,16
1303,00	1334,72
1304,00	1334,37
1305,00	1332,60
1306,00	1337,50
1307,00	1329,91
1308,00	1337,02
1309,00	1337,24
1310,00	1337,39
1311,00	1332,37
1312,00	1339,85
1313,00	1336,47
1314,00	1336,21
1315,00	1335,82
1316,00	1341,46
1317,00	1334,07
1318,00	1340,95
1319,00	1336,50
1320,00	1343,32
1321,00	1339,23
1322,00	1339,41
1323,00	1336,12
1324,00	1340,68
1325,00	1342,79
1326,00	1348,46
1327,00	1334,60
1328,00	1345,67
1329,00	1339,70
1330,00	1352,67
1331,00	1343,83
1332,00	1346,86
1333,00	1349,96
1334,00	1351,96
1335,00	1347,45
1336,00	1352,07
1337,00	1345,01
1338,00	1364,75
1339,00	1359,98
1340,00	1373,43
1341,00	1379,81
1342,00	1391,22
1343,00	1401,70
1344,00	1430,65
1345,00	1444,13
1346,00	1472,26
1347,00	1506,09
1348,00	1553,57
1349,00	1603,90
1350,00	1653,61
1351,00	1727,39
1352,00	1811,72
1353,00	1894,29
1354,00	2000,94
1355,00	2117,46
1356,00	2232,54
1357,00	2382,06
1358,00	2549,29
1359,00	2705,90
1360,00	2915,24
1361,00	3106,65
1362,00	3318,40
1363,00	3533,65
1364,00	3795,52
1365,00	4031,98
1366,00	4323,05
1367,00	4634,78
1368,00	4949,48
1369,00	5244,24
1370,00	5595,18
1371,00	5947,73
1372,00	6286,39
1373,00	6649,91
1374,00	7004,40
1375,00	7260,28
1376,00	7671,53
1377,00	8129,22
1378,00	8550,92
1379,00	8858,52
1380,00	9323,79
1381,00	9746,03
1382,00	10051,79
1383,00	10369,33
1384,00	10698,53
1385,00	11150,97
1386,00	11393,66
1387,00	11761,26
1388,00	12066,55
1389,00	12418,57
1390,00	12634,24
1391,00	12929,31
1392,00	13261,92
1393,00	13514,44
1394,00	13783,59
1395,00	14090,58
1396,00	14221,58
1397,00	14333,92
1398,00	14742,94
1399,00	14915,52
1400,00	15120,91
1401,00	15076,24
1402,00	15297,96
1403,00	15273,48
1404,00	15655,84
1405,00	15730,76
1406,00	15852,70
1407,00	15764,29
1408,00	16017,18
1409,00	16042,79
1410,00	16208,16
1411,00	16268,95
1412,00	16366,92
1413,00	16353,95
1414,00	16398,11
1415,00	16358,03
1416,00	16597,24
1417,00	16578,43
1418,00	16477,36
1419,00	16605,79
1420,00	16592,02
1421,00	16595,22
1422,00	16707,50
1423,00	16741,95
1424,00	16588,49
1425,00	16705,43
1426,00	16642,20
1427,00	16814,35
1428,00	16826,68
1429,00	16806,19
1430,00	16746,17
1431,00	16679,23
1432,00	16696,16
1433,00	16658,84
1434,00	16804,01
1435,00	16543,12
1436,00	16857,07
1437,00	16841,70
1438,00	16595,11
1439,00	16717,22
1440,00	16879,91
1441,00	16862,78
1442,00	16615,67
1443,00	16797,17
1444,00	16698,69
1445,00	16488,96
1446,00	16544,11
1447,00	16782,79
1448,00	16738,83
1449,00	16875,86
1450,00	16798,22
1451,00	16750,78
1452,00	16682,36
1453,00	16632,38
1454,00	16420,57
1455,00	16469,80
1456,00	16531,22
1457,00	16536,45
1458,00	16610,02
1459,00	16611,45
1460,00	16491,29
1461,00	16593,28
1462,00	16457,06
1463,00	16418,33
1464,00	16257,84
1465,00	16481,97
1466,00	16340,57
1467,00	16311,82
1468,00	16308,95
1469,00	16319,75
1470,00	16241,02
1471,00	16300,92
1472,00	16149,95
1473,00	16136,24
1474,00	16126,23
1475,00	16119,43
1476,00	16127,44
1477,00	16076,13
1478,00	16047,88
1479,00	16144,17
1480,00	16093,01
1481,00	15983,89
1482,00	15903,92
1483,00	16001,83
1484,00	15907,77
1485,00	16059,77
1486,00	16025,01
1487,00	15888,69
1488,00	15767,29
1489,00	15729,73
1490,00	15818,88
1491,00	15830,93
1492,00	15732,01
1493,00	15721,57
1494,00	15898,70
1495,00	15793,59
1496,00	15674,70
1497,00	15707,83
1498,00	15571,68
1499,00	15552,36
1500,00	15568,66
1501,00	15727,23
1502,00	15500,72
1503,00	15533,77
1504,00	15446,46
1505,00	15486,13
1506,00	15536,85
1507,00	15389,39
1508,00	15521,31
1509,00	15451,86
1510,00	15245,43
1511,00	15274,41
1512,00	15338,91
1513,00	15342,22
1514,00	15370,26
1515,00	15183,92
1516,00	15224,93
1517,00	15219,64
1518,00	15157,50
1519,00	15104,34
1520,00	15110,14
1521,00	15085,90
1522,00	15051,31
1523,00	15036,33
1524,00	15031,93
1525,00	15148,78
1526,00	14973,14
1527,00	15039,07
1528,00	14965,57
1529,00	14927,79
1530,00	14958,78
1531,00	14823,44
1532,00	14834,44
1533,00	14806,83
1534,00	14859,02
1535,00	14751,26
1536,00	14690,79
1537,00	14850,09
1538,00	14747,37
1539,00	14648,97
1540,00	14738,35
1541,00	14731,25
1542,00	14740,82
1543,00	14626,29
1544,00	14550,34
1545,00	14551,60
1546,00	14415,10
1547,00	14574,91
1548,00	14503,83
1549,00	14455,08
1550,00	14542,02
1551,00	14357,84
1552,00	14221,81
1553,00	14413,82
1554,00	14340,06
1555,00	14347,35
1556,00	14223,93
1557,00	14192,91
1558,00	14228,54
1559,00	14189,77
1560,00	14087,35
1561,00	14149,28
1562,00	14141,78
1563,00	14061,12
1564,00	14090,85
1565,00	14098,47
1566,00	14063,46
1567,00	13966,87
1568,00	14010,68
1569,00	13951,91
1570,00	14017,33
1571,00	13832,71
1572,00	14036,09
1573,00	13858,09
1574,00	13851,68
1575,00	13870,32
1576,00	13787,84
1577,00	13735,26
1578,00	13780,29
1579,00	13842,93
1580,00	13738,06
1581,00	13793,23
1582,00	13682,71
1583,00	13656,69
1584,00	13715,50
1585,00	13597,97
1586,00	13542,18
1587,00	13553,35
1588,00	13500,80
1589,00	13385,62
1590,00	13475,61
1591,00	13506,73
1592,00	13298,92
1593,00	13231,80
1594,00	13350,65
1595,00	13404,05
1596,00	13364,05
1597,00	13161,82
1598,00	13253,11
1599,00	13247,20
1600,00	13129,66
1601,00	13141,41
1602,00	13162,82
1603,00	13172,27
1604,00	13099,38
1605,00	13101,12
1606,00	13068,20
1607,00	13050,12
1608,00	13091,74
1609,00	12952,75
1610,00	12863,14
1611,00	12961,17
1612,00	12820,48
1613,00	12852,96
1614,00	12812,55
1615,00	12805,70
1616,00	12794,61
1617,00	12842,71
1618,00	12849,99
1619,00	12840,56
1620,00	12716,79
1621,00	12645,46
1622,00	12805,12
1623,00	12669,46
1624,00	12645,67
1625,00	12576,79
1626,00	12580,14
1627,00	12500,77
1628,00	12541,37
1629,00	12495,67
1630,00	12460,33
1631,00	12487,31
1632,00	12552,09
1633,00	12561,76
1634,00	12555,38
1635,00	12348,90
1636,00	12343,90
1637,00	12362,90
1638,00	12176,78
1639,00	12301,01
1640,00	12294,20
1641,00	12174,91
1642,00	12151,12
1643,00	12111,99
1644,00	12181,12
1645,00	12032,16
1646,00	11974,59
1647,00	12176,68
1648,00	12102,43
1649,00	12115,31
1650,00	11934,64
1651,00	12062,76
1652,00	11956,31
1653,00	11948,15
1654,00	11937,71
1655,00	11840,44
1656,00	11929,58
1657,00	11916,44
1658,00	11803,69
1659,00	11884,44
1660,00	11871,41
1661,00	11796,91
1662,00	11965,75
1663,00	11760,88
1664,00	11895,97
1665,00	11869,54
1666,00	11746,87
1667,00	11858,39
1668,00	11699,96
1669,00	11588,22
1670,00	11631,79
1671,00	11597,58
1672,00	11565,45
1673,00	11542,02
1674,00	11544,98
1675,00	11465,14
1676,00	11560,72
1677,00	11480,89
1678,00	11519,13
1679,00	11336,80
1680,00	11341,49
1681,00	11429,60
1682,00	11446,28
1683,00	11372,65
1684,00	11369,64
1685,00	11158,02
1686,00	11318,60
1687,00	11299,26
1688,00	11267,87
1689,00	11253,99
1690,00	11191,11
1691,00	11176,98
1692,00	10997,84
1693,00	11034,93
1694,00	11153,60
1695,00	11080,40
1696,00	11171,37
1697,00	11029,74
1698,00	11088,82
1699,00	11039,38
1700,00	11091,49
1701,00	11015,85
1702,00	11014,39
1703,00	10936,87
1704,00	10960,33
1705,00	10885,13
1706,00	10890,32
1707,00	10822,28
1708,00	11001,70
1709,00	10843,96
1710,00	10724,09
1711,00	10784,65
1712,00	10651,84
1713,00	10754,26
1714,00	10731,07
1715,00	10579,39
1716,00	10789,07
1717,00	10750,78
1718,00	10633,62
1719,00	10584,73
1720,00	10618,10
1721,00	10605,16
1722,00	10540,73
1723,00	10559,02
1724,00	10610,42
1725,00	10593,38
1726,00	10559,41
1727,00	10552,72
1728,00	10425,59
1729,00	10425,55
1730,00	10450,32
1731,00	10325,19
1732,00	10291,42
1733,00	10393,77
1734,00	10341,76
1735,00	10279,45
1736,00	10266,74
1737,00	10273,50
1738,00	10220,13
1739,00	10255,61
1740,00	10199,94
1741,00	10209,00
1742,00	10158,83
1743,00	10135,09
1744,00	10126,65
1745,00	10159,65
1746,00	10092,69
1747,00	10074,80
1748,00	10115,18
1749,00	10096,11
1750,00	10018,82
1751,00	9961,51
1752,00	9972,28
1753,00	9931,53
1754,00	9953,74
1755,00	9784,93
1756,00	9905,48
1757,00	9886,25
1758,00	9834,56
1759,00	9821,75
1760,00	9960,83
1761,00	9758,12
1762,00	9905,06
1763,00	9749,03
1764,00	9766,25
1765,00	9772,73
1766,00	9732,61
1767,00	9725,75
1768,00	9754,06
1769,00	9806,72
1770,00	9713,53
1771,00	9563,13
1772,00	9667,48
1773,00	9641,95
1774,00	9632,76
1775,00	9618,22
1776,00	9646,00
1777,00	9597,84
1778,00	9499,62
1779,00	9569,47
1780,00	9627,28
1781,00	9545,26
1782,00	9620,72
1783,00	9534,78
1784,00	9480,33
1785,00	9461,15
1786,00	9392,52
1787,00	9449,62
1788,00	9523,94
1789,00	9430,07
1790,00	9429,03
1791,00	9433,83
1792,00	9339,78
1793,00	9411,22
1794,00	9349,37
1795,00	9331,61
1796,00	9289,88
1797,00	9285,80
1798,00	9260,20
1799,00	9257,46
1800,00	9299,53
1801,00	9190,62
1802,00	9235,48
1803,00	9214,50
1804,00	9169,79
1805,00	9252,28
1806,00	9245,07
1807,00	9243,72
1808,00	9131,11
1809,00	9104,49
1810,00	9178,97
1811,00	9068,37
1812,00	9119,32
1813,00	9128,48
1814,00	9178,58
1815,00	9046,42
1816,00	9094,70
1817,00	9175,57
1818,00	9108,24
1819,00	9090,33
1820,00	9107,64
1821,00	9058,78
1822,00	9075,81
1823,00	9139,83
1824,00	9089,63
1825,00	9069,32
1826,00	8967,45
1827,00	9020,85
1828,00	9013,08
1829,00	9033,32
1830,00	9012,58
1831,00	8980,29
1832,00	8956,79
1833,00	8960,66
1834,00	8916,73
1835,00	9002,42
1836,00	8946,87
1837,00	8895,20
1838,00	8914,38
1839,00	8917,15
1840,00	8852,82
1841,00	9048,37
1842,00	8939,65
1843,00	8839,16
1844,00	8873,83
1845,00	8833,38
1846,00	8742,40
1847,00	8683,94
1848,00	8762,60
1849,00	8847,59
1850,00	8855,25
1851,00	8800,96
1852,00	8800,71
1853,00	8769,96
1854,00	8741,15
1855,00	8710,56
1856,00	8582,66
1857,00	8754,00
1858,00	8722,41
1859,00	8711,47
1860,00	8646,29
1861,00	8574,51
1862,00	8623,10
1863,00	8611,69
1864,00	8611,77
1865,00	8647,32
1866,00	8543,36
1867,00	8526,26
1868,00	8536,14
1869,00	8616,92
1870,00	8536,26
1871,00	8477,55
1872,00	8620,66
1873,00	8504,23
1874,00	8529,85
1875,00	8531,31
1876,00	8436,06
1877,00	8493,83
1878,00	8469,62
1879,00	8367,39
1880,00	8487,51
1881,00	8449,45
1882,00	8477,73
1883,00	8447,56
1884,00	8513,49
1885,00	8402,32
1886,00	8375,78
1887,00	8412,69
1888,00	8370,16
1889,00	8469,03
1890,00	8418,33
1891,00	8318,96
1892,00	8339,92
1893,00	8266,76
1894,00	8218,13
1895,00	8323,97
1896,00	8386,54
1897,00	8279,63
1898,00	8196,32
1899,00	8333,17
1900,00	8309,68
1901,00	8230,07
1902,00	8245,71
1903,00	8209,74
1904,00	8250,81
1905,00	8268,82
1906,00	8150,79
1907,00	8109,40
1908,00	8188,13
1909,00	8144,95
1910,00	8157,69
1911,00	8086,24
1912,00	8013,47
1913,00	8070,68
1914,00	8065,80
1915,00	8111,75
1916,00	8023,19
1917,00	8066,57
1918,00	7964,13
1919,00	7993,62
1920,00	7907,86
1921,00	7946,62
1922,00	7941,99
1923,00	7935,58
1924,00	7939,82
1925,00	7876,22
1926,00	7908,89
1927,00	7911,41
1928,00	7877,87
1929,00	7913,26
1930,00	7837,55
1931,00	7827,66
1932,00	7777,59
1933,00	7852,77
1934,00	7791,94
1935,00	7776,47
1936,00	7835,68
1937,00	7781,47
1938,00	7814,36
1939,00	7784,92
1940,00	7772,95
1941,00	7709,63
1942,00	7713,87
1943,00	7714,42
1944,00	7635,33
1945,00	7636,75
1946,00	7642,44
1947,00	7616,33
1948,00	7511,85
1949,00	7593,99
1950,00	7508,95
1951,00	7552,38
1952,00	7483,53
1953,00	7419,57
1954,00	7384,20
1955,00	7393,82
1956,00	7479,83
1957,00	7497,00
1958,00	7445,74
1959,00	7387,90
1960,00	7337,48
1961,00	7251,09
1962,00	7266,67
1963,00	7235,50
1964,00	7213,35
1965,00	7272,17
1966,00	7184,08
1967,00	7275,19
1968,00	7217,13
1969,00	7181,12
1970,00	7221,16
1971,00	7122,86
1972,00	7152,14
1973,00	7132,48
1974,00	7087,92
1975,00	7059,65
1976,00	7052,13
1977,00	7052,41
1978,00	6939,20
1979,00	7013,86
1980,00	6886,84
1981,00	6927,25
1982,00	6977,57
1983,00	6944,47
1984,00	6945,71
1985,00	6935,10
1986,00	6874,51
1987,00	6856,18
1988,00	6898,38
1989,00	6890,63
1990,00	6844,68
1991,00	6833,11
1992,00	6815,83
1993,00	6783,95
1994,00	6737,65
1995,00	6764,82
1996,00	6756,46
1997,00	6680,91
1998,00	6728,05
1999,00	6683,80
2000,00	6622,53
2001,00	6592,01
2002,00	6625,12
2003,00	6610,58
2004,00	6549,16
2005,00	6555,64
2006,00	6558,90
2007,00	6541,39
2008,00	6461,35
2009,00	6450,67
2010,00	6453,26
2011,00	6408,77
2012,00	6395,29
2013,00	6364,90
2014,00	6458,83
2015,00	6387,01
2016,00	6326,45
2017,00	6341,42
2018,00	6277,23
2019,00	6327,27
2020,00	6295,14
2021,00	6285,01
2022,00	6233,04
2023,00	6203,29
2024,00	6159,07
2025,00	6167,69
2026,00	6215,45
2027,00	6168,33
2028,00	6168,54
2029,00	6151,86
2030,00	6203,17
2031,00	6147,90
2032,00	6122,61
2033,00	6089,39
2034,00	6085,01
2035,00	6034,39
2036,00	6037,44
2037,00	5988,09
2038,00	5973,87
2039,00	5969,86
2040,00	5910,07
2041,00	5934,79
2042,00	5913,04
2043,00	5954,46
2044,00	5910,75
2045,00	5858,51
2046,00	5808,76
2047,00	5828,07
2048,00	5806,09
2049,00	5778,04
2050,00	5770,49
2051,00	5717,36
2052,00	5750,43
2053,00	5738,97
2054,00	5667,83
2055,00	5669,91
2056,00	5652,82
2057,00	5605,72
2058,00	5619,97
2059,00	5596,60
2060,00	5610,93
2061,00	5550,58
2062,00	5555,67
2063,00	5523,92
2064,00	5491,96
2065,00	5479,07
2066,00	5507,94
2067,00	5493,68
2068,00	5504,72
2069,00	5460,31
2070,00	5451,38
2071,00	5456,42
2072,00	5407,19
2073,00	5421,98
2074,00	5390,49
2075,00	5408,06
2076,00	5387,24
2077,00	5336,88
2078,00	5309,53
2079,00	5304,86
2080,00	5293,68
2081,00	5304,16
2082,00	5312,08
2083,00	5231,68
2084,00	5228,93
2085,00	5169,88
2086,00	5189,53
2087,00	5203,96
2088,00	5207,92
2089,00	5168,50
2090,00	5185,59
2091,00	5155,07
2092,00	5121,79
2093,00	5088,24
2094,00	5020,89
2095,00	5005,55
2096,00	5049,03
2097,00	5044,17
2098,00	5049,30
2099,00	5022,88
2100,00	5038,87
2101,00	4973,92
2102,00	4966,63
2103,00	4941,04
2104,00	4911,85
2105,00	4915,61
2106,00	4917,20
2107,00	4893,06
2108,00	4879,39
2109,00	4888,27
2110,00	4850,73
2111,00	4856,27
2112,00	4823,10
2113,00	4814,36
2114,00	4802,97
2115,00	4735,76
2116,00	4773,37
2117,00	4748,04
2118,00	4754,34
2119,00	4726,08
2120,00	4727,52
2121,00	4703,92
2122,00	4722,95
2123,00	4715,42
2124,00	4682,86
2125,00	4671,16
2126,00	4682,67
2127,00	4665,80
2128,00	4652,39
2129,00	4637,51
2130,00	4639,31
2131,00	4590,85
2132,00	4604,48
2133,00	4554,05
2134,00	4579,63
2135,00	4553,14
2136,00	4541,06
2137,00	4540,67
2138,00	4537,23
2139,00	4529,55
2140,00	4484,09
2141,00	4477,34
2142,00	4464,69
2143,00	4467,18
2144,00	4470,43
2145,00	4413,06
2146,00	4424,54
2147,00	4383,77
2148,00	4362,51
2149,00	4362,22
2150,00	4336,35
2151,00	4307,92
2152,00	4345,23
2153,00	4336,10
2154,00	4315,34
2155,00	4321,30
2156,00	4302,85
2157,00	4294,46
2158,00	4288,83
2159,00	4273,73
2160,00	4250,28
2161,00	4243,64
2162,00	4260,91
2163,00	4252,20
2164,00	4264,45
2165,00	4220,34
2166,00	4194,78
2167,00	4227,87
2168,00	4209,79
2169,00	4176,33
2170,00	4216,30
2171,00	4166,93
2172,00	4166,88
2173,00	4137,47
2174,00	4128,08
2175,00	4151,01
2176,00	4115,21
2177,00	4107,63
2178,00	4071,33
2179,00	4075,87
2180,00	4086,68
2181,00	4083,46
2182,00	4065,96
2183,00	4069,01
2184,00	4031,19
2185,00	4017,92
2186,00	4012,20
2187,00	3979,29
2188,00	3988,58
2189,00	4005,36
2190,00	4008,83
2191,00	3992,04
2192,00	4003,58
2193,00	3990,99
2194,00	3965,60
2195,00	3952,18
2196,00	3946,20
2197,00	3937,99
2198,00	3933,86
2199,00	3903,25
2200,00	3896,28
2201,00	3896,89
2202,00	3876,58
2203,00	3884,01
2204,00	3889,38
2205,00	3873,86
2206,00	3871,43
2207,00	3869,17
2208,00	3890,29
2209,00	3867,67
2210,00	3860,82
2211,00	3848,78
2212,00	3878,72
2213,00	3827,79
2214,00	3805,46
2215,00	3805,43
2216,00	3814,13
2217,00	3821,70
2218,00	3818,76
2219,00	3769,00
2220,00	3780,93
2221,00	3774,84
2222,00	3774,21
2223,00	3753,86
2224,00	3741,22
2225,00	3724,96
2226,00	3739,75
2227,00	3729,81
2228,00	3738,82
2229,00	3720,58
2230,00	3732,74
2231,00	3692,60
2232,00	3716,59
2233,00	3692,66
2234,00	3705,31
2235,00	3712,54
2236,00	3709,11
2237,00	3671,48
2238,00	3693,49
2239,00	3685,80
2240,00	3666,96
2241,00	3674,83
2242,00	3720,75
2243,00	3647,05
2244,00	3677,97
2245,00	3629,10
2246,00	3690,28
2247,00	3684,44
2248,00	3688,09
2249,00	3692,50
2250,00	3703,11
2251,00	3665,73
2252,00	3672,52
2253,00	3664,45
2254,00	3629,85
2255,00	3672,28
2256,00	3664,80
2257,00	3668,10
2258,00	3678,26
2259,00	3652,05
2260,00	3641,56
2261,00	3652,70
2262,00	3657,97
2263,00	3660,86
2264,00	3658,98
2265,00	3620,41
2266,00	3647,73
2267,00	3648,55
2268,00	3651,66
2269,00	3652,78
2270,00	3642,41
2271,00	3640,33
2272,00	3636,15
2273,00	3642,07
2274,00	3625,30
2275,00	3640,99
2276,00	3630,83
2277,00	3609,86
2278,00	3631,15
2279,00	3600,73
2280,00	3613,77
2281,00	3637,58
2282,00	3640,81
2283,00	3626,84
2284,00	3634,41
2285,00	3614,40
2286,00	3626,03
2287,00	3641,50
2288,00	3628,52
2289,00	3620,51
2290,00	3611,29
2291,00	3610,92
2292,00	3625,73
2293,00	3595,28
2294,00	3589,14
2295,00	3588,82
2296,00	3613,00
2297,00	3625,91
2298,00	3652,62
2299,00	3609,70
2300,00	3606,79
2301,00	3603,43
2302,00	3612,84
2303,00	3555,66
2304,00	3581,22
2305,00	3596,72
2306,00	3598,84
2307,00	3583,48
2308,00	3587,61
2309,00	3584,68
2310,00	3571,28
2311,00	3562,20
2312,00	3562,45
2313,00	3572,11
2314,00	3582,51
2315,00	3589,49
2316,00	3576,45
2317,00	3577,97
2318,00	3602,18
2319,00	3549,87
2320,00	3556,24
2321,00	3552,63
2322,00	3562,54
2323,00	3584,03
2324,00	3570,00
2325,00	3533,06
2326,00	3577,79
2327,00	3545,67
2328,00	3586,85
2329,00	3568,54
2330,00	3605,78
2331,00	3557,16
2332,00	3591,66
2333,00	3569,93
2334,00	3577,99
2335,00	3543,59
2336,00	3532,64
2337,00	3521,78
2338,00	3550,91
2339,00	3546,44
2340,00	3535,43
2341,00	3533,80
2342,00	3546,42
2343,00	3539,45
2344,00	3519,79
2345,00	3543,60
2346,00	3532,16
2347,00	3521,90
2348,00	3564,10
2349,00	3533,95
2350,00	3514,65
2351,00	3516,88
2352,00	3525,67
2353,00	3523,88
2354,00	3539,12
2355,00	3521,94
2356,00	3541,96
2357,00	3518,57
2358,00	3503,81
2359,00	3504,12
2360,00	3531,71
2361,00	3494,00
2362,00	3503,76
2363,00	3508,31
2364,00	3544,42
2365,00	3553,68
2366,00	3543,11
2367,00	3528,78
2368,00	3518,94
2369,00	3514,27
2370,00	3502,95
2371,00	3487,39
2372,00	3506,80
2373,00	3529,57
2374,00	3496,23
2375,00	3499,74
2376,00	3511,59
2377,00	3512,38
2378,00	3490,91
2379,00	3494,54
2380,00	3497,54
2381,00	3511,89
2382,00	3499,92
2383,00	3462,30
2384,00	3483,86
2385,00	3484,57
2386,00	3514,36
2387,00	3461,22
2388,00	3489,75
2389,00	3481,92
2390,00	3471,61
2391,00	3470,57
2392,00	3491,01
2393,00	3467,34
2394,00	3477,32
2395,00	3464,20
2396,00	3477,90
2397,00	3460,39
2398,00	3463,68
2399,00	3489,91
2400,00	3505,24
2401,00	3481,79
2402,00	3481,78
2403,00	3490,73
2404,00	3472,95
2405,00	3456,29
2406,00	3485,01
2407,00	3458,59
2408,00	3464,95
2409,00	3441,01
2410,00	3443,82
2411,00	3432,17
2412,00	3438,12
2413,00	3403,46
2414,00	3449,40
2415,00	3428,62
2416,00	3456,11
2417,00	3454,39
2418,00	3447,53
2419,00	3466,93
2420,00	3446,69
2421,00	3456,30
2422,00	3472,01
2423,00	3461,94
2424,00	3461,50
2425,00	3454,64
2426,00	3440,51
2427,00	3452,98
2428,00	3474,73
2429,00	3455,08
2430,00	3450,92
2431,00	3423,98
2432,00	3411,24
2433,00	3402,55
2434,00	3429,01
2435,00	3438,93
2436,00	3429,65
2437,00	3429,84
2438,00	3408,31
2439,00	3426,98
2440,00	3414,41
2441,00	3445,23
2442,00	3422,30
2443,00	3402,44
2444,00	3440,66
2445,00	3428,78
2446,00	3414,91
2447,00	3422,77
2448,00	3425,60
2449,00	3416,62
2450,00	3374,52
2451,00	3388,13
2452,00	3378,62
2453,00	3401,92
2454,00	3408,04
2455,00	3400,74
2456,00	3412,05
2457,00	3394,07
2458,00	3378,01
2459,00	3389,39
2460,00	3383,84
2461,00	3393,76
2462,00	3385,62
2463,00	3405,75
2464,00	3389,72
2465,00	3380,20
2466,00	3366,26
2467,00	3350,15
2468,00	3357,39
2469,00	3350,02
2470,00	3362,93
2471,00	3325,40
2472,00	3343,74
2473,00	3326,82
2474,00	3356,93
2475,00	3352,54
2476,00	3372,37
2477,00	3370,74
2478,00	3378,78
2479,00	3348,36
2480,00	3340,18
2481,00	3331,82
2482,00	3322,20
2483,00	3306,96
2484,00	3333,77
2485,00	3336,05
2486,00	3337,27
2487,00	3336,72
2488,00	3334,68
2489,00	3340,28
2490,00	3348,96
2491,00	3325,17
2492,00	3311,58
2493,00	3296,55
2494,00	3287,41
2495,00	3267,93
2496,00	3296,65
2497,00	3288,21
2498,00	3305,98
2499,00	3287,16
2500,00	3316,28
2501,00	3299,53
2502,00	3310,97
2503,00	3286,17
2504,00	3316,58
2505,00	3262,52
2506,00	3262,17
2507,00	3284,89
2508,00	3269,18
2509,00	3260,48
2510,00	3246,13
2511,00	3271,57
2512,00	3295,58
2513,00	3262,68
2514,00	3251,69
2515,00	3248,62
2516,00	3255,39
2517,00	3263,60
2518,00	3246,99
2519,00	3248,63
2520,00	3253,87
2521,00	3243,84
2522,00	3240,72
2523,00	3227,05
2524,00	3222,51
2525,00	3238,61
2526,00	3209,99
2527,00	3197,36
2528,00	3215,07
2529,00	3210,07
2530,00	3195,13
2531,00	3225,37
2532,00	3207,88
2533,00	3198,25
2534,00	3189,22
2535,00	3200,10
2536,00	3183,31
2537,00	3204,11
2538,00	3187,26
2539,00	3158,31
2540,00	3187,02
2541,00	3158,98
2542,00	3180,18
2543,00	3162,84
2544,00	3166,77
2545,00	3152,78
2546,00	3156,41
2547,00	3143,41
2548,00	3144,66
2549,00	3132,45
2550,00	3138,01
2551,00	3114,93
2552,00	3127,55
2553,00	3129,80
2554,00	3120,13
2555,00	3109,36
2556,00	3115,36
2557,00	3110,02
2558,00	3133,20
2559,00	3113,60
2560,00	3106,14
2561,00	3106,83
2562,00	3087,99
2563,00	3069,48
2564,00	3070,87
2565,00	3055,29
2566,00	3066,23
2567,00	3065,11
2568,00	3094,22
2569,00	3059,09
2570,00	3056,30
2571,00	3041,89
2572,00	3045,86
2573,00	3050,83
2574,00	3037,39
2575,00	3050,37
2576,00	3051,39
2577,00	3031,46
2578,00	3040,30
2579,00	3015,51
2580,00	3011,27
2581,00	2984,55
2582,00	2972,50
2583,00	2983,39
2584,00	2997,48
2585,00	3002,82
2586,00	2976,34
2587,00	2957,80
2588,00	2952,47
2589,00	2954,94
2590,00	2942,57
2591,00	2934,98
2592,00	2943,25
2593,00	2962,17
2594,00	2984,56
2595,00	2980,05
2596,00	2990,24
2597,00	2969,82
2598,00	2943,22
2599,00	2937,21
2600,00	2941,34
2601,00	2953,57
2602,00	2953,20
2603,00	2935,30
2604,00	2931,60
2605,00	2914,98
2606,00	2896,31
2607,00	2896,32
2608,00	2924,17
2609,00	2897,07
2610,00	2903,25
2611,00	2898,84
2612,00	2885,83
2613,00	2867,56
2614,00	2875,42
2615,00	2880,77
2616,00	2866,27
2617,00	2880,96
2618,00	2849,02
2619,00	2860,58
2620,00	2842,72
2621,00	2852,73
2622,00	2858,17
2623,00	2839,54
2624,00	2850,35
2625,00	2845,42
2626,00	2858,07
2627,00	2858,38
2628,00	2861,09
2629,00	2835,60
2630,00	2835,57
2631,00	2835,03
2632,00	2822,01
2633,00	2826,26
2634,00	2797,14
2635,00	2809,83
2636,00	2816,96
2637,00	2814,96
2638,00	2806,97
2639,00	2798,03
2640,00	2801,06
2641,00	2782,92
2642,00	2784,41
2643,00	2770,36
2644,00	2779,96
2645,00	2787,33
2646,00	2811,14
2647,00	2785,16
2648,00	2775,85
2649,00	2756,99
2650,00	2750,56
2651,00	2751,87
2652,00	2760,51
2653,00	2751,93
2654,00	2755,13
2655,00	2710,64
2656,00	2703,98
2657,00	2716,27
2658,00	2717,16
2659,00	2724,10
2660,00	2710,62
2661,00	2716,70
2662,00	2718,70
2663,00	2690,95
2664,00	2681,73
2665,00	2679,23
2666,00	2666,63
2667,00	2671,32
2668,00	2680,09
2669,00	2677,35
2670,00	2674,68
2671,00	2671,00
2672,00	2670,09
2673,00	2656,55
2674,00	2677,27
2675,00	2677,85
2676,00	2662,02
2677,00	2656,00
2678,00	2642,66
2679,00	2648,90
2680,00	2649,72
2681,00	2640,56
2682,00	2656,70
2683,00	2626,00
2684,00	2632,25
2685,00	2626,89
2686,00	2614,69
2687,00	2626,90
2688,00	2631,24
2689,00	2618,35
2690,00	2613,58
2691,00	2608,51
2692,00	2627,22
2693,00	2623,24
2694,00	2648,27
2695,00	2623,09
2696,00	2617,90
2697,00	2596,97
2698,00	2580,81
2699,00	2601,09
2700,00	2623,93
2701,00	2626,43
2702,00	2618,02
2703,00	2606,58
2704,00	2614,94
2705,00	2580,64
2706,00	2597,98
2707,00	2577,45
2708,00	2573,03
2709,00	2579,00
2710,00	2597,02
2711,00	2599,77
2712,00	2599,17
2713,00	2593,94
2714,00	2573,68
2715,00	2552,80
2716,00	2576,82
2717,00	2571,70
2718,00	2574,59
2719,00	2585,88
2720,00	2591,31
2721,00	2566,42
2722,00	2553,04
2723,00	2561,75
2724,00	2574,49
2725,00	2573,25
2726,00	2584,55
2727,00	2566,96
2728,00	2565,91
2729,00	2552,29
2730,00	2516,30
2731,00	2542,84
2732,00	2553,25
2733,00	2542,94
2734,00	2548,77
2735,00	2542,75
2736,00	2527,52
2737,00	2536,33
2738,00	2555,36
2739,00	2536,73
2740,00	2533,99
2741,00	2537,62
2742,00	2536,86
2743,00	2531,47
2744,00	2518,76
2745,00	2530,11
2746,00	2536,40
2747,00	2524,83
2748,00	2519,66
2749,00	2504,34
2750,00	2509,29
2751,00	2528,73
2752,00	2527,89
2753,00	2514,48
2754,00	2511,77
2755,00	2509,23
2756,00	2515,03
2757,00	2511,14
2758,00	2520,28
2759,00	2504,08
2760,00	2501,55
2761,00	2509,12
2762,00	2499,04
2763,00	2498,59
2764,00	2499,79
2765,00	2530,52
2766,00	2516,21
2767,00	2525,38
2768,00	2516,85
2769,00	2500,25
2770,00	2486,74
2771,00	2492,30
2772,00	2480,14
2773,00	2488,55
2774,00	2472,56
2775,00	2461,44
2776,00	2466,45
2777,00	2473,87
2778,00	2499,45
2779,00	2496,12
2780,00	2458,63
2781,00	2479,69
2782,00	2481,01
2783,00	2485,01
2784,00	2478,07
2785,00	2456,73
2786,00	2449,09
2787,00	2439,87
2788,00	2446,44
2789,00	2426,16
2790,00	2436,59
2791,00	2417,89
2792,00	2438,81
2793,00	2432,78
2794,00	2447,90
2795,00	2427,98
2796,00	2427,24
2797,00	2431,57
2798,00	2432,14
2799,00	2415,95
2800,00	2414,53
2801,00	2409,56
2802,00	2420,33
2803,00	2404,53
2804,00	2410,09
2805,00	2408,35
2806,00	2394,61
2807,00	2396,33
2808,00	2410,39
2809,00	2397,53
2810,00	2410,93
2811,00	2401,05
2812,00	2397,45
2813,00	2389,20
2814,00	2383,45
2815,00	2397,05
2816,00	2400,31
2817,00	2377,37
2818,00	2373,81
2819,00	2377,41
2820,00	2378,66
2821,00	2358,45
2822,00	2365,63
2823,00	2350,84
2824,00	2357,07
2825,00	2344,52
2826,00	2334,67
2827,00	2338,94
2828,00	2351,23
2829,00	2341,53
2830,00	2318,65
2831,00	2315,11
2832,00	2319,42
2833,00	2309,93
2834,00	2329,88
2835,00	2304,19
2836,00	2328,55
2837,00	2306,97
2838,00	2312,23
2839,00	2306,84
2840,00	2300,35
2841,00	2303,04
2842,00	2317,01
2843,00	2302,75
2844,00	2296,06
2845,00	2285,00
2846,00	2276,93
2847,00	2299,72
2848,00	2282,95
2849,00	2280,09
2850,00	2295,08
2851,00	2279,54
2852,00	2285,85
2853,00	2282,56
2854,00	2280,45
2855,00	2277,17
2856,00	2253,35
2857,00	2255,47
2858,00	2255,10
2859,00	2250,04
2860,00	2258,05
2861,00	2249,53
2862,00	2255,89
2863,00	2226,01
2864,00	2226,54
2865,00	2234,53
2866,00	2227,06
2867,00	2218,43
2868,00	2227,86
2869,00	2209,89
2870,00	2217,38
2871,00	2210,92
2872,00	2227,40
2873,00	2213,42
2874,00	2215,43
2875,00	2197,06
2876,00	2200,86
2877,00	2194,74
2878,00	2209,51
2879,00	2199,74
2880,00	2200,42
2881,00	2184,98
2882,00	2183,19
2883,00	2181,32
2884,00	2169,93
2885,00	2176,92
2886,00	2181,63
2887,00	2176,69
2888,00	2183,02
2889,00	2179,66
2890,00	2174,32
2891,00	2172,93
2892,00	2160,38
2893,00	2149,32
2894,00	2126,71
2895,00	2150,71
2896,00	2160,51
2897,00	2133,23
2898,00	2165,82
2899,00	2142,63
2900,00	2136,85
2901,00	2143,80
2902,00	2134,02
2903,00	2118,48
2904,00	2115,35
2905,00	2114,74
2906,00	2120,40
2907,00	2119,78
2908,00	2103,18
2909,00	2110,01
2910,00	2085,91
2911,00	2110,29
2912,00	2116,38
2913,00	2107,51
2914,00	2098,41
2915,00	2087,55
2916,00	2075,10
2917,00	2073,09
2918,00	2072,07
2919,00	2068,11
2920,00	2072,52
2921,00	2066,09
2922,00	2075,37
2923,00	2059,20
2924,00	2056,24
2925,00	2051,09
2926,00	2058,88
2927,00	2044,88
2928,00	2051,94
2929,00	2044,74
2930,00	2046,63
2931,00	2044,24
2932,00	2039,45
2933,00	2035,76
2934,00	2032,97
2935,00	2028,26
2936,00	2028,42
2937,00	2024,96
2938,00	2015,32
2939,00	2013,83
2940,00	2026,32
2941,00	2018,70
2942,00	2027,26
2943,00	2019,39
2944,00	2015,25
2945,00	2006,50
2946,00	2009,18
2947,00	2015,06
2948,00	2018,23
2949,00	1991,32
2950,00	2005,08
2951,00	1988,22
2952,00	1992,02
2953,00	1996,43
2954,00	1995,95
2955,00	1985,63
2956,00	1992,27
2957,00	1976,40
2958,00	1985,78
2959,00	1984,54
2960,00	1980,64
2961,00	1977,53
2962,00	1975,67
2963,00	1963,14
2964,00	1965,73
2965,00	1961,46
2966,00	1949,60
2967,00	1950,13
2968,00	1960,82
2969,00	1954,75
2970,00	1955,32
2971,00	1951,85
2972,00	1953,20
2973,00	1938,65
2974,00	1939,66
2975,00	1933,77
2976,00	1937,35
2977,00	1930,91
2978,00	1931,56
2979,00	1924,52
2980,00	1930,69
2981,00	1934,16
2982,00	1929,79
2983,00	1923,15
2984,00	1918,62
2985,00	1915,83
2986,00	1918,60
2987,00	1908,59
2988,00	1915,90
2989,00	1900,30
2990,00	1873,55
2991,00	1890,89
2992,00	1900,61
2993,00	1892,24
2994,00	1902,28
2995,00	1892,48
2996,00	1893,51
2997,00	1880,48
2998,00	1884,27
2999,00	1879,54
3000,00	1885,84
3001,00	1883,69
3002,00	1882,75
3003,00	1875,41
3004,00	1868,65
3005,00	1871,14
3006,00	1866,80
3007,00	1858,41
3008,00	1869,15
3009,00	1862,32
3010,00	1868,67
3011,00	1855,23
3012,00	1853,69
3013,00	1854,49
3014,00	1858,81
3015,00	1855,57
3016,00	1862,22
3017,00	1848,64
3018,00	1858,75
3019,00	1848,15
3020,00	1845,98
3021,00	1835,42
3022,00	1838,82
3023,00	1832,58
3024,00	1833,45
3025,00	1826,27
3026,00	1816,51
3027,00	1830,39
3028,00	1833,21
3029,00	1824,99
3030,00	1816,21
3031,00	1830,97
3032,00	1821,18
3033,00	1814,75
3034,00	1822,15
3035,00	1811,77
3036,00	1820,38
3037,00	1808,89
3038,00	1815,95
3039,00	1808,36
3040,00	1808,17
3041,00	1805,86
3042,00	1802,85
3043,00	1795,54
3044,00	1800,44
3045,00	1796,44
3046,00	1793,03
3047,00	1789,75
3048,00	1786,17
3049,00	1787,74
3050,00	1799,04
3051,00	1788,27
3052,00	1795,94
3053,00	1784,14
3054,00	1788,76
3055,00	1774,88
3056,00	1775,35
3057,00	1765,47
3058,00	1768,01
3059,00	1769,31
3060,00	1769,99
3061,00	1762,82
3062,00	1716,29
3063,00	1763,39
3064,00	1764,09
3065,00	1760,36
3066,00	1763,37
3067,00	1757,53
3068,00	1765,20
3069,00	1761,90
3070,00	1760,79
3071,00	1759,38
3072,00	1768,11
3073,00	1756,49
3074,00	1759,16
3075,00	1755,44
3076,00	1741,37
3077,00	1747,45
3078,00	1744,95
3079,00	1749,13
3080,00	1743,96
3081,00	1745,27
3082,00	1741,78
3083,00	1735,13
3084,00	1735,62
3085,00	1739,40
3086,00	1735,99
3087,00	1726,43
3088,00	1740,78
3089,00	1732,59
3090,00	1736,15
3091,00	1732,11
3092,00	1732,07
3093,00	1715,54
3094,00	1724,80
3095,00	1719,54
3096,00	1718,02
3097,00	1718,33
3098,00	1719,18
3099,00	1710,05
3100,00	1717,38
3101,00	1707,59
3102,00	1715,46
3103,00	1712,75
3104,00	1714,31
3105,00	1706,16
3106,00	1701,91
3107,00	1699,02
3108,00	1708,73
3109,00	1708,37
3110,00	1712,83
3111,00	1707,95
3112,00	1711,94
3113,00	1701,68
3114,00	1705,26
3115,00	1700,63
3116,00	1699,59
3117,00	1697,90
3118,00	1699,20
3119,00	1700,01
3120,00	1698,74
3121,00	1687,41
3122,00	1685,50
3123,00	1693,12
3124,00	1688,23
3125,00	1686,43
3126,00	1687,20
3127,00	1689,42
3128,00	1686,94
3129,00	1686,58
3130,00	1698,07
3131,00	1677,93
3132,00	1686,83
3133,00	1677,50
3134,00	1674,58
3135,00	1676,52
3136,00	1671,90
3137,00	1676,17
3138,00	1674,97
3139,00	1668,63
3140,00	1662,61
3141,00	1667,64
3142,00	1677,81
3143,00	1668,74
3144,00	1669,29
3145,00	1665,49
3146,00	1665,04
3147,00	1665,01
3148,00	1669,51
3149,00	1655,07
3150,00	1659,83
3151,00	1656,16
3152,00	1655,62
3153,00	1660,48
3154,00	1663,90
3155,00	1659,62
3156,00	1663,35
3157,00	1653,35
3158,00	1654,13
3159,00	1654,51
3160,00	1657,32
3161,00	1645,93
3162,00	1650,54
3163,00	1652,75
3164,00	1650,21
3165,00	1647,71
3166,00	1656,13
3167,00	1648,40
3168,00	1646,27
3169,00	1639,06
3170,00	1646,83
3171,00	1646,92
3172,00	1650,32
3173,00	1641,00
3174,00	1640,85
3175,00	1638,99
3176,00	1648,38
3177,00	1643,15
3178,00	1648,74
3179,00	1638,63
3180,00	1637,19
3181,00	1635,85
3182,00	1646,65
3183,00	1637,63
3184,00	1640,05
3185,00	1629,69
3186,00	1638,18
3187,00	1626,15
3188,00	1633,26
3189,00	1623,96
3190,00	1632,10
3191,00	1627,62
3192,00	1629,35
3193,00	1631,44
3194,00	1633,17
3195,00	1617,49
3196,00	1622,44
3197,00	1620,36
3198,00	1621,08
3199,00	1614,35
3200,00	1622,95
3201,00	1621,87
3202,00	1618,86
3203,00	1618,45
3204,00	1621,28
3205,00	1615,34
3206,00	1626,29
3207,00	1619,75
3208,00	1619,68
3209,00	1613,23
3210,00	1613,34
3211,00	1615,11
3212,00	1616,12
3213,00	1605,98
3214,00	1609,29
3215,00	1602,91
3216,00	1611,02
3217,00	1598,89
3218,00	1605,17
3219,00	1595,95
3220,00	1612,75
3221,00	1609,36
3222,00	1610,28
3223,00	1603,44
3224,00	1608,13
3225,00	1605,44
3226,00	1607,76
3227,00	1603,32
3228,00	1597,96
3229,00	1596,83
3230,00	1607,13
3231,00	1607,00
3232,00	1607,60
3233,00	1600,09
3234,00	1598,05
3235,00	1595,44
3236,00	1597,15
3237,00	1595,23
3238,00	1602,71
3239,00	1591,78
3240,00	1592,47
3241,00	1589,36
3242,00	1590,18
3243,00	1590,67
3244,00	1591,42
3245,00	1574,56
3246,00	1595,08
3247,00	1584,06
3248,00	1585,87
3249,00	1587,76
3250,00	1593,76
3251,00	1580,81
3252,00	1585,12
3253,00	1583,61
3254,00	1589,86
3255,00	1586,37
3256,00	1589,04
3257,00	1582,30
3258,00	1587,99
3259,00	1580,18
3260,00	1582,53
3261,00	1570,44
3262,00	1578,59
3263,00	1568,45
3264,00	1573,70
3265,00	1575,36
3266,00	1574,56
3267,00	1577,33
3268,00	1574,66
3269,00	1568,07
3270,00	1576,60
3271,00	1565,08
3272,00	1581,50
3273,00	1566,14
3274,00	1565,56
3275,00	1562,87
3276,00	1571,46
3277,00	1558,93
3278,00	1571,99
3279,00	1561,72
3280,00	1565,72
3281,00	1562,59
3282,00	1560,08
3283,00	1561,96
3284,00	1563,75
3285,00	1563,26
3286,00	1563,20
3287,00	1556,11
3288,00	1555,96
3289,00	1556,42
3290,00	1559,81
3291,00	1560,43
3292,00	1566,25
3293,00	1552,82
3294,00	1559,24
3295,00	1557,51
3296,00	1555,31
3297,00	1552,91
3298,00	1550,52
3299,00	1550,08
3300,00	1555,19
3301,00	1550,42
3302,00	1552,64
3303,00	1545,85
3304,00	1551,10
3305,00	1545,11
3306,00	1549,16
3307,00	1550,46
3308,00	1546,62
3309,00	1540,71
3310,00	1547,34
3311,00	1544,86
3312,00	1550,57
3313,00	1541,48
3314,00	1540,66
3315,00	1542,44
3316,00	1538,55
3317,00	1534,86
3318,00	1539,09
3319,00	1532,38
3320,00	1539,97
3321,00	1532,83
3322,00	1536,45
3323,00	1534,58
3324,00	1543,23
3325,00	1533,60
3326,00	1535,73
3327,00	1532,01
3328,00	1541,42
3329,00	1535,60
3330,00	1531,99
3331,00	1527,20
3332,00	1528,09
3333,00	1520,72
3334,00	1523,60
3335,00	1527,11
3336,00	1529,71
3337,00	1520,53
3338,00	1527,64
3339,00	1520,02
3340,00	1527,31
3341,00	1517,91
3342,00	1519,52
3343,00	1518,26
3344,00	1524,14
3345,00	1515,27
3346,00	1523,18
3347,00	1524,57
3348,00	1520,90
3349,00	1513,38
3350,00	1516,32
3351,00	1519,33
3352,00	1520,40
3353,00	1512,67
3354,00	1520,69
3355,00	1516,47
3356,00	1518,00
3357,00	1516,85
3358,00	1516,88
3359,00	1509,73
3360,00	1512,73
3361,00	1502,15
3362,00	1509,52
3363,00	1504,64
3364,00	1516,08
3365,00	1507,89
3366,00	1508,14
3367,00	1503,15
3368,00	1503,59
3369,00	1503,63
3370,00	1501,87
3371,00	1500,49
3372,00	1503,15
3373,00	1497,44
3374,00	1499,36
3375,00	1498,47
3376,00	1503,63
3377,00	1494,13
3378,00	1499,45
3379,00	1495,25
3380,00	1495,52
3381,00	1494,64
3382,00	1494,11
3383,00	1489,90
3384,00	1495,07
3385,00	1488,89
3386,00	1491,25
3387,00	1492,18
3388,00	1490,09
3389,00	1485,08
3390,00	1486,17
3391,00	1485,62
3392,00	1489,75
3393,00	1479,22
3394,00	1483,72
3395,00	1483,78
3396,00	1482,33
3397,00	1481,85
3398,00	1483,86
3399,00	1485,65
3400,00	1482,63
3401,00	1473,86
3402,00	1477,84
3403,00	1473,88
3404,00	1475,83
3405,00	1473,07
3406,00	1479,71
3407,00	1469,71
3408,00	1475,09
3409,00	1467,50
3410,00	1474,33
3411,00	1470,09
3412,00	1473,09
3413,00	1458,50
3414,00	1471,24
3415,00	1466,99
3416,00	1470,11
3417,00	1465,09
3418,00	1469,21
3419,00	1461,71
3420,00	1471,59
3421,00	1463,15
3422,00	1468,23
3423,00	1464,60
3424,00	1464,81
3425,00	1458,77
3426,00	1459,98
3427,00	1453,29
3428,00	1462,13
3429,00	1459,17
3430,00	1461,45
3431,00	1457,80
3432,00	1455,32
3433,00	1454,54
3434,00	1457,59
3435,00	1449,55
3436,00	1456,04
3437,00	1456,12
3438,00	1457,46
3439,00	1451,63
3440,00	1456,27
3441,00	1446,75
3442,00	1454,24
3443,00	1443,59
3444,00	1454,17
3445,00	1427,57
3446,00	1451,26
3447,00	1446,98
3448,00	1444,86
3449,00	1447,03
3450,00	1452,10
3451,00	1440,40
3452,00	1442,76
3453,00	1441,53
3454,00	1443,02
3455,00	1436,65
3456,00	1445,84
3457,00	1437,66
3458,00	1443,16
3459,00	1439,58
3460,00	1440,38
3461,00	1431,88
3462,00	1432,87
3463,00	1434,03
3464,00	1438,30
3465,00	1434,32
3466,00	1435,49
3467,00	1426,99
3468,00	1435,85
3469,00	1426,10
3470,00	1432,33
3471,00	1428,26
3472,00	1437,24
3473,00	1427,07
3474,00	1433,58
3475,00	1427,91
3476,00	1430,21
3477,00	1424,49
3478,00	1428,55
3479,00	1427,05
3480,00	1432,17
3481,00	1423,91
3482,00	1426,68
3483,00	1419,84
3484,00	1432,28
3485,00	1424,81
3486,00	1420,45
3487,00	1422,03
3488,00	1427,01
3489,00	1419,75
3490,00	1420,09
3491,00	1416,63
3492,00	1417,80
3493,00	1415,61
3494,00	1419,83
3495,00	1412,61
3496,00	1420,01
3497,00	1408,92
3498,00	1417,71
3499,00	1407,60
3500,00	1411,68
3501,00	1411,90
3502,00	1409,85
3503,00	1410,02
3504,00	1409,74
3505,00	1409,83
3506,00	1419,67
3507,00	1406,50
3508,00	1406,75
3509,00	1404,43
3510,00	1406,03
3511,00	1406,75
3512,00	1407,32
3513,00	1404,50
3514,00	1413,28
3515,00	1405,14
3516,00	1405,22
3517,00	1400,39
3518,00	1412,63
3519,00	1395,71
3520,00	1401,62
3521,00	1398,64
3522,00	1404,82
3523,00	1391,39
3524,00	1399,82
3525,00	1395,36
3526,00	1402,47
3527,00	1395,62
3528,00	1397,93
3529,00	1392,26
3530,00	1394,75
3531,00	1389,41
3532,00	1395,98
3533,00	1390,44
3534,00	1383,29
3535,00	1394,06
3536,00	1396,35
3537,00	1395,29
3538,00	1394,18
3539,00	1389,11
3540,00	1397,42
3541,00	1388,56
3542,00	1390,53
3543,00	1383,93
3544,00	1386,31
3545,00	1385,09
3546,00	1386,61
3547,00	1385,48
3548,00	1387,15
3549,00	1380,17
3550,00	1388,01
3551,00	1383,62
3552,00	1388,22
3553,00	1383,22
3554,00	1384,88
3555,00	1380,53
3556,00	1382,27
3557,00	1375,83
3558,00	1382,42
3559,00	1379,40
3560,00	1380,56
3561,00	1376,67
3562,00	1378,35
3563,00	1376,18
3564,00	1384,30
3565,00	1375,59
3566,00	1380,82
3567,00	1376,02
3568,00	1381,98
3569,00	1371,41
3570,00	1382,72
3571,00	1367,26
3572,00	1379,76
3573,00	1367,45
3574,00	1371,79
3575,00	1374,20
3576,00	1378,24
3577,00	1374,38
3578,00	1377,69
3579,00	1370,78
3580,00	1377,93
3581,00	1363,77
3582,00	1375,41
3583,00	1364,86
3584,00	1370,82
3585,00	1369,09
3586,00	1375,19
3587,00	1364,87
3588,00	1374,45
3589,00	1365,69
3590,00	1370,44
3591,00	1362,76
3592,00	1374,19
3593,00	1360,46
3594,00	1370,46
3595,00	1365,66
3596,00	1366,06
3597,00	1363,81
3598,00	1363,72
3599,00	1362,13
3600,00	1366,85
3601,00	1364,73
3602,00	1366,00
3603,00	1356,28
3604,00	1365,17
3605,00	1362,13
3606,00	1362,07
3607,00	1356,35
3608,00	1362,84
3609,00	1354,96
3610,00	1358,46
3611,00	1353,85
3612,00	1364,60
3613,00	1353,49
3614,00	1360,08
3615,00	1356,68
3616,00	1360,29
3617,00	1358,83
3618,00	1347,76
3619,00	1354,07
3620,00	1360,84
3621,00	1349,07
3622,00	1360,20
3623,00	1354,30
3624,00	1361,68
3625,00	1348,09
3626,00	1359,61
3627,00	1353,29
3628,00	1357,51
3629,00	1357,27
3630,00	1355,42
3631,00	1349,23
3632,00	1356,83
3633,00	1352,97
3634,00	1352,81
3635,00	1354,07
3636,00	1351,63
3637,00	1348,67
3638,00	1352,35
3639,00	1345,27
3640,00	1352,22
3641,00	1344,10
3642,00	1351,10
3643,00	1346,83
3644,00	1355,34
3645,00	1350,00
3646,00	1343,07
3647,00	1345,05
>>>>>Finisci Dati dello Spettro Elaborati<<<<<
