0.00	1297.60
1.00	1297.60
2.00	1297.60
3.00	1290.68
4.00	1294.64
5.00	1296.71
6.00	1303.71
7.00	1296.94
8.00	1306.15
9.00	1296.90
10.00	1300.90
11.00	1305.14
12.00	1304.55
13.00	1296.17
14.00	1306.12
15.00	1299.54
16.00	1304.02
17.00	1302.03
18.00	1305.28
19.00	1306.73
20.00	1302.84
21.00	1299.98
22.00	1307.18
23.00	1304.47
24.00	1310.65
25.00	1303.71
26.00	1308.38
27.00	1303.02
28.00	1304.85
29.00	1304.01
30.00	1305.93
31.00	1308.08
32.00	1305.55
33.00	1299.16
34.00	1307.32
35.00	1302.79
36.00	1307.37
37.00	1304.54
38.00	1306.41
39.00	1304.60
40.00	1302.83
41.00	1305.09
42.00	1310.33
43.00	1304.26
44.00	1308.16
45.00	1301.12
46.00	1311.52
47.00	1299.71
48.00	1308.50
49.00	1302.86
50.00	1307.13
51.00	1304.91
52.00	1312.66
53.00	1306.17
54.00	1306.03
55.00	1301.08
56.00	1304.15
57.00	1304.26
58.00	1307.47
59.00	1301.04
60.00	1312.43
61.00	1304.84
62.00	1312.10
63.00	1304.05
64.00	1312.89
65.00	1304.74
66.00	1309.85
67.00	1304.78
68.00	1302.72
69.00	1301.77
70.00	1307.09
71.00	1309.47
72.00	1308.46
73.00	1303.15
74.00	1308.73
75.00	1306.57
76.00	1307.75
77.00	1307.19
78.00	1309.17
79.00	1308.09
80.00	1309.43
81.00	1298.87
82.00	1311.19
83.00	1303.94
84.00	1305.88
85.00	1308.26
86.00	1308.72
87.00	1303.13
88.00	1311.51
89.00	1303.42
90.00	1310.07
91.00	1304.75
92.00	1310.40
93.00	1303.60
94.00	1311.76
95.00	1303.41
96.00	1311.08
97.00	1303.95
98.00	1312.64
99.00	1308.54
100.00	1307.65
101.00	1305.78
102.00	1316.02
103.00	1307.33
104.00	1310.62
105.00	1302.23
106.00	1311.39
107.00	1308.08
108.00	1310.40
109.00	1305.39
110.00	1310.11
111.00	1308.38
112.00	1310.54
113.00	1309.73
114.00	1310.53
115.00	1304.27
116.00	1306.43
117.00	1306.53
118.00	1313.49
119.00	1304.31
120.00	1310.47
121.00	1307.02
122.00	1307.71
123.00	1307.25
124.00	1313.11
125.00	1304.87
126.00	1310.73
127.00	1306.19
128.00	1306.39
129.00	1307.36
130.00	1309.01
131.00	1305.69
132.00	1312.20
133.00	1307.12
134.00	1308.27
135.00	1305.98
136.00	1313.58
137.00	1310.80
138.00	1311.15
139.00	1307.09
140.00	1311.91
141.00	1307.00
142.00	1315.71
143.00	1301.76
144.00	1309.57
145.00	1306.16
146.00	1310.70
147.00	1309.19
148.00	1309.94
149.00	1308.74
150.00	1303.96
151.00	1308.43
152.00	1310.04
153.00	1306.78
154.00	1313.77
155.00	1306.16
156.00	1312.16
157.00	1305.47
158.00	1311.05
159.00	1310.87
160.00	1308.61
161.00	1309.49
162.00	1311.56
163.00	1307.72
164.00	1313.92
165.00	1306.09
166.00	1310.08
167.00	1307.43
168.00	1311.42
169.00	1303.16
170.00	1312.99
171.00	1308.02
172.00	1312.68
173.00	1310.40
174.00	1313.01
175.00	1305.52
176.00	1311.36
177.00	1308.08
178.00	1309.38
179.00	1303.73
180.00	1310.33
181.00	1308.22
182.00	1311.96
183.00	1310.10
184.00	1311.55
185.00	1305.01
186.00	1309.43
187.00	1306.17
188.00	1317.55
189.00	1305.95
190.00	1314.24
191.00	1310.33
192.00	1307.98
193.00	1305.46
194.00	1311.91
195.00	1306.16
196.00	1312.18
197.00	1309.18
198.00	1304.56
199.00	1304.70
200.00	1310.76
201.00	1307.20
202.00	1314.20
203.00	1304.90
204.00	1311.74
205.00	1306.97
206.00	1314.58
207.00	1307.54
208.00	1311.30
209.00	1308.07
210.00	1309.79
211.00	1307.52
212.00	1308.54
213.00	1306.49
214.00	1315.57
215.00	1305.89
216.00	1319.76
217.00	1307.68
218.00	1310.45
219.00	1301.23
220.00	1310.15
221.00	1308.60
222.00	1311.92
223.00	1308.89
224.00	1308.04
225.00	1309.11
226.00	1312.16
227.00	1307.80
228.00	1306.84
229.00	1301.42
230.00	1311.63
231.00	1305.30
232.00	1311.19
233.00	1309.29
234.00	1308.59
235.00	1305.01
236.00	1311.63
237.00	1309.15
238.00	1310.02
239.00	1306.37
240.00	1307.75
241.00	1310.25
242.00	1308.54
243.00	1308.08
244.00	1310.78
245.00	1306.86
246.00	1312.23
247.00	1307.56
248.00	1310.67
249.00	1306.93
250.00	1309.39
251.00	1305.58
252.00	1312.41
253.00	1306.70
254.00	1313.66
255.00	1309.54
256.00	1314.94
257.00	1311.93
258.00	1311.29
259.00	1306.97
260.00	1311.38
261.00	1306.59
262.00	1313.44
263.00	1308.68
264.00	1308.67
265.00	1305.02
266.00	1310.76
267.00	1308.62
268.00	1318.95
269.00	1309.85
270.00	1308.31
271.00	1306.50
272.00	1313.00
273.00	1306.89
274.00	1310.07
275.00	1309.98
276.00	1308.46
277.00	1310.61
278.00	1311.70
279.00	1305.19
280.00	1312.72
281.00	1305.07
282.00	1311.12
283.00	1308.42
284.00	1315.59
285.00	1308.44
286.00	1308.92
287.00	1308.84
288.00	1307.26
289.00	1308.52
290.00	1316.30
291.00	1304.95
292.00	1311.97
293.00	1307.86
294.00	1320.74
295.00	1308.72
296.00	1314.19
297.00	1304.76
298.00	1313.35
299.00	1307.90
300.00	1310.26
301.00	1308.48
302.00	1320.85
303.00	1308.03
304.00	1310.89
305.00	1305.62
306.00	1314.84
307.00	1307.53
308.00	1312.94
309.00	1312.58
310.00	1315.84
311.00	1312.24
312.00	1312.76
313.00	1310.18
314.00	1314.90
315.00	1307.11
316.00	1312.72
317.00	1309.23
318.00	1312.91
319.00	1309.48
320.00	1316.32
321.00	1306.35
322.00	1311.68
323.00	1306.03
324.00	1313.82
325.00	1306.65
326.00	1313.01
327.00	1309.59
328.00	1310.65
329.00	1304.81
330.00	1314.34
331.00	1310.44
332.00	1313.18
333.00	1310.02
334.00	1316.18
335.00	1304.95
336.00	1315.90
337.00	1312.61
338.00	1310.55
339.00	1309.40
340.00	1318.40
341.00	1305.28
342.00	1313.25
343.00	1304.71
344.00	1316.40
345.00	1306.95
346.00	1315.51
347.00	1310.14
348.00	1311.97
349.00	1310.08
350.00	1311.06
351.00	1312.16
352.00	1311.11
353.00	1305.92
354.00	1315.81
355.00	1315.06
356.00	1311.98
357.00	1307.10
358.00	1311.75
359.00	1308.66
360.00	1311.31
361.00	1308.42
362.00	1310.11
363.00	1310.00
364.00	1314.48
365.00	1309.30
366.00	1315.12
367.00	1307.25
368.00	1315.80
369.00	1315.51
370.00	1314.29
371.00	1311.29
372.00	1312.49
373.00	1306.04
374.00	1320.00
375.00	1311.33
376.00	1308.70
377.00	1311.29
378.00	1311.88
379.00	1309.38
380.00	1317.12
381.00	1312.51
382.00	1315.34
383.00	1307.46
384.00	1314.37
385.00	1307.97
386.00	1315.55
387.00	1305.55
388.00	1317.21
389.00	1308.57
390.00	1312.82
391.00	1313.29
392.00	1318.31
393.00	1311.94
394.00	1315.66
395.00	1310.40
396.00	1315.02
397.00	1307.84
398.00	1317.12
399.00	1310.12
400.00	1314.23
401.00	1303.77
402.00	1316.28
403.00	1308.80
404.00	1318.32
405.00	1306.35
406.00	1311.02
407.00	1314.06
408.00	1315.22
409.00	1308.24
410.00	1315.88
411.00	1310.19
412.00	1309.50
413.00	1312.48
414.00	1315.26
415.00	1308.68
416.00	1315.85
417.00	1305.89
418.00	1314.38
419.00	1309.92
420.00	1316.26
421.00	1311.16
422.00	1313.16
423.00	1307.74
424.00	1313.25
425.00	1309.44
426.00	1320.65
427.00	1306.65
428.00	1318.56
429.00	1307.98
430.00	1314.74
431.00	1311.80
432.00	1313.65
433.00	1310.33
434.00	1314.96
435.00	1305.88
436.00	1311.09
437.00	1308.92
438.00	1317.35
439.00	1310.57
440.00	1313.51
441.00	1309.61
442.00	1315.52
443.00	1311.97
444.00	1317.98
445.00	1308.64
446.00	1316.45
447.00	1313.45
448.00	1315.43
449.00	1313.72
450.00	1315.80
451.00	1312.29
452.00	1317.01
453.00	1302.10
454.00	1315.38
455.00	1308.23
456.00	1317.96
457.00	1310.34
458.00	1318.23
459.00	1316.49
460.00	1315.08
461.00	1312.95
462.00	1314.63
463.00	1310.66
464.00	1317.75
465.00	1313.01
466.00	1316.66
467.00	1308.96
468.00	1314.22
469.00	1307.69
470.00	1314.45
471.00	1311.58
472.00	1316.56
473.00	1311.64
474.00	1310.17
475.00	1311.17
476.00	1314.50
477.00	1310.45
478.00	1314.95
479.00	1311.95
480.00	1313.82
481.00	1309.85
482.00	1314.70
483.00	1308.84
484.00	1315.19
485.00	1311.06
486.00	1311.95
487.00	1314.49
488.00	1317.65
489.00	1310.09
490.00	1319.50
491.00	1313.80
492.00	1320.66
493.00	1314.43
494.00	1318.80
495.00	1317.66
496.00	1317.10
497.00	1308.77
498.00	1317.31
499.00	1310.09
500.00	1320.45
501.00	1310.01
502.00	1317.75
503.00	1304.44
504.00	1317.64
505.00	1307.61
506.00	1316.28
507.00	1306.14
508.00	1312.56
509.00	1313.04
510.00	1311.56
511.00	1305.14
512.00	1313.14
513.00	1313.97
514.00	1315.76
515.00	1315.90
516.00	1318.81
517.00	1310.36
518.00	1313.06
519.00	1307.28
520.00	1316.52
521.00	1314.78
522.00	1319.09
523.00	1315.69
524.00	1312.81
525.00	1311.83
526.00	1313.50
527.00	1305.76
528.00	1316.22
529.00	1308.94
530.00	1316.21
531.00	1313.10
532.00	1315.00
533.00	1312.67
534.00	1314.12
535.00	1313.52
536.00	1311.32
537.00	1309.83
538.00	1311.80
539.00	1315.79
540.00	1314.42
541.00	1309.71
542.00	1317.28
543.00	1317.21
544.00	1317.30
545.00	1309.17
546.00	1316.05
547.00	1305.86
548.00	1316.03
549.00	1319.75
550.00	1317.89
551.00	1314.41
552.00	1319.79
553.00	1307.31
554.00	1316.19
555.00	1313.70
556.00	1320.48
557.00	1313.21
558.00	1317.56
559.00	1315.06
560.00	1317.83
561.00	1311.81
562.00	1313.52
563.00	1316.51
564.00	1315.16
565.00	1315.78
566.00	1322.49
567.00	1312.48
568.00	1319.46
569.00	1313.61
570.00	1319.92
571.00	1316.73
572.00	1317.23
573.00	1315.50
574.00	1321.38
575.00	1314.91
576.00	1320.28
577.00	1313.13
578.00	1316.27
579.00	1312.25
580.00	1322.22
581.00	1312.51
582.00	1323.81
583.00	1313.24
584.00	1321.32
585.00	1311.38
586.00	1316.96
587.00	1312.35
588.00	1321.95
589.00	1313.21
590.00	1316.34
591.00	1314.50
592.00	1321.27
593.00	1312.91
594.00	1317.42
595.00	1313.96
596.00	1316.20
597.00	1313.34
598.00	1315.98
599.00	1315.19
600.00	1318.04
601.00	1308.09
602.00	1320.24
603.00	1313.60
604.00	1317.52
605.00	1313.21
606.00	1316.09
607.00	1309.36
608.00	1319.53
609.00	1314.12
610.00	1316.86
611.00	1316.26
612.00	1318.05
613.00	1312.27
614.00	1316.68
615.00	1314.54
616.00	1315.29
617.00	1313.21
618.00	1318.66
619.00	1317.24
620.00	1318.76
621.00	1315.73
622.00	1315.87
623.00	1317.48
624.00	1314.27
625.00	1314.30
626.00	1321.04
627.00	1315.24
628.00	1321.50
629.00	1314.86
630.00	1319.46
631.00	1319.38
632.00	1318.75
633.00	1312.77
634.00	1317.36
635.00	1313.27
636.00	1318.62
637.00	1312.31
638.00	1313.51
639.00	1318.03
640.00	1319.52
641.00	1314.28
642.00	1316.13
643.00	1314.06
644.00	1320.53
645.00	1315.62
646.00	1321.82
647.00	1315.21
648.00	1318.47
649.00	1314.24
650.00	1324.44
651.00	1315.48
652.00	1321.21
653.00	1316.64
654.00	1317.35
655.00	1314.43
656.00	1316.67
657.00	1321.48
658.00	1320.07
659.00	1318.00
660.00	1319.73
661.00	1314.84
662.00	1319.47
663.00	1317.63
664.00	1315.84
665.00	1314.90
666.00	1321.78
667.00	1319.54
668.00	1317.52
669.00	1317.06
670.00	1324.34
671.00	1320.12
672.00	1317.76
673.00	1310.83
674.00	1318.19
675.00	1319.36
676.00	1323.38
677.00	1314.97
678.00	1321.02
679.00	1315.10
680.00	1318.84
681.00	1316.35
682.00	1318.91
683.00	1319.20
684.00	1319.15
685.00	1318.01
686.00	1319.93
687.00	1319.49
688.00	1320.96
689.00	1314.94
690.00	1318.01
691.00	1319.53
692.00	1321.04
693.00	1318.35
694.00	1320.53
695.00	1317.23
696.00	1324.59
697.00	1317.20
698.00	1322.60
699.00	1314.99
700.00	1317.64
701.00	1315.67
702.00	1318.25
703.00	1318.31
704.00	1326.53
705.00	1318.96
706.00	1319.09
707.00	1322.22
708.00	1321.32
709.00	1317.43
710.00	1318.31
711.00	1314.36
712.00	1323.37
713.00	1316.48
714.00	1321.11
715.00	1319.11
716.00	1323.36
717.00	1312.84
718.00	1323.16
719.00	1316.09
720.00	1322.18
721.00	1316.69
722.00	1319.77
723.00	1316.20
724.00	1324.05
725.00	1316.78
726.00	1320.85
727.00	1317.94
728.00	1319.85
729.00	1317.16
730.00	1322.80
731.00	1316.75
732.00	1322.64
733.00	1313.06
734.00	1327.62
735.00	1314.16
736.00	1326.12
737.00	1316.65
738.00	1318.45
739.00	1320.03
740.00	1325.83
741.00	1317.19
742.00	1322.09
743.00	1317.30
744.00	1323.52
745.00	1316.95
746.00	1320.81
747.00	1317.62
748.00	1321.03
749.00	1319.78
750.00	1321.20
751.00	1319.93
752.00	1314.67
753.00	1317.97
754.00	1319.01
755.00	1315.46
756.00	1321.35
757.00	1314.84
758.00	1326.10
759.00	1319.06
760.00	1319.82
761.00	1319.99
762.00	1322.33
763.00	1316.90
764.00	1319.24
765.00	1313.27
766.00	1324.43
767.00	1317.42
768.00	1319.85
769.00	1312.73
770.00	1323.55
771.00	1318.08
772.00	1320.61
773.00	1317.37
774.00	1320.64
775.00	1316.75
776.00	1321.29
777.00	1316.77
778.00	1320.18
779.00	1318.89
780.00	1321.29
781.00	1319.98
782.00	1322.18
783.00	1319.06
784.00	1316.74
785.00	1321.01
786.00	1325.38
787.00	1319.04
788.00	1328.25
789.00	1319.87
790.00	1322.67
791.00	1317.79
792.00	1326.80
793.00	1322.85
794.00	1324.92
795.00	1323.51
796.00	1324.43
797.00	1319.93
798.00	1324.23
799.00	1322.37
800.00	1322.56
801.00	1318.97
802.00	1325.92
803.00	1326.42
804.00	1327.10
805.00	1317.63
806.00	1320.06
807.00	1314.59
808.00	1325.37
809.00	1317.24
810.00	1325.18
811.00	1321.65
812.00	1313.51
813.00	1318.10
814.00	1323.76
815.00	1323.69
816.00	1324.66
817.00	1324.20
818.00	1324.54
819.00	1322.51
820.00	1324.20
821.00	1322.70
822.00	1329.41
823.00	1318.11
824.00	1326.37
825.00	1322.38
826.00	1323.80
827.00	1321.66
828.00	1321.67
829.00	1316.88
830.00	1324.95
831.00	1325.62
832.00	1324.60
833.00	1324.90
834.00	1322.54
835.00	1322.15
836.00	1328.95
837.00	1321.41
838.00	1325.28
839.00	1317.59
840.00	1329.44
841.00	1320.67
842.00	1322.27
843.00	1319.32
844.00	1324.64
845.00	1319.41
846.00	1324.57
847.00	1320.84
848.00	1322.05
849.00	1320.48
850.00	1327.36
851.00	1326.44
852.00	1327.95
853.00	1322.13
854.00	1325.70
855.00	1319.74
856.00	1326.82
857.00	1328.78
858.00	1325.59
859.00	1319.52
860.00	1327.44
861.00	1321.84
862.00	1324.14
863.00	1322.32
864.00	1326.56
865.00	1324.28
866.00	1322.97
867.00	1324.44
868.00	1322.72
869.00	1318.47
870.00	1321.67
871.00	1323.79
872.00	1325.81
873.00	1321.10
874.00	1328.21
875.00	1318.46
876.00	1324.87
877.00	1324.82
878.00	1329.17
879.00	1318.83
880.00	1327.78
881.00	1326.37
882.00	1327.71
883.00	1320.12
884.00	1326.73
885.00	1324.79
886.00	1324.20
887.00	1322.32
888.00	1328.39
889.00	1329.07
890.00	1329.04
891.00	1322.05
892.00	1327.62
893.00	1323.53
894.00	1324.90
895.00	1327.79
896.00	1327.44
897.00	1321.82
898.00	1328.31
899.00	1322.98
900.00	1331.78
901.00	1327.31
902.00	1328.51
903.00	1321.61
904.00	1327.39
905.00	1321.49
906.00	1324.72
907.00	1322.91
908.00	1330.12
909.00	1321.92
910.00	1332.77
911.00	1325.27
912.00	1330.90
913.00	1331.24
914.00	1327.70
915.00	1323.79
916.00	1330.70
917.00	1318.83
918.00	1332.17
919.00	1326.73
920.00	1330.46
921.00	1327.63
922.00	1326.15
923.00	1328.00
924.00	1328.85
925.00	1327.82
926.00	1330.56
927.00	1330.37
928.00	1331.82
929.00	1332.05
930.00	1333.52
931.00	1326.89
932.00	1331.50
933.00	1328.09
934.00	1330.62
935.00	1326.81
936.00	1334.51
937.00	1326.49
938.00	1330.57
939.00	1326.02
940.00	1334.67
941.00	1327.58
942.00	1330.25
943.00	1330.60
944.00	1331.24
945.00	1326.11
946.00	1334.57
947.00	1327.57
948.00	1334.47
949.00	1331.62
950.00	1331.02
951.00	1335.35
952.00	1337.27
953.00	1333.89
954.00	1337.59
955.00	1339.42
956.00	1339.33
957.00	1340.05
958.00	1347.25
959.00	1339.75
960.00	1346.41
961.00	1345.98
962.00	1353.89
963.00	1345.94
964.00	1351.77
965.00	1350.94
966.00	1356.97
967.00	1355.28
968.00	1361.93
969.00	1357.56
970.00	1371.93
971.00	1374.05
972.00	1378.29
973.00	1374.66
974.00	1391.04
975.00	1392.22
976.00	1406.58
977.00	1406.19
978.00	1418.56
979.00	1418.45
980.00	1437.52
981.00	1439.29
982.00	1455.09
983.00	1457.11
984.00	1477.96
985.00	1489.19
986.00	1507.76
987.00	1513.62
988.00	1532.96
989.00	1542.22
990.00	1569.17
991.00	1587.25
992.00	1603.06
993.00	1619.40
994.00	1646.26
995.00	1665.38
996.00	1694.21
997.00	1714.45
998.00	1742.28
999.00	1777.01
1000.00	1810.19
1001.00	1839.37
1002.00	1882.18
1003.00	1907.74
1004.00	1950.62
1005.00	1982.86
1006.00	2014.78
1007.00	2066.65
1008.00	2113.72
1009.00	2150.20
1010.00	2197.38
1011.00	2250.58
1012.00	2305.70
1013.00	2330.71
1014.00	2395.51
1015.00	2442.00
1016.00	2502.11
1017.00	2578.26
1018.00	2633.07
1019.00	2688.27
1020.00	2765.10
1021.00	2795.94
1022.00	2878.91
1023.00	2948.38
1024.00	3029.96
1025.00	3089.13
1026.00	3139.71
1027.00	3253.59
1028.00	3310.80
1029.00	3382.10
1030.00	3456.50
1031.00	3541.43
1032.00	3596.55
1033.00	3717.18
1034.00	3801.12
1035.00	3929.73
1036.00	3983.27
1037.00	4089.58
1038.00	4167.40
1039.00	4236.65
1040.00	4339.23
1041.00	4433.35
1042.00	4569.40
1043.00	4624.37
1044.00	4730.43
1045.00	4824.12
1046.00	4928.99
1047.00	4999.12
1048.00	5152.04
1049.00	5197.78
1050.00	5332.22
1051.00	5416.57
1052.00	5545.55
1053.00	5686.33
1054.00	5745.42
1055.00	5845.11
1056.00	5963.92
1057.00	6036.70
1058.00	6134.23
1059.00	6264.60
1060.00	6339.04
1061.00	6445.10
1062.00	6524.51
1063.00	6651.55
1064.00	6726.26
1065.00	6864.61
1066.00	7004.07
1067.00	7091.32
1068.00	7219.11
1069.00	7263.72
1070.00	7376.57
1071.00	7517.66
1072.00	7707.03
1073.00	7731.69
1074.00	7933.18
1075.00	7876.23
1076.00	7985.44
1077.00	8115.94
1078.00	8241.98
1079.00	8286.92
1080.00	8396.96
1081.00	8479.13
1082.00	8612.06
1083.00	8753.65
1084.00	8856.23
1085.00	8924.92
1086.00	9005.35
1087.00	9020.32
1088.00	9171.22
1089.00	9226.19
1090.00	9451.88
1091.00	9467.61
1092.00	9551.58
1093.00	9589.78
1094.00	9685.92
1095.00	9798.22
1096.00	10000.16
1097.00	10073.92
1098.00	10154.78
1099.00	10195.62
1100.00	10187.57
1101.00	10284.91
1102.00	10415.30
1103.00	10477.98
1104.00	10665.97
1105.00	10553.43
1106.00	10713.84
1107.00	10850.60
1108.00	10887.10
1109.00	10911.57
1110.00	11004.38
1111.00	11069.15
1112.00	11124.97
1113.00	11184.00
1114.00	11238.69
1115.00	11396.04
1116.00	11453.58
1117.00	11466.83
1118.00	11699.13
1119.00	11691.55
1120.00	11668.36
1121.00	11701.46
1122.00	11932.45
1123.00	12003.61
1124.00	11974.74
1125.00	11993.27
1126.00	12153.84
1127.00	12155.36
1128.00	12148.00
1129.00	12272.80
1130.00	12330.27
1131.00	12539.74
1132.00	12459.31
1133.00	12534.79
1134.00	12509.84
1135.00	12546.82
1136.00	12701.32
1137.00	12880.59
1138.00	12827.61
1139.00	12818.68
1140.00	12811.82
1141.00	13031.39
1142.00	13030.09
1143.00	13040.67
1144.00	13065.91
1145.00	13077.58
1146.00	13268.73
1147.00	13234.64
1148.00	13264.69
1149.00	13330.24
1150.00	13535.07
1151.00	13262.75
1152.00	13412.24
1153.00	13499.76
1154.00	13481.29
1155.00	13565.97
1156.00	13596.32
1157.00	13635.98
1158.00	13675.23
1159.00	13702.43
1160.00	13824.67
1161.00	13760.02
1162.00	13831.55
1163.00	13917.94
1164.00	13891.76
1165.00	14024.52
1166.00	14059.65
1167.00	14142.93
1168.00	14018.07
1169.00	14094.28
1170.00	14221.32
1171.00	14167.86
1172.00	14417.08
1173.00	14271.20
1174.00	14309.24
1175.00	14234.37
1176.00	14416.91
1177.00	14287.62
1178.00	14406.28
1179.00	14493.25
1180.00	14396.94
1181.00	14577.53
1182.00	14528.28
1183.00	14507.78
1184.00	14649.94
1185.00	14614.14
1186.00	14615.55
1187.00	14583.56
1188.00	14733.27
1189.00	14963.58
1190.00	14808.19
1191.00	14854.32
1192.00	14970.14
1193.00	14898.06
1194.00	14909.67
1195.00	15003.06
1196.00	15088.59
1197.00	15081.48
1198.00	15006.26
1199.00	15095.80
1200.00	15138.65
1201.00	15072.32
1202.00	14993.71
1203.00	15073.99
1204.00	15034.14
1205.00	15161.47
1206.00	15188.66
1207.00	15282.85
1208.00	15323.44
1209.00	15262.96
1210.00	15460.01
1211.00	15446.39
1212.00	15392.00
1213.00	15369.38
1214.00	15322.33
1215.00	15458.99
1216.00	15358.53
1217.00	15396.25
1218.00	15462.59
1219.00	15525.69
1220.00	15629.81
1221.00	15486.46
1222.00	15735.27
1223.00	15639.21
1224.00	15602.32
1225.00	15665.48
1226.00	15618.39
1227.00	15648.63
1228.00	15684.94
1229.00	15679.91
1230.00	15687.58
1231.00	15797.86
1232.00	15993.92
1233.00	15887.90
1234.00	16004.87
1235.00	15951.09
1236.00	16051.12
1237.00	15998.24
1238.00	15990.98
1239.00	16061.48
1240.00	16139.55
1241.00	16154.67
1242.00	16056.57
1243.00	16191.92
1244.00	16069.50
1245.00	16200.53
1246.00	16015.32
1247.00	16124.21
1248.00	16278.42
1249.00	16088.73
1250.00	16129.91
1251.00	16211.21
1252.00	16345.67
1253.00	16411.33
1254.00	16210.26
1255.00	16310.85
1256.00	16409.13
1257.00	16461.22
1258.00	16384.99
1259.00	16397.71
1260.00	16511.98
1261.00	16414.18
1262.00	16366.72
1263.00	16331.06
1264.00	16524.56
1265.00	16374.27
1266.00	16466.75
1267.00	16458.32
1268.00	16531.19
1269.00	16570.99
1270.00	16506.47
1271.00	16709.54
1272.00	16579.03
1273.00	16587.24
1274.00	16763.10
1275.00	16646.93
1276.00	16634.44
1277.00	16619.04
1278.00	16506.03
1279.00	16723.62
1280.00	16603.40
1281.00	16547.65
1282.00	16540.39
1283.00	16549.66
1284.00	16601.99
1285.00	16858.83
1286.00	16815.63
1287.00	16950.12
1288.00	16779.83
1289.00	16840.59
1290.00	16784.70
1291.00	17010.65
1292.00	16899.12
1293.00	16952.62
1294.00	16713.43
1295.00	16689.88
1296.00	16895.91
1297.00	16893.85
1298.00	16864.32
1299.00	16871.86
1300.00	17016.24
1301.00	16936.66
1302.00	16876.66
1303.00	17072.98
1304.00	16990.35
1305.00	17164.75
1306.00	17123.08
1307.00	17089.57
1308.00	17091.74
1309.00	17179.43
1310.00	17193.32
1311.00	17211.91
1312.00	17222.37
1313.00	17171.31
1314.00	17119.42
1315.00	17195.16
1316.00	17310.26
1317.00	17149.26
1318.00	17057.74
1319.00	17152.97
1320.00	17258.35
1321.00	17178.58
1322.00	17147.81
1323.00	17308.60
1324.00	17248.17
1325.00	17113.56
1326.00	17201.23
1327.00	17231.28
1328.00	17185.41
1329.00	17126.46
1330.00	17388.53
1331.00	17209.12
1332.00	17189.73
1333.00	17421.26
1334.00	17312.93
1335.00	17259.67
1336.00	17181.01
1337.00	17036.05
1338.00	17098.50
1339.00	17193.94
1340.00	17044.03
1341.00	17088.53
1342.00	17266.99
1343.00	17265.56
1344.00	17247.41
1345.00	17217.46
1346.00	17159.62
1347.00	17255.53
1348.00	17265.57
1349.00	17492.12
1350.00	17292.29
1351.00	17356.80
1352.00	17256.63
1353.00	17270.18
1354.00	17272.19
1355.00	17621.67
1356.00	17389.65
1357.00	17460.96
1358.00	17378.25
1359.00	17300.36
1360.00	17361.81
1361.00	17361.52
1362.00	17306.42
1363.00	17327.97
1364.00	17388.26
1365.00	17221.49
1366.00	17339.07
1367.00	17377.41
1368.00	17364.66
1369.00	17257.37
1370.00	17273.62
1371.00	17264.90
1372.00	17202.95
1373.00	17329.97
1374.00	17286.00
1375.00	17072.16
1376.00	17254.20
1377.00	17259.74
1378.00	17193.13
1379.00	17123.73
1380.00	17245.21
1381.00	17320.14
1382.00	17277.76
1383.00	17243.09
1384.00	17327.96
1385.00	17292.80
1386.00	17143.39
1387.00	17264.27
1388.00	17308.95
1389.00	17330.27
1390.00	17101.58
1391.00	17092.66
1392.00	17085.08
1393.00	17102.81
1394.00	17159.02
1395.00	17179.03
1396.00	17138.10
1397.00	17225.27
1398.00	17310.95
1399.00	17226.45
1400.00	17339.04
1401.00	17146.59
1402.00	17322.62
1403.00	17039.58
1404.00	17193.52
1405.00	17144.00
1406.00	17198.05
1407.00	16972.75
1408.00	17067.75
1409.00	16978.06
1410.00	16959.78
1411.00	16993.42
1412.00	17139.78
1413.00	17055.91
1414.00	16982.85
1415.00	17001.07
1416.00	17091.52
1417.00	17064.18
1418.00	16759.77
1419.00	16861.91
1420.00	16874.55
1421.00	16905.40
1422.00	16945.41
1423.00	16959.71
1424.00	16753.09
1425.00	16848.94
1426.00	16755.19
1427.00	16887.47
1428.00	16840.84
1429.00	16804.17
1430.00	16786.68
1431.00	16776.43
1432.00	16667.14
1433.00	16576.01
1434.00	16767.57
1435.00	16407.70
1436.00	16752.14
1437.00	16813.40
1438.00	16596.88
1439.00	16635.58
1440.00	16820.78
1441.00	16799.46
1442.00	16542.55
1443.00	16777.99
1444.00	16674.06
1445.00	16519.24
1446.00	16633.13
1447.00	16732.57
1448.00	16670.50
1449.00	16728.84
1450.00	16506.74
1451.00	16544.60
1452.00	16481.16
1453.00	16377.42
1454.00	16292.74
1455.00	16275.47
1456.00	16344.67
1457.00	16295.38
1458.00	16221.51
1459.00	16300.84
1460.00	16315.87
1461.00	16510.98
1462.00	16346.88
1463.00	16228.33
1464.00	16158.13
1465.00	16424.75
1466.00	16302.35
1467.00	16241.88
1468.00	16279.66
1469.00	16218.93
1470.00	16081.60
1471.00	16207.23
1472.00	16149.55
1473.00	16097.31
1474.00	16141.11
1475.00	16111.45
1476.00	16080.61
1477.00	16138.99
1478.00	16094.58
1479.00	16149.09
1480.00	16040.05
1481.00	16017.03
1482.00	15991.26
1483.00	16058.99
1484.00	15905.68
1485.00	15969.06
1486.00	16025.10
1487.00	15871.48
1488.00	15756.29
1489.00	15765.35
1490.00	15766.19
1491.00	15809.14
1492.00	15690.12
1493.00	15626.76
1494.00	15704.44
1495.00	15608.02
1496.00	15671.98
1497.00	15660.32
1498.00	15558.80
1499.00	15517.18
1500.00	15607.23
1501.00	15703.13
1502.00	15512.73
1503.00	15636.68
1504.00	15549.06
1505.00	15512.17
1506.00	15541.35
1507.00	15457.11
1508.00	15590.35
1509.00	15630.48
1510.00	15458.01
1511.00	15382.07
1512.00	15492.93
1513.00	15435.36
1514.00	15532.08
1515.00	15322.52
1516.00	15345.27
1517.00	15373.95
1518.00	15202.16
1519.00	15155.28
1520.00	15157.93
1521.00	15074.95
1522.00	15129.07
1523.00	15030.78
1524.00	15135.01
1525.00	15174.97
1526.00	14831.52
1527.00	15039.55
1528.00	15021.43
1529.00	14867.57
1530.00	14961.40
1531.00	14890.42
1532.00	14922.35
1533.00	14812.56
1534.00	14823.43
1535.00	14839.72
1536.00	14799.43
1537.00	14808.00
1538.00	14821.68
1539.00	14729.52
1540.00	14725.24
1541.00	14699.57
1542.00	14686.28
1543.00	14640.83
1544.00	14611.07
1545.00	14678.28
1546.00	14567.12
1547.00	14630.20
1548.00	14564.09
1549.00	14471.57
1550.00	14576.08
1551.00	14465.79
1552.00	14421.79
1553.00	14648.19
1554.00	14561.58
1555.00	14453.51
1556.00	14320.81
1557.00	14354.80
1558.00	14424.84
1559.00	14423.03
1560.00	14335.37
1561.00	14367.29
1562.00	14301.01
1563.00	14213.51
1564.00	14277.76
1565.00	14213.40
1566.00	14146.65
1567.00	14106.95
1568.00	14172.50
1569.00	14167.43
1570.00	14214.49
1571.00	14012.68
1572.00	14226.43
1573.00	14134.17
1574.00	14097.92
1575.00	14156.76
1576.00	14055.05
1577.00	13915.15
1578.00	13879.73
1579.00	13965.09
1580.00	13941.44
1581.00	13948.35
1582.00	13863.85
1583.00	13787.08
1584.00	13825.76
1585.00	13700.55
1586.00	13678.62
1587.00	13676.78
1588.00	13634.96
1589.00	13575.35
1590.00	13655.08
1591.00	13680.91
1592.00	13535.05
1593.00	13513.06
1594.00	13559.18
1595.00	13630.99
1596.00	13576.95
1597.00	13453.11
1598.00	13607.53
1599.00	13543.86
1600.00	13334.23
1601.00	13356.42
1602.00	13355.67
1603.00	13408.42
1604.00	13367.30
1605.00	13288.33
1606.00	13345.74
1607.00	13326.02
1608.00	13292.18
1609.00	13207.01
1610.00	13191.45
1611.00	13232.22
1612.00	13123.68
1613.00	13162.94
1614.00	13090.21
1615.00	13073.13
1616.00	13067.32
1617.00	13177.78
1618.00	13096.23
1619.00	13067.80
1620.00	12964.51
1621.00	12945.68
1622.00	13110.98
1623.00	12956.62
1624.00	12869.20
1625.00	12865.32
1626.00	12959.48
1627.00	12903.15
1628.00	12884.51
1629.00	12740.93
1630.00	12783.71
1631.00	12776.98
1632.00	12852.23
1633.00	12804.70
1634.00	12843.76
1635.00	12626.53
1636.00	12629.77
1637.00	12697.53
1638.00	12611.98
1639.00	12747.07
1640.00	12721.78
1641.00	12643.77
1642.00	12671.83
1643.00	12533.35
1644.00	12517.55
1645.00	12451.22
1646.00	12373.74
1647.00	12547.70
1648.00	12457.66
1649.00	12475.49
1650.00	12347.48
1651.00	12538.14
1652.00	12420.33
1653.00	12406.00
1654.00	12355.98
1655.00	12258.13
1656.00	12232.50
1657.00	12261.23
1658.00	12183.53
1659.00	12201.98
1660.00	12187.39
1661.00	12029.73
1662.00	12212.37
1663.00	11994.65
1664.00	12111.96
1665.00	12078.03
1666.00	12015.55
1667.00	12114.62
1668.00	12006.21
1669.00	11946.67
1670.00	11996.97
1671.00	11963.84
1672.00	12015.60
1673.00	12006.81
1674.00	11969.56
1675.00	11888.38
1676.00	11917.35
1677.00	11900.72
1678.00	11880.20
1679.00	11750.08
1680.00	11710.57
1681.00	11729.17
1682.00	11793.38
1683.00	11776.14
1684.00	11806.26
1685.00	11607.80
1686.00	11727.02
1687.00	11746.65
1688.00	11660.02
1689.00	11635.05
1690.00	11552.29
1691.00	11597.91
1692.00	11416.37
1693.00	11425.49
1694.00	11492.66
1695.00	11426.78
1696.00	11547.35
1697.00	11428.04
1698.00	11518.57
1699.00	11426.54
1700.00	11505.17
1701.00	11384.77
1702.00	11358.04
1703.00	11365.35
1704.00	11344.28
1705.00	11311.21
1706.00	11279.96
1707.00	11213.11
1708.00	11344.68
1709.00	11197.76
1710.00	11138.29
1711.00	11223.11
1712.00	11095.54
1713.00	11129.17
1714.00	11134.08
1715.00	11018.79
1716.00	11193.90
1717.00	11163.49
1718.00	11042.35
1719.00	10987.46
1720.00	11040.79
1721.00	10998.35
1722.00	10934.63
1723.00	10976.98
1724.00	11019.40
1725.00	10971.40
1726.00	10856.25
1727.00	10846.99
1728.00	10837.16
1729.00	10922.08
1730.00	10909.53
1731.00	10789.16
1732.00	10739.10
1733.00	10790.86
1734.00	10746.65
1735.00	10734.26
1736.00	10756.83
1737.00	10750.02
1738.00	10668.11
1739.00	10705.56
1740.00	10670.55
1741.00	10645.40
1742.00	10556.83
1743.00	10539.37
1744.00	10532.30
1745.00	10625.26
1746.00	10614.40
1747.00	10555.61
1748.00	10588.77
1749.00	10545.80
1750.00	10509.32
1751.00	10482.11
1752.00	10497.03
1753.00	10458.15
1754.00	10493.48
1755.00	10425.15
1756.00	10446.93
1757.00	10373.70
1758.00	10365.17
1759.00	10360.51
1760.00	10449.19
1761.00	10208.40
1762.00	10371.73
1763.00	10254.60
1764.00	10281.51
1765.00	10342.03
1766.00	10279.69
1767.00	10256.22
1768.00	10210.12
1769.00	10321.80
1770.00	10226.45
1771.00	10060.56
1772.00	10149.86
1773.00	10065.12
1774.00	10090.45
1775.00	10089.12
1776.00	10147.38
1777.00	10109.33
1778.00	9990.21
1779.00	10033.36
1780.00	10047.62
1781.00	9959.53
1782.00	10032.02
1783.00	9963.14
1784.00	9937.59
1785.00	9936.02
1786.00	9866.11
1787.00	9912.21
1788.00	9970.78
1789.00	9838.39
1790.00	9847.05
1791.00	9882.23
1792.00	9825.89
1793.00	9928.30
1794.00	9877.04
1795.00	9885.90
1796.00	9832.02
1797.00	9841.58
1798.00	9813.94
1799.00	9821.43
1800.00	9821.74
1801.00	9713.93
1802.00	9818.16
1803.00	9786.65
1804.00	9671.73
1805.00	9783.77
1806.00	9774.97
1807.00	9821.37
1808.00	9726.02
1809.00	9628.83
1810.00	9707.64
1811.00	9589.45
1812.00	9679.25
1813.00	9692.22
1814.00	9712.30
1815.00	9568.70
1816.00	9600.24
1817.00	9620.19
1818.00	9598.06
1819.00	9614.73
1820.00	9576.19
1821.00	9502.49
1822.00	9489.82
1823.00	9625.60
1824.00	9621.89
1825.00	9618.76
1826.00	9509.55
1827.00	9546.42
1828.00	9568.64
1829.00	9571.51
1830.00	9481.85
1831.00	9484.13
1832.00	9481.92
1833.00	9502.16
1834.00	9426.96
1835.00	9468.08
1836.00	9388.26
1837.00	9336.17
1838.00	9456.83
1839.00	9395.01
1840.00	9291.70
1841.00	9473.10
1842.00	9336.72
1843.00	9268.54
1844.00	9346.56
1845.00	9402.94
1846.00	9389.00
1847.00	9309.12
1848.00	9418.74
1849.00	9436.24
1850.00	9384.57
1851.00	9356.53
1852.00	9395.59
1853.00	9335.28
1854.00	9271.82
1855.00	9250.84
1856.00	9165.39
1857.00	9338.78
1858.00	9282.10
1859.00	9261.10
1860.00	9176.03
1861.00	9105.65
1862.00	9187.18
1863.00	9190.24
1864.00	9126.06
1865.00	9166.17
1866.00	9145.36
1867.00	9208.24
1868.00	9131.64
1869.00	9178.51
1870.00	9152.75
1871.00	9081.51
1872.00	9175.71
1873.00	9018.17
1874.00	9119.69
1875.00	9116.57
1876.00	9003.79
1877.00	9107.77
1878.00	9054.90
1879.00	8927.87
1880.00	9013.77
1881.00	8961.63
1882.00	8991.72
1883.00	8970.70
1884.00	9085.01
1885.00	8966.35
1886.00	8950.44
1887.00	9011.81
1888.00	8878.35
1889.00	8997.84
1890.00	8893.69
1891.00	8818.99
1892.00	8873.09
1893.00	8857.14
1894.00	8813.05
1895.00	8827.63
1896.00	8877.33
1897.00	8812.91
1898.00	8767.21
1899.00	8919.17
1900.00	8896.88
1901.00	8831.25
1902.00	8873.68
1903.00	8836.22
1904.00	8851.04
1905.00	8888.00
1906.00	8812.98
1907.00	8750.27
1908.00	8766.25
1909.00	8714.26
1910.00	8712.89
1911.00	8702.36
1912.00	8668.77
1913.00	8672.98
1914.00	8623.93
1915.00	8680.69
1916.00	8589.16
1917.00	8620.43
1918.00	8493.95
1919.00	8562.99
1920.00	8516.14
1921.00	8506.51
1922.00	8513.12
1923.00	8478.98
1924.00	8483.27
1925.00	8407.52
1926.00	8480.09
1927.00	8441.11
1928.00	8441.36
1929.00	8495.41
1930.00	8405.07
1931.00	8389.17
1932.00	8349.94
1933.00	8398.41
1934.00	8307.43
1935.00	8261.03
1936.00	8295.55
1937.00	8280.09
1938.00	8291.23
1939.00	8254.13
1940.00	8338.08
1941.00	8251.42
1942.00	8169.85
1943.00	8172.18
1944.00	8033.62
1945.00	8034.28
1946.00	8105.20
1947.00	8110.50
1948.00	8036.71
1949.00	8064.10
1950.00	8001.24
1951.00	8069.93
1952.00	7983.74
1953.00	7966.24
1954.00	7889.24
1955.00	7862.18
1956.00	7962.92
1957.00	7998.36
1958.00	7913.58
1959.00	7880.39
1960.00	7841.65
1961.00	7794.36
1962.00	7827.91
1963.00	7807.07
1964.00	7827.73
1965.00	7871.43
1966.00	7765.21
1967.00	7814.37
1968.00	7719.04
1969.00	7715.95
1970.00	7833.51
1971.00	7748.45
1972.00	7692.15
1973.00	7599.87
1974.00	7566.02
1975.00	7584.82
1976.00	7580.64
1977.00	7634.86
1978.00	7523.68
1979.00	7546.65
1980.00	7427.28
1981.00	7503.30
1982.00	7533.99
1983.00	7467.16
1984.00	7431.92
1985.00	7446.77
1986.00	7372.18
1987.00	7385.27
1988.00	7421.16
1989.00	7331.24
1990.00	7281.70
1991.00	7276.49
1992.00	7259.93
1993.00	7220.50
1994.00	7176.91
1995.00	7170.66
1996.00	7222.87
1997.00	7108.78
1998.00	7109.78
1999.00	7129.67
2000.00	7134.49
2001.00	7085.64
2002.00	7090.86
2003.00	7072.54
2004.00	7013.12
2005.00	7099.35
2006.00	7064.41
2007.00	7025.22
2008.00	6991.01
2009.00	6981.79
2010.00	6981.11
2011.00	6915.53
2012.00	6919.91
2013.00	6867.91
2014.00	6952.09
2015.00	6888.05
2016.00	6856.00
2017.00	6846.85
2018.00	6751.32
2019.00	6754.70
2020.00	6735.25
2021.00	6794.87
2022.00	6770.50
2023.00	6659.98
2024.00	6551.24
2025.00	6561.38
2026.00	6634.00
2027.00	6554.24
2028.00	6588.77
2029.00	6512.96
2030.00	6561.23
2031.00	6512.20
2032.00	6501.90
2033.00	6458.85
2034.00	6475.38
2035.00	6430.45
2036.00	6407.02
2037.00	6394.09
2038.00	6398.27
2039.00	6417.63
2040.00	6323.13
2041.00	6334.74
2042.00	6268.11
2043.00	6289.59
2044.00	6252.16
2045.00	6249.06
2046.00	6234.05
2047.00	6192.46
2048.00	6164.85
2049.00	6164.97
2050.00	6166.16
2051.00	6122.13
2052.00	6159.18
2053.00	6137.94
2054.00	6066.91
2055.00	6087.01
2056.00	6081.91
2057.00	6023.57
2058.00	6027.76
2059.00	6001.25
2060.00	6016.35
2061.00	5956.45
2062.00	5966.98
2063.00	5968.10
2064.00	5966.90
2065.00	5893.77
2066.00	5906.14
2067.00	5904.33
2068.00	5870.60
2069.00	5848.55
2070.00	5812.73
2071.00	5766.54
2072.00	5734.35
2073.00	5753.31
2074.00	5739.94
2075.00	5720.12
2076.00	5722.34
2077.00	5708.63
2078.00	5702.67
2079.00	5673.48
2080.00	5628.70
2081.00	5627.10
2082.00	5670.72
2083.00	5599.40
2084.00	5563.97
2085.00	5505.96
2086.00	5511.48
2087.00	5483.19
2088.00	5499.69
2089.00	5465.41
2090.00	5495.36
2091.00	5466.89
2092.00	5434.68
2093.00	5446.81
2094.00	5421.91
2095.00	5379.88
2096.00	5388.21
2097.00	5395.66
2098.00	5393.01
2099.00	5361.14
2100.00	5370.69
2101.00	5329.53
2102.00	5353.50
2103.00	5321.33
2104.00	5295.99
2105.00	5301.26
2106.00	5236.01
2107.00	5184.37
2108.00	5181.49
2109.00	5206.87
2110.00	5171.05
2111.00	5132.54
2112.00	5123.92
2113.00	5157.94
2114.00	5142.18
2115.00	5107.94
2116.00	5116.34
2117.00	5106.51
2118.00	5082.00
2119.00	5040.84
2120.00	5032.43
2121.00	5011.49
2122.00	5011.91
2123.00	4972.93
2124.00	4969.69
2125.00	4975.71
2126.00	4953.56
2127.00	4930.77
2128.00	4931.79
2129.00	4951.57
2130.00	4915.28
2131.00	4861.54
2132.00	4867.53
2133.00	4827.93
2134.00	4855.15
2135.00	4793.71
2136.00	4789.66
2137.00	4779.55
2138.00	4796.23
2139.00	4773.71
2140.00	4765.78
2141.00	4793.98
2142.00	4737.53
2143.00	4735.37
2144.00	4751.15
2145.00	4699.25
2146.00	4703.63
2147.00	4676.14
2148.00	4667.61
2149.00	4679.87
2150.00	4637.75
2151.00	4623.05
2152.00	4640.27
2153.00	4625.63
2154.00	4614.54
2155.00	4606.76
2156.00	4594.73
2157.00	4584.80
2158.00	4566.17
2159.00	4552.13
2160.00	4531.35
2161.00	4556.19
2162.00	4550.10
2163.00	4524.77
2164.00	4527.27
2165.00	4469.23
2166.00	4479.78
2167.00	4449.82
2168.00	4459.46
2169.00	4437.62
2170.00	4488.26
2171.00	4419.71
2172.00	4414.56
2173.00	4417.35
2174.00	4383.42
2175.00	4386.42
2176.00	4360.00
2177.00	4355.89
2178.00	4325.96
2179.00	4368.08
2180.00	4341.79
2181.00	4344.05
2182.00	4280.20
2183.00	4301.26
2184.00	4289.59
2185.00	4305.30
2186.00	4299.34
2187.00	4266.95
2188.00	4261.58
2189.00	4263.13
2190.00	4296.74
2191.00	4254.29
2192.00	4254.96
2193.00	4247.44
2194.00	4225.28
2195.00	4215.45
2196.00	4200.66
2197.00	4194.65
2198.00	4190.75
2199.00	4162.85
2200.00	4179.15
2201.00	4173.31
2202.00	4144.02
2203.00	4153.19
2204.00	4155.56
2205.00	4126.44
2206.00	4115.09
2207.00	4126.90
2208.00	4146.39
2209.00	4097.69
2210.00	4098.53
2211.00	4091.49
2212.00	4131.68
2213.00	4071.99
2214.00	4089.31
2215.00	4093.72
2216.00	4086.38
2217.00	4075.70
2218.00	4072.21
2219.00	4053.65
2220.00	4066.20
2221.00	4021.80
2222.00	4043.06
2223.00	4016.87
2224.00	3994.36
2225.00	3983.13
2226.00	4006.68
2227.00	3987.14
2228.00	3989.25
2229.00	3979.85
2230.00	3988.89
2231.00	3964.88
2232.00	3994.00
2233.00	3970.30
2234.00	3973.94
2235.00	3966.03
2236.00	3955.87
2237.00	3928.62
2238.00	3941.00
2239.00	3934.34
2240.00	3931.55
2241.00	3938.02
2242.00	3981.35
2243.00	3912.91
2244.00	3949.68
2245.00	3902.49
2246.00	3948.60
2247.00	3948.10
2248.00	3953.09
2249.00	3954.91
2250.00	3949.77
2251.00	3922.14
2252.00	3939.48
2253.00	3935.56
2254.00	3893.55
2255.00	3933.23
2256.00	3940.89
2257.00	3922.68
2258.00	3942.81
2259.00	3926.31
2260.00	3923.86
2261.00	3920.72
2262.00	3901.03
2263.00	3912.84
2264.00	3904.23
2265.00	3858.06
2266.00	3910.46
2267.00	3916.70
2268.00	3945.71
2269.00	3936.78
2270.00	3931.48
2271.00	3942.36
2272.00	3921.65
2273.00	3935.33
2274.00	3895.13
2275.00	3909.25
2276.00	3921.76
2277.00	3901.71
2278.00	3907.16
2279.00	3903.57
2280.00	3902.58
2281.00	3916.97
2282.00	3900.06
2283.00	3902.64
2284.00	3916.57
2285.00	3883.35
2286.00	3892.70
2287.00	3896.06
2288.00	3903.12
2289.00	3918.26
2290.00	3897.34
2291.00	3883.99
2292.00	3921.47
2293.00	3901.67
2294.00	3886.52
2295.00	3875.83
2296.00	3901.30
2297.00	3887.39
2298.00	3910.49
2299.00	3882.56
2300.00	3881.97
2301.00	3876.28
2302.00	3888.00
2303.00	3863.14
2304.00	3906.62
2305.00	3879.47
2306.00	3890.78
2307.00	3866.10
2308.00	3866.32
2309.00	3900.07
2310.00	3898.66
2311.00	3887.32
2312.00	3883.32
2313.00	3873.93
2314.00	3868.21
2315.00	3884.94
2316.00	3859.45
2317.00	3886.31
2318.00	3884.62
2319.00	3842.88
2320.00	3852.14
2321.00	3851.59
2322.00	3859.67
2323.00	3854.95
2324.00	3867.33
2325.00	3819.10
2326.00	3855.99
2327.00	3836.16
2328.00	3862.31
2329.00	3838.90
2330.00	3870.50
2331.00	3829.71
2332.00	3848.20
2333.00	3824.82
2334.00	3846.56
2335.00	3851.87
2336.00	3874.40
2337.00	3831.42
2338.00	3853.47
2339.00	3851.63
2340.00	3860.34
2341.00	3849.05
2342.00	3855.15
2343.00	3875.03
2344.00	3838.02
2345.00	3859.58
2346.00	3850.40
2347.00	3840.12
2348.00	3879.71
2349.00	3827.06
2350.00	3823.18
2351.00	3841.91
2352.00	3837.24
2353.00	3800.58
2354.00	3809.30
2355.00	3803.46
2356.00	3838.11
2357.00	3824.11
2358.00	3829.82
2359.00	3813.15
2360.00	3839.81
2361.00	3828.17
2362.00	3847.83
2363.00	3857.90
2364.00	3853.90
2365.00	3861.65
2366.00	3861.30
2367.00	3851.84
2368.00	3848.51
2369.00	3831.44
2370.00	3823.70
2371.00	3799.20
2372.00	3816.31
2373.00	3818.61
2374.00	3802.83
2375.00	3820.66
2376.00	3836.07
2377.00	3816.38
2378.00	3813.80
2379.00	3813.88
2380.00	3816.27
2381.00	3821.22
2382.00	3837.74
2383.00	3826.92
2384.00	3837.36
2385.00	3816.34
2386.00	3866.06
2387.00	3815.39
2388.00	3828.20
2389.00	3806.22
2390.00	3815.82
2391.00	3817.40
2392.00	3844.17
2393.00	3824.92
2394.00	3815.56
2395.00	3803.37
2396.00	3818.16
2397.00	3821.15
2398.00	3826.53
2399.00	3837.54
2400.00	3834.38
2401.00	3786.01
2402.00	3812.82
2403.00	3811.31
2404.00	3793.68
2405.00	3780.63
2406.00	3792.08
2407.00	3777.26
2408.00	3812.24
2409.00	3791.06
2410.00	3804.72
2411.00	3789.76
2412.00	3805.11
2413.00	3780.90
2414.00	3802.34
2415.00	3757.83
2416.00	3791.39
2417.00	3808.80
2418.00	3801.29
2419.00	3792.57
2420.00	3793.69
2421.00	3791.50
2422.00	3795.92
2423.00	3785.95
2424.00	3808.06
2425.00	3821.90
2426.00	3822.97
2427.00	3806.63
2428.00	3824.42
2429.00	3812.24
2430.00	3818.08
2431.00	3792.78
2432.00	3794.97
2433.00	3780.56
2434.00	3806.08
2435.00	3778.69
2436.00	3761.23
2437.00	3770.19
2438.00	3750.57
2439.00	3777.36
2440.00	3778.80
2441.00	3806.74
2442.00	3792.49
2443.00	3792.47
2444.00	3792.83
2445.00	3792.21
2446.00	3771.35
2447.00	3774.87
2448.00	3776.22
2449.00	3767.93
2450.00	3732.48
2451.00	3766.50
2452.00	3778.20
2453.00	3788.68
2454.00	3797.49
2455.00	3770.72
2456.00	3756.44
2457.00	3731.15
2458.00	3722.13
2459.00	3756.14
2460.00	3759.59
2461.00	3765.52
2462.00	3749.09
2463.00	3759.15
2464.00	3737.90
2465.00	3723.90
2466.00	3707.50
2467.00	3712.77
2468.00	3737.24
2469.00	3701.23
2470.00	3703.45
2471.00	3665.26
2472.00	3697.31
2473.00	3687.67
2474.00	3684.34
2475.00	3682.99
2476.00	3687.37
2477.00	3678.39
2478.00	3693.87
2479.00	3695.12
2480.00	3683.88
2481.00	3676.57
2482.00	3690.91
2483.00	3667.81
2484.00	3676.81
2485.00	3685.00
2486.00	3691.74
2487.00	3674.73
2488.00	3651.62
2489.00	3672.00
2490.00	3667.89
2491.00	3655.36
2492.00	3657.93
2493.00	3663.35
2494.00	3642.60
2495.00	3670.85
2496.00	3657.49
2497.00	3642.46
2498.00	3662.83
2499.00	3627.82
2500.00	3630.15
2501.00	3606.15
2502.00	3620.70
2503.00	3627.73
2504.00	3651.54
2505.00	3613.69
2506.00	3619.24
2507.00	3623.34
2508.00	3607.63
2509.00	3632.36
2510.00	3594.83
2511.00	3613.67
2512.00	3617.10
2513.00	3589.81
2514.00	3594.58
2515.00	3576.74
2516.00	3584.53
2517.00	3576.83
2518.00	3569.29
2519.00	3545.68
2520.00	3562.91
2521.00	3540.22
2522.00	3554.77
2523.00	3564.14
2524.00	3543.60
2525.00	3556.80
2526.00	3513.57
2527.00	3527.13
2528.00	3515.48
2529.00	3513.35
2530.00	3512.76
2531.00	3539.65
2532.00	3529.94
2533.00	3510.70
2534.00	3500.10
2535.00	3492.97
2536.00	3474.31
2537.00	3485.50
2538.00	3487.13
2539.00	3484.43
2540.00	3492.08
2541.00	3460.79
2542.00	3466.84
2543.00	3450.35
2544.00	3460.45
2545.00	3443.13
2546.00	3471.88
2547.00	3449.64
2548.00	3452.08
2549.00	3440.92
2550.00	3467.07
2551.00	3435.74
2552.00	3415.50
2553.00	3416.89
2554.00	3411.71
2555.00	3412.57
2556.00	3400.28
2557.00	3404.44
2558.00	3426.04
2559.00	3431.65
2560.00	3431.29
2561.00	3433.98
2562.00	3418.90
2563.00	3413.66
2564.00	3453.97
2565.00	3442.39
2566.00	3413.48
2567.00	3385.02
2568.00	3370.22
2569.00	3379.16
2570.00	3384.10
2571.00	3399.54
2572.00	3387.76
2573.00	3370.94
2574.00	3362.46
2575.00	3376.40
2576.00	3361.20
2577.00	3341.27
2578.00	3351.76
2579.00	3326.56
2580.00	3308.02
2581.00	3292.26
2582.00	3297.16
2583.00	3286.12
2584.00	3315.92
2585.00	3347.11
2586.00	3332.82
2587.00	3301.55
2588.00	3302.01
2589.00	3280.59
2590.00	3295.59
2591.00	3268.70
2592.00	3266.84
2593.00	3272.07
2594.00	3268.98
2595.00	3276.97
2596.00	3285.72
2597.00	3274.19
2598.00	3260.77
2599.00	3257.56
2600.00	3254.36
2601.00	3250.48
2602.00	3260.56
2603.00	3239.47
2604.00	3240.78
2605.00	3234.97
2606.00	3217.41
2607.00	3222.13
2608.00	3231.84
2609.00	3214.33
2610.00	3199.24
2611.00	3197.66
2612.00	3198.15
2613.00	3189.66
2614.00	3189.27
2615.00	3194.29
2616.00	3174.35
2617.00	3171.49
2618.00	3154.71
2619.00	3170.55
2620.00	3166.31
2621.00	3138.02
2622.00	3143.32
2623.00	3143.68
2624.00	3135.13
2625.00	3105.12
2626.00	3117.08
2627.00	3117.63
2628.00	3121.32
2629.00	3123.31
2630.00	3124.04
2631.00	3096.29
2632.00	3086.45
2633.00	3100.25
2634.00	3078.67
2635.00	3096.47
2636.00	3097.20
2637.00	3088.19
2638.00	3108.09
2639.00	3076.74
2640.00	3071.80
2641.00	3047.21
2642.00	3057.38
2643.00	3062.94
2644.00	3064.28
2645.00	3061.15
2646.00	3075.06
2647.00	3049.68
2648.00	3030.49
2649.00	3027.21
2650.00	3023.99
2651.00	3019.98
2652.00	3003.41
2653.00	2984.67
2654.00	3007.46
2655.00	3011.87
2656.00	2991.71
2657.00	2993.75
2658.00	2985.56
2659.00	2982.70
2660.00	2967.68
2661.00	2972.33
2662.00	2959.94
2663.00	2958.72
2664.00	2961.16
2665.00	2933.04
2666.00	2926.47
2667.00	2936.87
2668.00	2928.43
2669.00	2917.77
2670.00	2918.42
2671.00	2940.13
2672.00	2926.21
2673.00	2921.33
2674.00	2915.51
2675.00	2903.44
2676.00	2885.24
2677.00	2898.84
2678.00	2894.88
2679.00	2894.03
2680.00	2925.56
2681.00	2937.17
2682.00	2941.38
2683.00	2928.56
2684.00	2947.35
2685.00	2936.12
2686.00	2921.71
2687.00	2913.06
2688.00	2908.31
2689.00	2909.26
2690.00	2894.74
2691.00	2870.37
2692.00	2887.74
2693.00	2889.51
2694.00	2901.08
2695.00	2867.82
2696.00	2869.43
2697.00	2865.51
2698.00	2853.77
2699.00	2842.02
2700.00	2842.91
2701.00	2844.89
2702.00	2851.07
2703.00	2823.92
2704.00	2849.78
2705.00	2817.89
2706.00	2855.99
2707.00	2827.80
2708.00	2816.12
2709.00	2822.51
2710.00	2823.49
2711.00	2815.43
2712.00	2834.36
2713.00	2821.04
2714.00	2796.46
2715.00	2792.77
2716.00	2799.73
2717.00	2805.32
2718.00	2814.02
2719.00	2817.07
2720.00	2826.71
2721.00	2817.16
2722.00	2815.72
2723.00	2813.81
2724.00	2813.36
2725.00	2814.61
2726.00	2825.36
2727.00	2799.24
2728.00	2790.63
2729.00	2788.94
2730.00	2748.65
2731.00	2794.03
2732.00	2788.05
2733.00	2793.43
2734.00	2802.89
2735.00	2792.04
2736.00	2803.74
2737.00	2786.51
2738.00	2800.43
2739.00	2769.07
2740.00	2756.92
2741.00	2759.67
2742.00	2772.21
2743.00	2770.98
2744.00	2749.99
2745.00	2759.60
2746.00	2753.20
2747.00	2741.60
2748.00	2722.93
2749.00	2697.12
2750.00	2704.57
2751.00	2742.07
2752.00	2743.60
2753.00	2747.08
2754.00	2747.14
2755.00	2747.40
2756.00	2752.05
2757.00	2745.09
2758.00	2756.57
2759.00	2737.03
2760.00	2727.63
2761.00	2740.46
2762.00	2721.53
2763.00	2728.84
2764.00	2728.90
2765.00	2733.79
2766.00	2724.98
2767.00	2708.57
2768.00	2699.72
2769.00	2705.63
2770.00	2696.81
2771.00	2700.06
2772.00	2680.98
2773.00	2697.86
2774.00	2671.67
2775.00	2683.82
2776.00	2692.36
2777.00	2686.66
2778.00	2701.09
2779.00	2699.05
2780.00	2670.46
2781.00	2677.92
2782.00	2665.31
2783.00	2677.92
2784.00	2670.23
2785.00	2654.67
2786.00	2649.26
2787.00	2644.39
2788.00	2661.61
2789.00	2659.56
2790.00	2662.64
2791.00	2616.65
2792.00	2614.21
2793.00	2602.03
2794.00	2618.35
2795.00	2608.85
2796.00	2609.27
2797.00	2614.41
2798.00	2603.12
2799.00	2589.39
2800.00	2574.52
2801.00	2585.33
2802.00	2600.71
2803.00	2581.43
2804.00	2592.49
2805.00	2589.55
2806.00	2604.81
2807.00	2595.48
2808.00	2599.26
2809.00	2588.04
2810.00	2598.96
2811.00	2584.69
2812.00	2583.13
2813.00	2590.95
2814.00	2571.44
2815.00	2561.90
2816.00	2554.27
2817.00	2546.09
2818.00	2547.71
2819.00	2549.28
2820.00	2548.97
2821.00	2554.10
2822.00	2549.84
2823.00	2534.79
2824.00	2538.31
2825.00	2536.78
2826.00	2531.54
2827.00	2535.48
2828.00	2531.81
2829.00	2515.57
2830.00	2505.69
2831.00	2501.84
2832.00	2509.99
2833.00	2494.24
2834.00	2505.42
2835.00	2479.63
2836.00	2489.72
2837.00	2479.78
2838.00	2483.08
2839.00	2487.07
2840.00	2476.24
2841.00	2467.16
2842.00	2487.90
2843.00	2483.07
2844.00	2457.09
2845.00	2450.37
2846.00	2424.81
2847.00	2449.30
2848.00	2436.09
2849.00	2420.01
2850.00	2443.13
2851.00	2427.26
2852.00	2433.77
2853.00	2425.88
2854.00	2430.11
2855.00	2421.73
2856.00	2417.88
2857.00	2417.46
2858.00	2411.12
2859.00	2413.75
2860.00	2413.77
2861.00	2403.17
2862.00	2422.74
2863.00	2400.90
2864.00	2404.15
2865.00	2396.13
2866.00	2393.44
2867.00	2394.18
2868.00	2402.13
2869.00	2386.40
2870.00	2389.14
2871.00	2366.68
2872.00	2366.78
2873.00	2358.84
2874.00	2359.73
2875.00	2348.76
2876.00	2360.16
2877.00	2349.64
2878.00	2342.87
2879.00	2334.38
2880.00	2347.04
2881.00	2333.33
2882.00	2339.71
2883.00	2327.71
2884.00	2319.54
2885.00	2328.34
2886.00	2330.34
2887.00	2322.29
2888.00	2328.11
2889.00	2310.72
2890.00	2305.41
2891.00	2312.73
2892.00	2300.60
2893.00	2291.41
2894.00	2260.02
2895.00	2277.47
2896.00	2285.67
2897.00	2257.28
2898.00	2271.06
2899.00	2265.03
2900.00	2251.35
2901.00	2256.87
2902.00	2254.16
2903.00	2247.88
2904.00	2246.89
2905.00	2250.00
2906.00	2240.10
2907.00	2239.87
2908.00	2237.05
2909.00	2226.48
2910.00	2195.44
2911.00	2223.55
2912.00	2230.86
2913.00	2218.49
2914.00	2231.22
2915.00	2222.04
2916.00	2212.83
2917.00	2203.94
2918.00	2209.02
2919.00	2207.45
2920.00	2212.87
2921.00	2195.99
2922.00	2200.41
2923.00	2192.84
2924.00	2195.73
2925.00	2188.20
2926.00	2184.40
2927.00	2169.61
2928.00	2179.63
2929.00	2168.03
2930.00	2168.79
2931.00	2162.19
2932.00	2168.71
2933.00	2147.86
2934.00	2155.94
2935.00	2166.80
2936.00	2151.10
2937.00	2144.53
2938.00	2145.72
2939.00	2133.23
2940.00	2150.34
2941.00	2136.83
2942.00	2149.35
2943.00	2138.86
2944.00	2143.16
2945.00	2136.34
2946.00	2134.73
2947.00	2131.45
2948.00	2134.20
2949.00	2112.94
2950.00	2128.45
2951.00	2101.57
2952.00	2110.51
2953.00	2107.52
2954.00	2106.03
2955.00	2102.34
2956.00	2112.14
2957.00	2093.38
2958.00	2097.59
2959.00	2092.18
2960.00	2092.53
2961.00	2081.90
2962.00	2086.78
2963.00	2074.87
2964.00	2077.05
2965.00	2073.68
2966.00	2058.01
2967.00	2064.04
2968.00	2061.06
2969.00	2050.85
2970.00	2063.11
2971.00	2058.12
2972.00	2062.54
2973.00	2056.45
2974.00	2054.50
2975.00	2045.70
2976.00	2043.39
2977.00	2034.44
2978.00	2039.15
2979.00	2026.16
2980.00	2031.97
2981.00	2020.05
2982.00	2023.79
2983.00	2019.29
2984.00	2021.90
2985.00	2020.40
2986.00	2016.51
2987.00	2003.88
2988.00	2010.31
2989.00	2001.24
2990.00	1973.66
2991.00	1984.20
2992.00	1990.04
2993.00	1990.76
2994.00	1991.95
2995.00	1996.87
2996.00	1996.39
2997.00	1980.49
2998.00	1980.93
2999.00	1976.97
3000.00	1977.82
3001.00	1980.65
3002.00	1978.90
3003.00	1972.29
3004.00	1966.54
3005.00	1974.75
3006.00	1970.30
3007.00	1957.69
3008.00	1964.82
3009.00	1956.98
3010.00	1968.46
3011.00	1957.63
3012.00	1961.17
3013.00	1945.30
3014.00	1949.49
3015.00	1940.75
3016.00	1955.79
3017.00	1947.88
3018.00	1938.74
3019.00	1937.83
3020.00	1935.45
3021.00	1931.95
3022.00	1929.52
3023.00	1929.44
3024.00	1928.80
3025.00	1927.12
3026.00	1911.41
3027.00	1910.46
3028.00	1926.28
3029.00	1917.68
3030.00	1916.87
3031.00	1913.63
3032.00	1915.84
3033.00	1906.47
3034.00	1911.57
3035.00	1899.39
3036.00	1911.04
3037.00	1897.65
3038.00	1901.12
3039.00	1889.23
3040.00	1885.62
3041.00	1886.29
3042.00	1891.02
3043.00	1891.78
3044.00	1893.27
3045.00	1887.37
3046.00	1879.92
3047.00	1881.67
3048.00	1875.60
3049.00	1872.56
3050.00	1877.65
3051.00	1874.95
3052.00	1878.49
3053.00	1869.07
3054.00	1866.77
3055.00	1854.82
3056.00	1859.88
3057.00	1859.91
3058.00	1858.24
3059.00	1853.99
3060.00	1854.21
3061.00	1853.63
3062.00	1801.64
3063.00	1841.71
3064.00	1844.08
3065.00	1840.53
3066.00	1854.68
3067.00	1845.95
3068.00	1849.68
3069.00	1832.66
3070.00	1840.66
3071.00	1838.09
3072.00	1837.99
3073.00	1829.88
3074.00	1838.63
3075.00	1828.01
3076.00	1828.09
3077.00	1823.55
3078.00	1827.66
3079.00	1822.83
3080.00	1826.79
3081.00	1817.98
3082.00	1819.17
3083.00	1819.34
3084.00	1823.92
3085.00	1818.43
3086.00	1822.57
3087.00	1814.53
3088.00	1815.74
3089.00	1811.41
3090.00	1817.11
3091.00	1813.28
3092.00	1814.59
3093.00	1798.11
3094.00	1806.28
3095.00	1801.20
3096.00	1799.24
3097.00	1791.58
3098.00	1800.55
3099.00	1790.49
3100.00	1796.89
3101.00	1788.32
3102.00	1796.04
3103.00	1788.22
3104.00	1790.21
3105.00	1781.92
3106.00	1787.57
3107.00	1778.47
3108.00	1783.74
3109.00	1779.19
3110.00	1782.31
3111.00	1784.68
3112.00	1777.50
3113.00	1773.80
3114.00	1786.40
3115.00	1773.51
3116.00	1779.88
3117.00	1778.05
3118.00	1778.01
3119.00	1771.42
3120.00	1776.78
3121.00	1773.94
3122.00	1778.92
3123.00	1770.71
3124.00	1772.81
3125.00	1765.81
3126.00	1768.80
3127.00	1762.86
3128.00	1765.99
3129.00	1761.30
3130.00	1767.95
3131.00	1756.14
3132.00	1761.80
3133.00	1753.36
3134.00	1756.73
3135.00	1753.13
3136.00	1762.54
3137.00	1746.04
3138.00	1758.55
3139.00	1746.34
3140.00	1738.04
3141.00	1743.68
3142.00	1746.18
3143.00	1740.61
3144.00	1745.74
3145.00	1735.46
3146.00	1739.66
3147.00	1736.98
3148.00	1740.68
3149.00	1740.18
3150.00	1741.64
3151.00	1736.79
3152.00	1741.43
3153.00	1744.17
3154.00	1741.67
3155.00	1738.83
3156.00	1734.97
3157.00	1731.81
3158.00	1732.16
3159.00	1733.76
3160.00	1735.33
3161.00	1727.16
3162.00	1728.91
3163.00	1728.01
3164.00	1731.93
3165.00	1720.87
3166.00	1732.85
3167.00	1721.12
3168.00	1724.36
3169.00	1719.17
3170.00	1723.54
3171.00	1718.13
3172.00	1719.22
3173.00	1717.88
3174.00	1714.36
3175.00	1719.06
3176.00	1721.12
3177.00	1712.32
3178.00	1715.79
3179.00	1706.08
3180.00	1713.02
3181.00	1709.45
3182.00	1714.82
3183.00	1706.75
3184.00	1714.45
3185.00	1697.65
3186.00	1710.48
3187.00	1703.03
3188.00	1706.41
3189.00	1705.35
3190.00	1706.89
3191.00	1700.33
3192.00	1706.42
3193.00	1705.55
3194.00	1704.56
3195.00	1701.66
3196.00	1708.37
3197.00	1699.44
3198.00	1697.68
3199.00	1696.88
3200.00	1696.33
3201.00	1684.17
3202.00	1690.14
3203.00	1691.30
3204.00	1692.31
3205.00	1692.38
3206.00	1699.20
3207.00	1694.48
3208.00	1701.98
3209.00	1688.50
3210.00	1699.26
3211.00	1686.51
3212.00	1688.90
3213.00	1677.99
3214.00	1693.75
3215.00	1682.72
3216.00	1696.46
3217.00	1677.80
3218.00	1684.68
3219.00	1684.38
3220.00	1686.50
3221.00	1683.14
3222.00	1679.25
3223.00	1671.87
3224.00	1681.55
3225.00	1670.27
3226.00	1674.41
3227.00	1666.94
3228.00	1670.85
3229.00	1657.57
3230.00	1676.26
3231.00	1678.21
3232.00	1668.85
3233.00	1662.83
3234.00	1668.30
3235.00	1669.37
3236.00	1671.12
3237.00	1664.19
3238.00	1667.53
3239.00	1661.65
3240.00	1667.78
3241.00	1658.81
3242.00	1664.59
3243.00	1658.67
3244.00	1661.69
3245.00	1651.38
3246.00	1663.00
3247.00	1652.93
3248.00	1657.82
3249.00	1661.33
3250.00	1661.36
3251.00	1651.53
3252.00	1654.06
3253.00	1655.84
3254.00	1656.10
3255.00	1652.31
3256.00	1652.65
3257.00	1650.16
3258.00	1653.99
3259.00	1640.46
3260.00	1652.09
3261.00	1647.75
3262.00	1650.81
3263.00	1644.79
3264.00	1650.51
3265.00	1650.68
3266.00	1649.82
3267.00	1652.56
3268.00	1642.58
3269.00	1653.65
3270.00	1644.32
3271.00	1640.06
3272.00	1644.17
3273.00	1640.04
3274.00	1635.99
3275.00	1632.92
3276.00	1644.29
3277.00	1629.07
3278.00	1637.96
3279.00	1635.41
3280.00	1634.27
3281.00	1636.79
3282.00	1637.46
3283.00	1625.26
3284.00	1632.55
3285.00	1625.67
3286.00	1632.10
3287.00	1626.61
3288.00	1626.24
3289.00	1627.24
3290.00	1629.74
3291.00	1618.98
3292.00	1635.33
3293.00	1623.65
3294.00	1629.00
3295.00	1619.08
3296.00	1621.95
3297.00	1614.80
3298.00	1617.28
3299.00	1621.10
3300.00	1616.51
3301.00	1612.44
3302.00	1619.32
3303.00	1617.56
3304.00	1615.57
3305.00	1618.64
3306.00	1617.89
3307.00	1614.35
3308.00	1616.03
3309.00	1613.94
3310.00	1611.81
3311.00	1614.67
3312.00	1613.30
3313.00	1616.58
3314.00	1615.94
3315.00	1607.18
3316.00	1606.86
3317.00	1607.55
3318.00	1610.91
3319.00	1604.43
3320.00	1606.91
3321.00	1592.05
3322.00	1596.12
3323.00	1593.43
3324.00	1598.56
3325.00	1595.01
3326.00	1598.25
3327.00	1596.37
3328.00	1598.92
3329.00	1592.12
3330.00	1599.37
3331.00	1594.31
3332.00	1598.04
3333.00	1587.15
3334.00	1590.25
3335.00	1591.73
3336.00	1595.21
3337.00	1589.52
3338.00	1590.41
3339.00	1590.67
3340.00	1592.29
3341.00	1583.71
3342.00	1581.97
3343.00	1587.37
3344.00	1585.81
3345.00	1582.58
3346.00	1593.66
3347.00	1592.26
3348.00	1596.92
3349.00	1583.53
3350.00	1587.79
3351.00	1583.71
3352.00	1581.69
3353.00	1582.60
3354.00	1579.84
3355.00	1571.83
3356.00	1579.79
3357.00	1576.83
3358.00	1575.12
3359.00	1570.12
3360.00	1570.51
3361.00	1572.44
3362.00	1582.11
3363.00	1569.95
3364.00	1580.28
3365.00	1573.30
3366.00	1566.96
3367.00	1567.62
3368.00	1571.22
3369.00	1564.37
3370.00	1565.59
3371.00	1563.81
3372.00	1562.37
3373.00	1559.26
3374.00	1560.55
3375.00	1553.74
3376.00	1555.97
3377.00	1550.71
3378.00	1555.05
3379.00	1546.03
3380.00	1550.31
3381.00	1545.75
3382.00	1551.39
3383.00	1550.12
3384.00	1555.89
3385.00	1549.98
3386.00	1555.77
3387.00	1551.91
3388.00	1554.00
3389.00	1547.99
3390.00	1555.14
3391.00	1541.86
3392.00	1544.72
3393.00	1541.58
3394.00	1550.64
3395.00	1542.12
3396.00	1547.24
3397.00	1541.24
3398.00	1548.96
3399.00	1548.28
3400.00	1542.95
3401.00	1539.63
3402.00	1538.54
3403.00	1537.31
3404.00	1535.59
3405.00	1530.30
3406.00	1539.42
3407.00	1530.90
3408.00	1535.81
3409.00	1524.48
3410.00	1531.18
3411.00	1527.72
3412.00	1529.35
3413.00	1507.72
3414.00	1524.96
3415.00	1521.59
3416.00	1527.20
3417.00	1515.28
3418.00	1520.50
3419.00	1520.51
3420.00	1522.85
3421.00	1516.42
3422.00	1515.25
3423.00	1515.33
3424.00	1516.78
3425.00	1516.45
3426.00	1516.69
3427.00	1511.61
3428.00	1521.52
3429.00	1511.46
3430.00	1517.16
3431.00	1511.44
3432.00	1508.17
3433.00	1514.22
3434.00	1513.65
3435.00	1509.48
3436.00	1509.13
3437.00	1506.01
3438.00	1504.24
3439.00	1504.11
3440.00	1505.93
3441.00	1497.40
3442.00	1501.57
3443.00	1493.96
3444.00	1504.96
3445.00	1475.61
3446.00	1498.50
3447.00	1496.54
3448.00	1505.91
3449.00	1488.39
3450.00	1499.68
3451.00	1494.21
3452.00	1496.09
3453.00	1490.30
3454.00	1499.15
3455.00	1493.03
3456.00	1495.85
3457.00	1487.96
3458.00	1493.62
3459.00	1485.81
3460.00	1492.95
3461.00	1483.01
3462.00	1474.69
3463.00	1482.33
3464.00	1488.07
3465.00	1483.84
3466.00	1484.33
3467.00	1480.03
3468.00	1482.93
3469.00	1470.03
3470.00	1473.02
3471.00	1475.48
3472.00	1480.60
3473.00	1476.53
3474.00	1473.23
3475.00	1475.90
3476.00	1472.11
3477.00	1468.68
3478.00	1474.09
3479.00	1460.10
3480.00	1470.79
3481.00	1468.67
3482.00	1471.20
3483.00	1467.02
3484.00	1466.91
3485.00	1466.87
3486.00	1471.16
3487.00	1463.86
3488.00	1473.51
3489.00	1463.45
3490.00	1467.59
3491.00	1465.63
3492.00	1471.97
3493.00	1457.54
3494.00	1458.62
3495.00	1451.98
3496.00	1460.64
3497.00	1454.90
3498.00	1461.48
3499.00	1454.83
3500.00	1457.95
3501.00	1450.44
3502.00	1454.51
3503.00	1443.59
3504.00	1452.91
3505.00	1448.09
3506.00	1452.61
3507.00	1444.87
3508.00	1453.66
3509.00	1443.82
3510.00	1448.00
3511.00	1443.48
3512.00	1448.73
3513.00	1440.17
3514.00	1446.61
3515.00	1438.03
3516.00	1442.04
3517.00	1432.25
3518.00	1444.41
3519.00	1435.26
3520.00	1438.00
3521.00	1429.29
3522.00	1435.67
3523.00	1433.82
3524.00	1433.78
3525.00	1430.86
3526.00	1435.23
3527.00	1432.00
3528.00	1431.84
3529.00	1429.04
3530.00	1433.79
3531.00	1426.32
3532.00	1434.52
3533.00	1426.53
3534.00	1410.56
3535.00	1421.96
3536.00	1424.97
3537.00	1420.02
3538.00	1423.50
3539.00	1423.42
3540.00	1425.64
3541.00	1428.03
3542.00	1422.29
3543.00	1420.71
3544.00	1424.25
3545.00	1421.68
3546.00	1422.74
3547.00	1420.86
3548.00	1426.12
3549.00	1414.73
3550.00	1416.93
3551.00	1413.84
3552.00	1421.10
3553.00	1410.10
3554.00	1415.54
3555.00	1408.66
3556.00	1412.62
3557.00	1409.70
3558.00	1414.42
3559.00	1411.70
3560.00	1408.25
3561.00	1408.58
3562.00	1413.00
3563.00	1408.51
3564.00	1412.62
3565.00	1402.47
3566.00	1406.16
3567.00	1400.90
3568.00	1406.71
3569.00	1404.17
3570.00	1406.49
3571.00	1398.03
3572.00	1407.78
3573.00	1402.34
3574.00	1399.78
3575.00	1400.86
3576.00	1405.90
3577.00	1394.02
3578.00	1398.70
3579.00	1396.61
3580.00	1401.44
3581.00	1388.66
3582.00	1399.96
3583.00	1391.64
3584.00	1397.63
3585.00	1391.38
3586.00	1393.23
3587.00	1396.16
3588.00	1398.30
3589.00	1394.23
3590.00	1398.96
3591.00	1391.90
3592.00	1389.78
3593.00	1387.06
3594.00	1391.84
3595.00	1386.07
3596.00	1394.41
3597.00	1384.68
3598.00	1391.01
3599.00	1384.75
3600.00	1389.10
3601.00	1385.67
3602.00	1392.25
3603.00	1384.94
3604.00	1385.29
3605.00	1387.16
3606.00	1386.00
3607.00	1384.27
3608.00	1386.71
3609.00	1377.35
3610.00	1382.49
3611.00	1379.72
3612.00	1390.05
3613.00	1386.17
3614.00	1383.68
3615.00	1380.68
3616.00	1384.23
3617.00	1374.92
3618.00	1372.05
3619.00	1377.51
3620.00	1377.97
3621.00	1370.03
3622.00	1378.74
3623.00	1371.72
3624.00	1381.95
3625.00	1369.33
3626.00	1374.41
3627.00	1366.92
3628.00	1380.38
3629.00	1373.69
3630.00	1376.89
3631.00	1372.48
3632.00	1373.39
3633.00	1366.32
3634.00	1374.01
3635.00	1363.72
3636.00	1368.15
3637.00	1368.40
3638.00	1370.92
3639.00	1361.82
3640.00	1371.52
3641.00	1361.73
3642.00	1363.15
3643.00	1356.35
3644.00	1361.45
3645.00	1361.82
3646.00	1363.99
3647.00	1364.31
