0.00	1297.957
1.00	1297.957
2.00	1297.957
3.00	1286.011
4.00	1299.664
5.00	1292.723
6.00	1290.675
7.00	1299.664
8.00	1302.337
9.00	1295.226
10.00	1295.170
11.00	1292.439
12.00	1290.107
13.00	1294.202
14.00	1295.738
15.00	1288.969
16.00	1293.918
17.00	1293.292
18.00	1349.725
19.00	1391.822
20.00	1398.421
21.00	1395.406
22.00	1400.868
23.00	1401.948
24.00	1399.104
25.00	1405.305
26.00	1402.915
27.00	1402.802
28.00	1411.619
29.00	1394.325
30.00	1412.359
31.00	1409.970
32.00	1413.952
33.00	1404.850
34.00	1427.889
35.00	1423.680
36.00	1434.545
37.00	1428.856
38.00	1418.958
39.00	1424.192
40.00	1433.749
41.00	1424.760
42.00	1434.488
43.00	1428.686
44.00	1432.611
45.00	1431.985
46.00	1450.531
47.00	1440.917
48.00	1450.701
49.00	1445.866
50.00	1458.780
51.00	1461.567
52.00	1460.486
53.00	1465.891
54.00	1469.873
55.00	1464.355
56.00	1465.891
57.00	1448.540
58.00	1487.622
59.00	1480.852
60.00	1491.319
61.00	1483.583
62.00	1478.520
63.00	1486.825
64.00	1496.553
65.00	1491.831
66.00	1493.254
67.00	1497.918
68.00	1499.511
69.00	1512.937
70.00	1504.745
71.00	1524.087
72.00	1527.045
73.00	1515.099
74.00	1523.916
75.00	1507.191
76.00	1529.605
77.00	1548.776
78.00	1537.626
79.00	1530.231
80.00	1548.151
81.00	1548.776
82.00	1551.621
83.00	1540.016
84.00	1557.310
85.00	1559.301
86.00	1563.112
87.00	1550.540
88.00	1571.759
89.00	1558.049
90.00	1570.337
91.00	1575.457
92.00	1589.394
93.00	1584.161
94.00	1593.832
95.00	1599.634
96.00	1592.921
97.00	1608.452
98.00	1621.195
99.00	1616.416
100.00	1623.357
101.00	1617.668
102.00	1629.671
103.00	1637.351
104.00	1626.941
105.00	1638.034
106.00	1646.624
107.00	1642.528
108.00	1662.894
109.00	1653.962
110.00	1665.852
111.00	1667.445
112.00	1680.017
113.00	1671.939
114.00	1676.547
115.00	1677.059
116.00	1692.988
117.00	1698.107
118.00	1708.973
119.00	1704.991
120.00	1709.201
121.00	1712.500
122.00	1727.348
123.00	1745.552
124.00	1742.708
125.00	1722.967
126.00	1709.542
127.00	1742.594
128.00	1768.307
129.00	1751.980
130.00	1766.373
131.00	1759.376
132.00	1744.471
133.00	1776.954
134.00	1778.661
135.00	1770.640
136.00	1800.847
137.00	1806.479
138.00	1807.674
139.00	1796.353
140.00	1806.365
141.00	1815.923
142.00	1800.392
143.00	1825.423
144.00	1823.944
145.00	1804.090
146.00	1827.926
147.00	1804.431
148.00	1797.377
149.00	1771.209
150.00	1788.616
151.00	1772.915
152.00	1774.736
153.00	1787.308
154.00	1822.749
155.00	1838.450
156.00	1883.847
157.00	1899.775
158.00	1908.707
159.00	1920.824
160.00	1928.731
161.00	1936.810
162.00	1937.663
163.00	1899.775
164.00	1903.871
165.00	1906.602
166.00	1911.437
167.00	1922.701
168.00	1926.570
169.00	1906.431
170.00	1910.698
171.00	1924.465
172.00	1925.660
173.00	1943.124
174.00	1964.798
175.00	1968.724
176.00	1950.804
177.00	1956.493
178.00	1965.424
179.00	1975.778
180.00	1997.225
181.00	1984.823
182.00	2020.606
183.00	2009.683
184.00	2012.300
185.00	2019.752
186.00	2034.657
187.00	2031.130
188.00	2030.561
189.00	2055.933
190.00	2060.484
191.00	2064.694
192.00	2093.593
193.00	2106.165
194.00	2112.025
195.00	2084.605
196.00	2104.572
197.00	2135.349
198.00	2138.990
199.00	2112.594
200.00	2128.181
201.00	2143.939
202.00	2158.673
203.00	2151.789
204.00	2161.631
205.00	2147.921
206.00	2155.146
207.00	2179.380
208.00	2218.860
209.00	2230.067
210.00	2240.478
211.00	2234.675
212.00	2235.927
213.00	2256.520
214.00	2266.077
215.00	2249.694
216.00	2274.724
217.00	2289.288
218.00	2299.471
219.00	2312.555
220.00	2326.606
221.00	2307.776
222.00	2296.001
223.00	2301.689
224.00	2318.926
225.00	2380.365
226.00	2352.945
227.00	2329.052
228.00	2357.895
229.00	2350.670
230.00	2378.943
231.00	2403.234
232.00	2426.047
233.00	2421.609
234.00	2423.373
235.00	2428.379
236.00	2446.185
237.00	2461.317
238.00	2449.484
239.00	2485.438
240.00	2498.863
241.00	2498.124
242.00	2508.762
243.00	2529.981
244.00	2502.049
245.00	2462.967
246.00	2560.132
247.00	2560.871
248.00	2528.388
249.00	2573.387
250.00	2542.098
251.00	2638.865
252.00	2549.095
253.00	2579.360
254.00	2608.771
255.00	2590.680
256.00	2611.331
257.00	2633.574
258.00	2651.209
259.00	2623.619
260.00	2650.413
261.00	2696.549
262.00	2702.067
263.00	2653.542
264.00	2733.981
265.00	2657.012
266.00	2699.962
267.00	2704.627
268.00	2758.728
269.00	2696.037
270.00	2836.266
271.00	2765.384
272.00	2799.744
273.00	2757.590
274.00	2825.514
275.00	2891.277
276.00	2823.352
277.00	2787.741
278.00	2851.512
279.00	2912.780
280.00	2890.651
281.00	2883.597
282.00	2945.719
283.00	2914.544
284.00	2933.203
285.00	2935.251
286.00	2952.318
287.00	2924.101
288.00	2965.800
289.00	3105.517
290.00	3081.681
291.00	2970.920
292.00	3040.722
293.00	2981.786
294.00	3112.401
295.00	3095.789
296.00	3063.875
297.00	3091.579
298.00	3066.549
299.00	3123.209
300.00	3110.409
301.00	3181.633
302.00	3204.275
303.00	3154.099
304.00	3296.376
305.00	3294.101
306.00	3256.725
307.00	3216.335
308.00	3227.713
309.00	3242.902
310.00	3284.942
311.00	3217.586
312.00	3278.115
313.00	3318.961
314.00	3380.969
315.00	3373.687
316.00	3439.393
317.00	3383.529
318.00	3453.786
319.00	3426.877
320.00	3459.759
321.00	3460.157
322.00	3353.321
323.00	3521.368
324.00	3475.972
325.00	3509.308
326.00	3472.957
327.00	3543.384
328.00	3670.415
329.00	3655.397
330.00	3676.331
331.00	3585.538
332.00	3561.816
333.00	3579.508
334.00	3612.958
335.00	3658.924
336.00	3612.788
337.00	3607.156
338.00	3761.777
339.00	3687.311
340.00	3689.985
341.00	3786.524
342.00	3788.060
343.00	3928.118
344.00	3719.908
345.00	3835.845
346.00	3832.830
347.00	3784.760
348.00	3923.851
349.00	3847.621
350.00	3878.170
351.00	3949.565
352.00	3954.514
353.00	3860.819
354.00	3987.964
355.00	3995.758
356.00	4011.402
357.00	4036.603
358.00	4089.509
359.00	4025.169
360.00	4025.851
361.00	4147.478
362.00	4121.423
363.00	4024.145
364.00	3999.342
365.00	4172.054
366.00	4411.666
367.00	4220.807
368.00	4234.915
369.00	4187.186
370.00	4251.924
371.00	4182.350
372.00	4212.785
373.00	4238.499
374.00	4241.571
375.00	4339.532
376.00	4137.580
377.00	4329.861
378.00	4387.034
379.00	4448.586
380.00	4524.077
381.00	4332.705
382.00	4411.894
383.00	4609.067
384.00	4532.326
385.00	4716.984
386.00	4463.263
387.00	4598.202
388.00	4505.304
389.00	4679.153
390.00	4581.989
391.00	4673.066
392.00	4724.436
393.00	4531.870
394.00	4869.671
395.00	4679.950
396.00	4744.518
397.00	5067.926
398.00	4994.882
399.00	5025.829
400.00	4878.774
401.00	4938.961
402.00	4815.912
403.00	4997.499
404.00	5082.603
405.00	5167.992
406.00	5042.099
407.00	5103.367
408.00	5166.627
409.00	5008.820
410.00	4958.872
411.00	5024.578
412.00	5122.084
413.00	5066.845
414.00	5343.037
415.00	5480.421
416.00	5518.878
417.00	5277.331
418.00	5375.349
419.00	5136.078
420.00	5534.863
421.00	5667.754
422.00	5543.226
423.00	5318.802
424.00	5744.837
425.00	5637.944
426.00	5574.116
427.00	5584.469
428.00	6022.678
429.00	5751.379
430.00	5550.280
431.00	5812.192
432.00	5758.433
433.00	6153.293
434.00	5699.383
435.00	6019.094
436.00	5812.078
437.00	6258.592
438.00	5905.090
439.00	5954.640
440.00	6107.953
441.00	6163.305
442.00	6338.293
443.00	6139.867
444.00	6171.895
445.00	6543.658
446.00	6428.517
447.00	6418.448
448.00	6318.723
449.00	6379.195
450.00	6248.922
451.00	6405.420
452.00	6301.486
453.00	6791.007
454.00	6645.033
455.00	6570.510
456.00	6519.140
457.00	6880.379
458.00	6675.240
459.00	6526.421
460.00	6340.341
461.00	6653.338
462.00	6799.939
463.00	6827.359
464.00	6928.449
465.00	6919.631
466.00	6921.907
467.00	7144.055
468.00	6829.122
469.00	7024.874
470.00	7248.558
471.00	7021.290
472.00	6899.607
473.00	7076.870
474.00	7140.983
475.00	7301.748
476.00	7052.692
477.00	6925.036
478.00	7114.871
479.00	7198.610
480.00	7526.399
481.00	7659.517
482.00	7698.371
483.00	7195.880
484.00	7568.894
485.00	7240.309
486.00	7320.635
487.00	7088.816
488.00	7074.936
489.00	7236.498
490.00	7296.458
491.00	7822.956
492.00	7944.128
493.00	8080.090
494.00	7658.891
495.00	7765.784
496.00	7575.835
497.00	7551.543
498.00	7823.980
499.00	7776.536
500.00	7985.599
501.00	7936.277
502.00	7862.835
503.00	7844.289
504.00	8318.792
505.00	8065.413
506.00	7890.255
507.00	7939.861
508.00	8090.785
509.00	7987.590
510.00	8115.645
511.00	8006.193
512.00	8190.282
513.00	7963.413
514.00	7944.185
515.00	8124.861
516.00	8291.884
517.00	7957.610
518.00	7879.446
519.00	8386.204
520.00	8605.337
521.00	8889.777
522.00	8396.615
523.00	8668.369
524.00	8578.258
525.00	8618.364
526.00	8980.912
527.00	9042.692
528.00	9636.262
529.00	8761.893
530.00	8979.091
531.00	8816.164
532.00	8486.896
533.00	8852.743
534.00	9292.317
535.00	9076.427
536.00	9090.251
537.00	8977.043
538.00	9078.930
539.00	9384.077
540.00	9523.055
541.00	9396.251
542.00	9059.247
543.00	8973.403
544.00	8985.406
545.00	9614.417
546.00	9338.965
547.00	9440.055
548.00	10170.611
549.00	9453.538
550.00	9518.219
551.00	9435.276
552.00	10230.742
553.00	9966.212
554.00	9588.362
555.00	10155.308
556.00	9900.336
557.00	10099.558
558.00	10791.658
559.00	10586.633
560.00	9964.278
561.00	9709.022
562.00	10263.680
563.00	10898.323
564.00	10871.073
565.00	10736.761
566.00	10594.256
567.00	10893.658
568.00	10991.335
569.00	10667.414
570.00	10820.158
571.00	11242.893
572.00	10775.103
573.00	10966.531
574.00	11058.007
575.00	11713.187
576.00	12335.940
577.00	12543.297
578.00	11949.101
579.00	11120.982
580.00	12345.213
581.00	11800.510
582.00	11220.024
583.00	12322.002
584.00	12207.828
585.00	12677.552
586.00	12541.874
587.00	12619.868
588.00	13132.998
589.00	12613.383
590.00	12399.825
591.00	12889.574
592.00	12679.487
593.00	12951.184
594.00	13642.430
595.00	14069.602
596.00	13055.744
597.00	13692.605
598.00	13602.950
599.00	13900.076
600.00	14651.168
601.00	14282.363
602.00	15062.981
603.00	14007.367
604.00	14048.724
605.00	15016.390
606.00	14671.250
607.00	14696.224
608.00	14129.221
609.00	14920.590
610.00	14581.310
611.00	14955.178
612.00	15919.089
613.00	16544.288
614.00	16412.137
615.00	16158.075
616.00	15932.685
617.00	15373.874
618.00	15950.434
619.00	16011.133
620.00	16397.289
621.00	16045.380
622.00	16373.681
623.00	16912.297
624.00	17433.562
625.00	17069.763
626.00	17829.331
627.00	17500.007
628.00	17505.980
629.00	17835.817
630.00	18126.059
631.00	18247.288
632.00	19083.428
633.00	19610.837
634.00	18760.418
635.00	20026.518
636.00	19473.850
637.00	20091.882
638.00	20139.952
639.00	20345.887
640.00	20038.123
641.00	20536.007
642.00	21087.024
643.00	20984.341
644.00	21183.677
645.00	21685.202
646.00	21634.002
647.00	21337.673
648.00	22221.144
649.00	22314.212
650.00	22788.602
651.00	22144.174
652.00	23360.838
653.00	22940.322
654.00	23350.712
655.00	22742.750
656.00	23533.209
657.00	23874.025
658.00	23340.302
659.00	24038.545
660.00	24109.598
661.00	25130.283
662.00	24885.778
663.00	25210.609
664.00	25732.272
665.00	25303.052
666.00	25330.870
667.00	25993.274
668.00	26488.086
669.00	26885.620
670.00	27268.419
671.00	26903.198
672.00	26530.354
673.00	27678.582
674.00	27513.322
675.00	28384.676
676.00	28302.814
677.00	27986.915
678.00	28045.510
679.00	29062.838
680.00	28553.577
681.00	29043.895
682.00	28904.633
683.00	29861.660
684.00	30242.013
685.00	30515.815
686.00	30324.671
687.00	30112.138
688.00	29853.070
689.00	30701.156
690.00	30579.018
691.00	30863.060
692.00	30818.744
693.00	30655.475
694.00	31758.875
695.00	31623.425
696.00	32167.900
697.00	32050.711
698.00	32002.413
699.00	32650.993
700.00	32851.410
701.00	33127.886
702.00	32937.937
703.00	33351.285
704.00	33322.500
705.00	33146.033
706.00	33513.757
707.00	33703.137
708.00	33995.997
709.00	34070.975
710.00	34114.836
711.00	34419.926
712.00	34194.877
713.00	34232.423
714.00	35061.680
715.00	34592.695
716.00	35039.437
717.00	34847.781
718.00	35375.873
719.00	35637.216
720.00	35556.037
721.00	35754.121
722.00	35633.917
723.00	35427.072
724.00	36299.734
725.00	35950.783
726.00	35792.407
727.00	36424.490
728.00	36419.142
729.00	36822.819
730.00	36841.763
731.00	37048.949
732.00	36624.849
733.00	37454.561
734.00	37156.468
735.00	37471.969
736.00	37232.356
737.00	37075.459
738.00	38036.298
739.00	38351.799
740.00	38255.999
741.00	37869.616
742.00	38340.535
743.00	38379.845
744.00	38496.067
745.00	39229.183
746.00	38369.662
747.00	38850.877
748.00	38329.044
749.00	39021.029
750.00	39038.892
751.00	39279.244
752.00	39627.456
753.00	39228.898
754.00	39268.379
755.00	39802.500
756.00	39554.241
757.00	40001.950
758.00	39422.147
759.00	39907.629
760.00	39813.536
761.00	40289.917
762.00	39863.541
763.00	40284.228
764.00	40655.479
765.00	40634.089
766.00	40841.844
767.00	40827.907
768.00	40849.012
769.00	40564.231
770.00	40604.792
771.00	41162.693
772.00	41418.575
773.00	41319.021
774.00	41848.421
775.00	41603.063
776.00	41899.677
777.00	41996.330
778.00	42202.378
779.00	42286.857
780.00	42370.312
781.00	42272.464
782.00	42404.331
783.00	42413.262
784.00	42522.146
785.00	42697.304
786.00	42227.409
787.00	43010.359
788.00	42867.684
789.00	43039.201
790.00	42967.750
791.00	43339.001
792.00	43429.908
793.00	43520.644
794.00	43317.099
795.00	43709.968
796.00	43826.133
797.00	44200.911
798.00	44252.167
799.00	44437.964
800.00	44049.703
801.00	44515.388
802.00	44521.703
803.00	44851.653
804.00	44627.344
805.00	45031.192
806.00	44940.740
807.00	45357.615
808.00	44989.379
809.00	45119.482
810.00	45199.694
811.00	45250.495
812.00	45353.918
813.00	45787.063
814.00	45664.583
815.00	45795.767
816.00	45875.808
817.00	46381.088
818.00	45835.475
819.00	46039.191
820.00	46706.601
821.00	47073.756
822.00	45958.296
823.00	46715.305
824.00	46889.155
825.00	47039.282
826.00	46904.799
827.00	47502.578
828.00	47390.509
829.00	47282.023
830.00	47930.035
831.00	47759.940
832.00	48689.433
833.00	48225.454
834.00	47721.938
835.00	48538.282
836.00	48287.917
837.00	48866.355
838.00	48953.792
839.00	48800.023
840.00	49356.047
841.00	49364.353
842.00	49082.359
843.00	49431.139
844.00	49520.965
845.00	49312.186
846.00	49673.766
847.00	49504.297
848.00	49460.323
849.00	50071.414
850.00	49832.598
851.00	50514.970
852.00	49534.334
853.00	50575.669
854.00	49726.103
855.00	50937.477
856.00	50076.534
857.00	50367.175
858.00	50658.157
859.00	50890.487
860.00	50850.040
861.00	51559.491
862.00	50878.200
863.00	51469.494
864.00	51194.668
865.00	51620.361
866.00	51881.647
867.00	51418.010
868.00	52037.521
869.00	51744.263
870.00	51550.844
871.00	52026.371
872.00	52342.839
873.00	52018.008
874.00	52573.178
875.00	52004.298
876.00	51745.970
877.00	52639.396
878.00	52127.347
879.00	52650.603
880.00	52551.219
881.00	53699.845
882.00	52897.497
883.00	53601.202
884.00	53002.398
885.00	52854.546
886.00	52978.221
887.00	52737.300
888.00	53481.794
889.00	53126.756
890.00	53482.306
891.00	53436.625
892.00	53173.745
893.00	53914.484
894.00	53338.550
895.00	53890.705
896.00	53548.410
897.00	53942.188
898.00	53653.254
899.00	54017.963
900.00	53617.244
901.00	54282.493
902.00	54396.098
903.00	54042.880
904.00	54589.119
905.00	54283.175
906.00	55067.434
907.00	54265.085
908.00	54359.747
909.00	54674.849
910.00	54584.966
911.00	54627.291
912.00	55471.907
913.00	54890.341
914.00	55457.344
915.00	54587.071
916.00	55034.950
917.00	55131.319
918.00	54741.693
919.00	55651.275
920.00	55399.887
921.00	55011.456
922.00	55615.265
923.00	55131.148
924.00	55663.222
925.00	55921.152
926.00	55744.060
927.00	56132.719
928.00	55442.269
929.00	55183.258
930.00	56093.238
931.00	55423.439
932.00	56124.640
933.00	56195.352
934.00	55762.093
935.00	56614.560
936.00	56388.999
937.00	56110.418
938.00	56421.368
939.00	56307.877
940.00	56551.983
941.00	56228.973
942.00	56522.743
943.00	56667.295
944.00	56291.891
945.00	56815.545
946.00	56809.345
947.00	56759.454
948.00	56831.303
949.00	56545.669
950.00	57108.917
951.00	57608.337
952.00	56008.475
953.00	57170.982
954.00	56999.464
955.00	57347.733
956.00	57337.493
957.00	57666.647
958.00	57672.507
959.00	57507.702
960.00	57749.362
961.00	58014.745
962.00	58070.666
963.00	57713.068
964.00	57329.984
965.00	57716.766
966.00	57760.512
967.00	58132.048
968.00	58210.781
969.00	58039.093
970.00	58083.750
971.00	58516.440
972.00	57748.566
973.00	57880.432
974.00	58409.377
975.00	58292.017
976.00	58246.791
977.00	58398.625
978.00	58385.598
979.00	58652.687
980.00	58383.095
981.00	58754.801
982.00	58532.540
983.00	57872.297
984.00	58361.022
985.00	59359.009
986.00	58587.437
987.00	58882.344
988.00	59156.203
989.00	58842.466
990.00	59182.087
991.00	59084.695
992.00	59497.759
993.00	59347.631
994.00	59463.626
995.00	58956.469
996.00	59074.000
997.00	59645.952
998.00	59455.662
999.00	59905.646
1000.00	59437.002
1001.00	60002.014
1002.00	60103.958
1003.00	59969.872
1004.00	59550.892
1005.00	59865.597
1006.00	59591.510
1007.00	60005.712
1008.00	60206.242
1009.00	60039.219
1010.00	60198.107
1011.00	60193.101
1012.00	60320.644
1013.00	60090.873
1014.00	60389.137
1015.00	60470.260
1016.00	60523.791
1017.00	60810.279
1018.00	60547.400
1019.00	60434.363
1020.00	60745.484
1021.00	60410.698
1022.00	60737.178
1023.00	61014.109
1024.00	61250.251
1025.00	60888.557
1026.00	60021.015
1027.00	61013.483
1028.00	60800.608
1029.00	61058.197
1030.00	60707.426
1031.00	61284.213
1032.00	60665.442
1033.00	60956.197
1034.00	61041.643
1035.00	62029.276
1036.00	60986.177
1037.00	61594.993
1038.00	61753.539
1039.00	61451.976
1040.00	61581.795
1041.00	61773.166
1042.00	62017.955
1043.00	61634.928
1044.00	61982.969
1045.00	62037.240
1046.00	62191.975
1047.00	61507.442
1048.00	62223.378
1049.00	62007.146
1050.00	62376.577
1051.00	62390.572
1052.00	62344.947
1053.00	62669.892
1054.00	62320.201
1055.00	62091.909
1056.00	62238.339
1057.00	62233.674
1058.00	62484.778
1059.00	62666.365
1060.00	62174.170
1061.00	62627.339
1062.00	62358.259
1063.00	62758.068
1064.00	62410.596
1065.00	62438.756
1066.00	62897.671
1067.00	62408.491
1068.00	62796.866
1069.00	62650.095
1070.00	62396.090
1071.00	62702.602
1072.00	63164.590
1073.00	62888.057
1074.00	63719.703
1075.00	62375.838
1076.00	62783.099
1077.00	62916.786
1078.00	63579.133
1079.00	62978.509
1080.00	63290.085
1081.00	62809.381
1082.00	63047.799
1083.00	63373.198
1084.00	63471.956
1085.00	63250.150
1086.00	63285.193
1087.00	62852.332
1088.00	63036.876
1089.00	62840.783
1090.00	63663.839
1091.00	63691.202
1092.00	63547.845
1093.00	63220.795
1094.00	63254.189
1095.00	62967.530
1096.00	63566.731
1097.00	63443.739
1098.00	63369.956
1099.00	63404.032
1100.00	63275.237
1101.00	63532.087
1102.00	63736.713
1103.00	63598.020
1104.00	64033.498
1105.00	63285.193
1106.00	63661.222
1107.00	63538.174
1108.00	63163.054
1109.00	63243.835
1110.00	63805.945
1111.00	63699.849
1112.00	63832.740
1113.00	63485.211
1114.00	63304.876
1115.00	63535.784
1116.00	63311.645
1117.00	63096.552
1118.00	63947.710
1119.00	63203.501
1120.00	63234.107
1121.00	63018.957
1122.00	63764.247
1123.00	63824.662
1124.00	63382.244
1125.00	63123.744
1126.00	63626.407
1127.00	63291.678
1128.00	63126.020
1129.00	62973.105
1130.00	63041.882
1131.00	63838.884
1132.00	63341.113
1133.00	63674.989
1134.00	63446.811
1135.00	63506.828
1136.00	63737.282
1137.00	64140.959
1138.00	63593.071
1139.00	63367.566
1140.00	62851.080
1141.00	63339.066
1142.00	63354.767
1143.00	63678.630
1144.00	62960.419
1145.00	62551.280
1146.00	63442.659
1147.00	63096.495
1148.00	63136.032
1149.00	63209.418
1150.00	63633.859
1151.00	62307.003
1152.00	62880.889
1153.00	63177.105
1154.00	62874.063
1155.00	62838.394
1156.00	62992.674
1157.00	62574.604
1158.00	62810.860
1159.00	62735.199
1160.00	63059.916
1161.00	62703.797
1162.00	62850.853
1163.00	62968.326
1164.00	62600.659
1165.00	62492.799
1166.00	62480.625
1167.00	62713.752
1168.00	62433.124
1169.00	62628.477
1170.00	63098.145
1171.00	62208.132
1172.00	62571.646
1173.00	61857.929
1174.00	61928.413
1175.00	62263.370
1176.00	62624.780
1177.00	61853.150
1178.00	62362.753
1179.00	62312.066
1180.00	61805.023
1181.00	61810.939
1182.00	61548.060
1183.00	61904.179
1184.00	62327.710
1185.00	62404.338
1186.00	61914.703
1187.00	61206.732
1188.00	61674.977
1189.00	62495.701
1190.00	61811.338
1191.00	61940.018
1192.00	62255.121
1193.00	61780.334
1194.00	61554.204
1195.00	62231.114
1196.00	62328.052
1197.00	62026.318
1198.00	61445.263
1199.00	61591.238
1200.00	61731.524
1201.00	61784.202
1202.00	61511.936
1203.00	61494.301
1204.00	61066.730
1205.00	61729.135
1206.00	61474.504
1207.00	61621.332
1208.00	61766.453
1209.00	61357.144
1210.00	61732.093
1211.00	61741.195
1212.00	61577.016
1213.00	61466.539
1214.00	61185.683
1215.00	61669.061
1216.00	61044.601
1217.00	60794.066
1218.00	61294.282
1219.00	61116.223
1220.00	61220.897
1221.00	60857.553
1222.00	61516.885
1223.00	61405.555
1224.00	61177.321
1225.00	60989.078
1226.00	60581.191
1227.00	60521.800
1228.00	60702.135
1229.00	60551.837
1230.00	60395.850
1231.00	60718.348
1232.00	60982.764
1233.00	60818.187
1234.00	60947.664
1235.00	60692.862
1236.00	61087.779
1237.00	60898.114
1238.00	60502.572
1239.00	60822.510
1240.00	61022.415
1241.00	61228.691
1242.00	60588.700
1243.00	60864.437
1244.00	60328.665
1245.00	60731.831
1246.00	60208.233
1247.00	60007.703
1248.00	60663.906
1249.00	60370.762
1250.00	60426.626
1251.00	60606.734
1252.00	60685.296
1253.00	60535.567
1254.00	59507.714
1255.00	59663.587
1256.00	60253.118
1257.00	60360.238
1258.00	60067.435
1259.00	60310.404
1260.00	60344.878
1261.00	60089.736
1262.00	60551.780
1263.00	59879.876
1264.00	60541.825
1265.00	60048.435
1266.00	60416.842
1267.00	60541.199
1268.00	60552.520
1269.00	60160.902
1270.00	59762.117
1271.00	60241.627
1272.00	59885.963
1273.00	60120.512
1274.00	60255.962
1275.00	60085.412
1276.00	60090.191
1277.00	59947.857
1278.00	59474.150
1279.00	60493.868
1280.00	60151.743
1281.00	59659.093
1282.00	59816.901
1283.00	59759.557
1284.00	59669.561
1285.00	60025.850
1286.00	59691.633
1287.00	60084.559
1288.00	59308.265
1289.00	59370.102
1290.00	59175.204
1291.00	60133.596
1292.00	59651.470
1293.00	59742.093
1294.00	59325.274
1295.00	59040.493
1296.00	59568.584
1297.00	59450.883
1298.00	59319.358
1299.00	59016.429
1300.00	59563.066
1301.00	59346.038
1302.00	58611.955
1303.00	59068.994
1304.00	58765.951
1305.00	59558.572
1306.00	59222.193
1307.00	58845.083
1308.00	58931.609
1309.00	59262.072
1310.00	59287.956
1311.00	59503.561
1312.00	59771.447
1313.00	59491.501
1314.00	59195.854
1315.00	59451.679
1316.00	59461.350
1317.00	58994.698
1318.00	58714.525
1319.00	59092.147
1320.00	59291.369
1321.00	58894.916
1322.00	58631.468
1323.00	59094.195
1324.00	58671.915
1325.00	58465.241
1326.00	58504.835
1327.00	58448.175
1328.00	58200.314
1329.00	58041.653
1330.00	58559.562
1331.00	58285.020
1332.00	58292.984
1333.00	58783.131
1334.00	58189.562
1335.00	58329.051
1336.00	58117.314
1337.00	57631.889
1338.00	57592.579
1339.00	58217.437
1340.00	57992.559
1341.00	57873.663
1342.00	58231.090
1343.00	58091.942
1344.00	57926.000
1345.00	57670.060
1346.00	57710.735
1347.00	57842.659
1348.00	57298.354
1349.00	58186.092
1350.00	57664.884
1351.00	58005.017
1352.00	57336.071
1353.00	57113.184
1354.00	57375.779
1355.00	58174.487
1356.00	57255.347
1357.00	57310.528
1358.00	57108.746
1359.00	57320.313
1360.00	57119.441
1361.00	56940.927
1362.00	56863.331
1363.00	56811.450
1364.00	57345.457
1365.00	56499.248
1366.00	56510.398
1367.00	56399.580
1368.00	56603.865
1369.00	56320.677
1370.00	56724.240
1371.00	56708.482
1372.00	56280.684
1373.00	56697.162
1374.00	56666.954
1375.00	56025.371
1376.00	56187.104
1377.00	56659.502
1378.00	56532.357
1379.00	56010.921
1380.00	55992.148
1381.00	56463.807
1382.00	56327.674
1383.00	55866.141
1384.00	55966.606
1385.00	55777.737
1386.00	54865.936
1387.00	55292.596
1388.00	55558.718
1389.00	55838.380
1390.00	55188.036
1391.00	54700.164
1392.00	54702.611
1393.00	54880.044
1394.00	55050.083
1395.00	55439.367
1396.00	54965.945
1397.00	54817.923
1398.00	54915.030
1399.00	54731.453
1400.00	55224.729
1401.00	54106.083
1402.00	54444.567
1403.00	53994.298
1404.00	54473.238
1405.00	54383.867
1406.00	55050.253
1407.00	54079.118
1408.00	54587.185
1409.00	54442.746
1410.00	54147.042
1411.00	54128.326
1412.00	54561.528
1413.00	54505.039
1414.00	53720.951
1415.00	53636.188
1416.00	54221.622
1417.00	53724.421
1418.00	52973.499
1419.00	53297.021
1420.00	53083.122
1421.00	53214.249
1422.00	53410.399
1423.00	53531.059
1424.00	52660.217
1425.00	52886.176
1426.00	52312.972
1427.00	52878.439
1428.00	52376.232
1429.00	51979.154
1430.00	52368.893
1431.00	52696.967
1432.00	52398.532
1433.00	52306.829
1434.00	52909.898
1435.00	51931.652
1436.00	52944.941
1437.00	52172.061
1438.00	51497.767
1439.00	51366.982
1440.00	52009.190
1441.00	51888.474
1442.00	51247.574
1443.00	51974.830
1444.00	51456.353
1445.00	51024.573
1446.00	50708.218
1447.00	50882.296
1448.00	50968.993
1449.00	51201.210
1450.00	50978.721
1451.00	50574.076
1452.00	50185.929
1453.00	50510.134
1454.00	49936.305
1455.00	49818.091
1456.00	50168.977
1457.00	50030.796
1458.00	49896.142
1459.00	50357.162
1460.00	50313.415
1461.00	50258.518
1462.00	49710.971
1463.00	49537.178
1464.00	49144.253
1465.00	49883.797
1466.00	49270.544
1467.00	49386.084
1468.00	49649.134
1469.00	49548.385
1470.00	49095.841
1471.00	49603.339
1472.00	49228.561
1473.00	48925.917
1474.00	49002.829
1475.00	48993.898
1476.00	49313.210
1477.00	49033.378
1478.00	48528.440
1479.00	48255.719
1480.00	48195.873
1481.00	48094.271
1482.00	48076.351
1483.00	48004.501
1484.00	47774.731
1485.00	48370.917
1486.00	48036.131
1487.00	47563.562
1488.00	47178.829
1489.00	47107.093
1490.00	47340.049
1491.00	47810.456
1492.00	47444.325
1493.00	46837.842
1494.00	47461.562
1495.00	47322.812
1496.00	47123.135
1497.00	47125.297
1498.00	47027.506
1499.00	46452.824
1500.00	46244.784
1501.00	46530.590
1502.00	45676.928
1503.00	46333.245
1504.00	46092.836
1505.00	46027.301
1506.00	46157.120
1507.00	46148.643
1508.00	46201.094
1509.00	46008.358
1510.00	45074.484
1511.00	45079.888
1512.00	45830.981
1513.00	45485.613
1514.00	45636.082
1515.00	45192.185
1516.00	45083.757
1517.00	45365.352
1518.00	44879.358
1519.00	45028.348
1520.00	45311.365
1521.00	44778.211
1522.00	44738.276
1523.00	44536.209
1524.00	44878.334
1525.00	44920.317
1526.00	44052.775
1527.00	44143.796
1528.00	43886.946
1529.00	43899.746
1530.00	43959.706
1531.00	43469.786
1532.00	43693.925
1533.00	43297.643
1534.00	43493.736
1535.00	43412.898
1536.00	43469.786
1537.00	43485.431
1538.00	43083.631
1539.00	43016.048
1540.00	43330.923
1541.00	43411.704
1542.00	43616.159
1543.00	43302.024
1544.00	42846.351
1545.00	42768.869
1546.00	42268.823
1547.00	42695.142
1548.00	42668.917
1549.00	42440.170
1550.00	42662.090
1551.00	42064.994
1552.00	41685.266
1553.00	42170.578
1554.00	41686.119
1555.00	41709.444
1556.00	41661.487
1557.00	41472.505
1558.00	41719.001
1559.00	41633.555
1560.00	41512.383
1561.00	41639.699
1562.00	41483.314
1563.00	41042.318
1564.00	41483.655
1565.00	41101.652
1566.00	40841.048
1567.00	40485.100
1568.00	40828.077
1569.00	40718.170
1570.00	40876.603
1571.00	40361.994
1572.00	40961.764
1573.00	40434.583
1574.00	40208.396
1575.00	40158.392
1576.00	40080.796
1577.00	40006.671
1578.00	39830.546
1579.00	40040.292
1580.00	39720.752
1581.00	39714.267
1582.00	39461.513
1583.00	39169.337
1584.00	39218.772
1585.00	39309.850
1586.00	39228.614
1587.00	39099.990
1588.00	38940.419
1589.00	38798.085
1590.00	38739.604
1591.00	38697.792
1592.00	38268.515
1593.00	38512.223
1594.00	38791.828
1595.00	38687.893
1596.00	38182.045
1597.00	37793.841
1598.00	38200.534
1599.00	38158.778
1600.00	37904.147
1601.00	38010.926
1602.00	37751.289
1603.00	37740.708
1604.00	37762.268
1605.00	37752.028
1606.00	37877.580
1607.00	37559.918
1608.00	37478.909
1609.00	37556.732
1610.00	37350.627
1611.00	37516.796
1612.00	37072.046
1613.00	36800.519
1614.00	36791.190
1615.00	36562.215
1616.00	36677.755
1617.00	36841.592
1618.00	36591.001
1619.00	36432.397
1620.00	36073.490
1621.00	36335.517
1622.00	36852.629
1623.00	35987.419
1624.00	35789.278
1625.00	35912.042
1626.00	36004.201
1627.00	35805.263
1628.00	35842.525
1629.00	35530.836
1630.00	35220.511
1631.00	35284.795
1632.00	35457.393
1633.00	35512.688
1634.00	35556.037
1635.00	35033.634
1636.00	34969.692
1637.00	35284.624
1638.00	34703.570
1639.00	34895.852
1640.00	35052.521
1641.00	34845.676
1642.00	34647.990
1643.00	34710.738
1644.00	35025.727
1645.00	34751.185
1646.00	34598.043
1647.00	34805.115
1648.00	34286.638
1649.00	34397.114
1650.00	34125.190
1651.00	34519.253
1652.00	34189.132
1653.00	34027.683
1654.00	34014.429
1655.00	33589.247
1656.00	33746.600
1657.00	33875.679
1658.00	33890.071
1659.00	33852.810
1660.00	33569.564
1661.00	33360.899
1662.00	33878.466
1663.00	33178.573
1664.00	33394.463
1665.00	33267.716
1666.00	33174.192
1667.00	33337.973
1668.00	33262.653
1669.00	33050.689
1670.00	33047.048
1671.00	32774.668
1672.00	33017.921
1673.00	32679.039
1674.00	32602.695
1675.00	32540.119
1676.00	32497.908
1677.00	32534.942
1678.00	32653.667
1679.00	32265.691
1680.00	31977.041
1681.00	32248.397
1682.00	32300.904
1683.00	31937.504
1684.00	31851.034
1685.00	31448.039
1686.00	31842.046
1687.00	31719.281
1688.00	31778.331
1689.00	31567.049
1690.00	31501.571
1691.00	31405.259
1692.00	30864.368
1693.00	31131.969
1694.00	31313.556
1695.00	30949.131
1696.00	31279.878
1697.00	31065.581
1698.00	31296.603
1699.00	30800.028
1700.00	31114.050
1701.00	30657.125
1702.00	30626.519
1703.00	30638.181
1704.00	30697.629
1705.00	30457.050
1706.00	30396.407
1707.00	30244.289
1708.00	30718.735
1709.00	30011.048
1710.00	29890.616
1711.00	30137.510
1712.00	29858.588
1713.00	30033.917
1714.00	29881.628
1715.00	29609.532
1716.00	30291.335
1717.00	30235.642
1718.00	29723.194
1719.00	29497.065
1720.00	29663.007
1721.00	29522.721
1722.00	29047.479
1723.00	29281.004
1724.00	29409.343
1725.00	29407.238
1726.00	29239.305
1727.00	29358.258
1728.00	29140.490
1729.00	29174.225
1730.00	29192.486
1731.00	28825.786
1732.00	28600.509
1733.00	28553.747
1734.00	28702.225
1735.00	28943.999
1736.00	28610.237
1737.00	28419.947
1738.00	27966.379
1739.00	28298.548
1740.00	28112.581
1741.00	28007.054
1742.00	28017.805
1743.00	28110.305
1744.00	27873.480
1745.00	28100.065
1746.00	27947.890
1747.00	27855.049
1748.00	27925.021
1749.00	27884.346
1750.00	27735.527
1751.00	27534.769
1752.00	27384.642
1753.00	27446.251
1754.00	27429.754
1755.00	27266.201
1756.00	27437.661
1757.00	27232.523
1758.00	27125.289
1759.00	27282.528
1760.00	27427.592
1761.00	26824.693
1762.00	27431.916
1763.00	26879.305
1764.00	26873.161
1765.00	27096.959
1766.00	27077.845
1767.00	26753.355
1768.00	26595.662
1769.00	26924.702
1770.00	26830.723
1771.00	26322.201
1772.00	26678.775
1773.00	26474.832
1774.00	26379.999
1775.00	26441.040
1776.00	26669.332
1777.00	26513.800
1778.00	26159.217
1779.00	26305.647
1780.00	26229.644
1781.00	26194.374
1782.00	26383.242
1783.00	26121.557
1784.00	26008.008
1785.00	25902.709
1786.00	25553.530
1787.00	25769.989
1788.00	26111.602
1789.00	25835.979
1790.00	25851.566
1791.00	25778.238
1792.00	25677.489
1793.00	25913.631
1794.00	25583.624
1795.00	25289.399
1796.00	25294.064
1797.00	25562.518
1798.00	25640.796
1799.00	25598.529
1800.00	25484.411
1801.00	25226.879
1802.00	25304.076
1803.00	25334.796
1804.00	25401.525
1805.00	25568.776
1806.00	25377.234
1807.00	25348.904
1808.00	25005.471
1809.00	24799.878
1810.00	25008.941
1811.00	24796.407
1812.00	24695.431
1813.00	24954.841
1814.00	25033.005
1815.00	24656.804
1816.00	24605.491
1817.00	24802.267
1818.00	24771.320
1819.00	24799.309
1820.00	24779.455
1821.00	24425.953
1822.00	24462.930
1823.00	24792.596
1824.00	24720.917
1825.00	24677.739
1826.00	24258.304
1827.00	24283.733
1828.00	24253.241
1829.00	24198.457
1830.00	24389.032
1831.00	24260.864
1832.00	24137.587
1833.00	24272.696
1834.00	23959.016
1835.00	24170.241
1836.00	24024.949
1837.00	23697.274
1838.00	24056.067
1839.00	23968.744
1840.00	23746.823
1841.00	24254.663
1842.00	23748.473
1843.00	23608.358
1844.00	23741.874
1845.00	23840.461
1846.00	23704.613
1847.00	23587.935
1848.00	23784.597
1849.00	23823.395
1850.00	23664.393
1851.00	23624.002
1852.00	23663.653
1853.00	23641.069
1854.00	23711.496
1855.00	23488.267
1856.00	23322.325
1857.00	23634.014
1858.00	23338.481
1859.00	23426.942
1860.00	23205.875
1861.00	23147.337
1862.00	23116.447
1863.00	23257.586
1864.00	23269.135
1865.00	23303.552
1866.00	23023.435
1867.00	23096.536
1868.00	23063.883
1869.00	23210.711
1870.00	23232.556
1871.00	22891.000
1872.00	23244.730
1873.00	22941.744
1874.00	23129.418
1875.00	23062.461
1876.00	22808.626
1877.00	22898.623
1878.00	22957.104
1879.00	22661.969
1880.00	22874.844
1881.00	22721.076
1882.00	22703.326
1883.00	22539.148
1884.00	22730.690
1885.00	22538.920
1886.00	22409.102
1887.00	22563.097
1888.00	22161.753
1889.00	22306.419
1890.00	22361.543
1891.00	22233.261
1892.00	22400.739
1893.00	22247.369
1894.00	22170.115
1895.00	22391.409
1896.00	22331.393
1897.00	22256.357
1898.00	21928.170
1899.00	22133.422
1900.00	22109.529
1901.00	21936.078
1902.00	21935.680
1903.00	21750.111
1904.00	21816.897
1905.00	22017.996
1906.00	21872.704
1907.00	21848.584
1908.00	22068.115
1909.00	21916.110
1910.00	21819.571
1911.00	21648.224
1912.00	21503.444
1913.00	21684.178
1914.00	21624.502
1915.00	21621.316
1916.00	21407.986
1917.00	21509.873
1918.00	21139.930
1919.00	21441.891
1920.00	21214.055
1921.00	21313.723
1922.00	21355.592
1923.00	21160.922
1924.00	21089.072
1925.00	20667.475
1926.00	20728.971
1927.00	20571.732
1928.00	20799.967
1929.00	20887.347
1930.00	20568.490
1931.00	20814.701
1932.00	20688.125
1933.00	20861.406
1934.00	20592.610
1935.00	20473.885
1936.00	20638.462
1937.00	20493.227
1938.00	20406.245
1939.00	20461.938
1940.00	20682.323
1941.00	20504.604
1942.00	20374.388
1943.00	20310.275
1944.00	19970.767
1945.00	19909.328
1946.00	20281.547
1947.00	20339.914
1948.00	19989.882
1949.00	20075.612
1950.00	19765.857
1951.00	19849.766
1952.00	19561.856
1953.00	19546.326
1954.00	19410.022
1955.00	19499.450
1956.00	19809.774
1957.00	19943.404
1958.00	19459.003
1959.00	19377.141
1960.00	19328.160
1961.00	19099.641
1962.00	19118.073
1963.00	19238.732
1964.00	19113.294
1965.00	19212.166
1966.00	18988.027
1967.00	19418.555
1968.00	19038.998
1969.00	19030.977
1970.00	19134.172
1971.00	18886.823
1972.00	18788.976
1973.00	18798.305
1974.00	18708.707
1975.00	18772.364
1976.00	18808.374
1977.00	18853.145
1978.00	18273.286
1979.00	18373.352
1980.00	18213.667
1981.00	18354.180
1982.00	18305.655
1983.00	18082.426
1984.00	18106.205
1985.00	18251.896
1986.00	18063.767
1987.00	18029.862
1988.00	17989.528
1989.00	17782.058
1990.00	17666.177
1991.00	17662.820
1992.00	17674.312
1993.00	17657.302
1994.00	17450.287
1995.00	17503.932
1996.00	17561.673
1997.00	17376.332
1998.00	17430.888
1999.00	17279.111
2000.00	17272.967
2001.00	17199.752
2002.00	17234.738
2003.00	17119.824
2004.00	16922.138
2005.00	16970.379
2006.00	16863.259
2007.00	16860.984
2008.00	16862.064
2009.00	16868.891
2010.00	16779.634
2011.00	16610.790
2012.00	16582.005
2013.00	16488.140
2014.00	16690.376
2015.00	16423.230
2016.00	16300.523
2017.00	16506.287
2018.00	16142.943
2019.00	16058.464
2020.00	15998.903
2021.00	16219.344
2022.00	16159.611
2023.00	15972.905
2024.00	15751.155
2025.00	15802.980
2026.00	15987.127
2027.00	15875.000
2028.00	15878.072
2029.00	15725.044
2030.00	15868.117
2031.00	15772.090
2032.00	15541.466
2033.00	15402.147
2034.00	15411.704
2035.00	15411.591
2036.00	15388.210
2037.00	15257.424
2038.00	15286.608
2039.00	15410.282
2040.00	15053.594
2041.00	15136.025
2042.00	15041.477
2043.00	15210.890
2044.00	14922.866
2045.00	14771.657
2046.00	14575.507
2047.00	14728.991
2048.00	14651.282
2049.00	14637.914
2050.00	14529.940
2051.00	14346.931
2052.00	14446.940
2053.00	14538.530
2054.00	14374.181
2055.00	14370.255
2056.00	14331.856
2057.00	14153.455
2058.00	14204.484
2059.00	14113.406
2060.00	14030.008
2061.00	13965.554
2062.00	13946.667
2063.00	13947.236
2064.00	13952.868
2065.00	13791.192
2066.00	13791.420
2067.00	13801.546
2068.00	13929.658
2069.00	13750.745
2070.00	13523.193
2071.00	13527.630
2072.00	13492.815
2073.00	13448.385
2074.00	13267.424
2075.00	13398.380
2076.00	13449.466
2077.00	13432.513
2078.00	13439.397
2079.00	13299.737
2080.00	13190.910
2081.00	13082.254
2082.00	13000.904
2083.00	12913.922
2084.00	12854.759
2085.00	12877.684
2086.00	12883.032
2087.00	12759.073
2088.00	12890.427
2089.00	12769.142
2090.00	12694.107
2091.00	12465.189
2092.00	12471.675
2093.00	12461.549
2094.00	12364.042
2095.00	12242.757
2096.00	12362.222
2097.00	12270.575
2098.00	12239.515
2099.00	12212.891
2100.00	12215.906
2101.00	12130.290
2102.00	12085.974
2103.00	12028.972
2104.00	12019.301
2105.00	12100.765
2106.00	12003.031
2107.00	11846.532
2108.00	11816.837
2109.00	11873.440
2110.00	11789.530
2111.00	11756.137
2112.00	11689.009
2113.00	11625.181
2114.00	11672.341
2115.00	11572.958
2116.00	11578.760
2117.00	11532.795
2118.00	11413.444
2119.00	11404.171
2120.00	11334.085
2121.00	11248.923
2122.00	11253.019
2123.00	11219.114
2124.00	11216.099
2125.00	11343.585
2126.00	11293.125
2127.00	11215.758
2128.00	11127.354
2129.00	11117.057
2130.00	11059.998
2131.00	11028.994
2132.00	11076.211
2133.00	10891.667
2134.00	10992.927
2135.00	11018.868
2136.00	10869.196
2137.00	10830.228
2138.00	10806.278
2139.00	10645.171
2140.00	10552.159
2141.00	10553.923
2142.00	10481.504
2143.00	10468.078
2144.00	10521.610
2145.00	10421.373
2146.00	10438.155
2147.00	10435.595
2148.00	10415.343
2149.00	10536.856
2150.00	10333.140
2151.00	10254.692
2152.00	10278.869
2153.00	10308.508
2154.00	10128.116
2155.00	10134.373
2156.00	10059.622
2157.00	10129.936
2158.00	10124.873
2159.00	10012.974
2160.00	10013.885
2161.00	10054.616
2162.00	9902.725
2163.00	9899.824
2164.00	9890.722
2165.00	9847.772
2166.00	9786.731
2167.00	9811.022
2168.00	9758.856
2169.00	9609.581
2170.00	9677.449
2171.00	9555.367
2172.00	9643.145
2173.00	9583.299
2174.00	9493.530
2175.00	9555.424
2176.00	9522.372
2177.00	9554.400
2178.00	9378.844
2179.00	9392.212
2180.00	9322.354
2181.00	9338.908
2182.00	9295.730
2183.00	9350.741
2184.00	9339.363
2185.00	9223.369
2186.00	9218.761
2187.00	9133.884
2188.00	9178.768
2189.00	9219.159
2190.00	9266.319
2191.00	9182.409
2192.00	9214.153
2193.00	9254.145
2194.00	9144.920
2195.00	9089.454
2196.00	8987.909
2197.00	9031.542
2198.00	8973.460
2199.00	8852.174
2200.00	8887.104
2201.00	8966.804
2202.00	8911.338
2203.00	8950.591
2204.00	8972.094
2205.00	8818.553
2206.00	8827.087
2207.00	8837.895
2208.00	8829.078
2209.00	8721.958
2210.00	8684.355
2211.00	8720.763
2212.00	8733.449
2213.00	8571.432
2214.00	8540.883
2215.00	8555.162
2216.00	8563.126
2217.00	8588.385
2218.00	8545.320
2219.00	8486.271
2220.00	8514.658
2221.00	8444.230
2222.00	8458.509
2223.00	8462.605
2224.00	8421.589
2225.00	8306.789
2226.00	8374.713
2227.00	8358.671
2228.00	8381.312
2229.00	8359.410
2230.00	8364.985
2231.00	8274.306
2232.00	8335.403
2233.00	8222.310
2234.00	8262.302
2235.00	8307.073
2236.00	8240.002
2237.00	8211.331
2238.00	8232.664
2239.00	8254.224
2240.00	8184.195
2241.00	8164.626
2242.00	8266.114
2243.00	8069.964
2244.00	8166.844
2245.00	8150.517
2246.00	8295.241
2247.00	8311.283
2248.00	8316.574
2249.00	8281.417
2250.00	8220.319
2251.00	8181.749
2252.00	8195.459
2253.00	8146.933
2254.00	8029.005
2255.00	8130.265
2256.00	8139.197
2257.00	8145.796
2258.00	8136.864
2259.00	8143.236
2260.00	8170.428
2261.00	8095.734
2262.00	8027.981
2263.00	8065.640
2264.00	8047.323
2265.00	7892.701
2266.00	8083.048
2267.00	8072.410
2268.00	8088.339
2269.00	8168.380
2270.00	8164.626
2271.00	8146.308
2272.00	8118.319
2273.00	8081.740
2274.00	8054.092
2275.00	8042.601
2276.00	8063.706
2277.00	8058.017
2278.00	8096.303
2279.00	8053.182
2280.00	8102.561
2281.00	8116.214
2282.00	8035.262
2283.00	7975.189
2284.00	7947.825
2285.00	7902.031
2286.00	7894.863
2287.00	7964.323
2288.00	7940.146
2289.00	8010.175
2290.00	7971.775
2291.00	7970.581
2292.00	8030.541
2293.00	8004.258
2294.00	8006.477
2295.00	8019.618
2296.00	8064.844
2297.00	7984.291
2298.00	7996.123
2299.00	7921.543
2300.00	7968.476
2301.00	7983.153
2302.00	7955.221
2303.00	7874.497
2304.00	7915.513
2305.00	7883.371
2306.00	7876.545
2307.00	7801.339
2308.00	7874.042
2309.00	7877.057
2310.00	7856.634
2311.00	7871.140
2312.00	7869.718
2313.00	7895.773
2314.00	7921.202
2315.00	7874.667
2316.00	7805.378
2317.00	7889.913
2318.00	7919.552
2319.00	7853.050
2320.00	7827.905
2321.00	7851.173
2322.00	7836.666
2323.00	7923.420
2324.00	7852.709
2325.00	7728.067
2326.00	7794.683
2327.00	7753.610
2328.00	7832.570
2329.00	7834.391
2330.00	7874.497
2331.00	7761.858
2332.00	7859.478
2333.00	7724.654
2334.00	7761.802
2335.00	7781.371
2336.00	7807.028
2337.00	7701.159
2338.00	7751.164
2339.00	7773.065
2340.00	7728.465
2341.00	7678.461
2342.00	7728.238
2343.00	7730.684
2344.00	7670.326
2345.00	7726.076
2346.00	7664.864
2347.00	7695.015
2348.00	7828.247
2349.00	7733.699
2350.00	7778.299
2351.00	7787.231
2352.00	7723.630
2353.00	7663.385
2354.00	7711.456
2355.00	7712.480
2356.00	7808.848
2357.00	7774.374
2358.00	7805.833
2359.00	7679.257
2360.00	7687.392
2361.00	7607.123
2362.00	7700.306
2363.00	7686.937
2364.00	7678.688
2365.00	7623.564
2366.00	7668.960
2367.00	7626.636
2368.00	7657.071
2369.00	7647.514
2370.00	7579.248
2371.00	7541.645
2372.00	7569.804
2373.00	7612.471
2374.00	7550.633
2375.00	7600.638
2376.00	7684.320
2377.00	7703.036
2378.00	7687.620
2379.00	7665.035
2380.00	7652.349
2381.00	7612.357
2382.00	7514.680
2383.00	7546.708
2384.00	7588.179
2385.00	7534.249
2386.00	7594.266
2387.00	7464.846
2388.00	7572.876
2389.00	7567.074
2390.00	7600.467
2391.00	7630.447
2392.00	7631.016
2393.00	7554.274
2394.00	7573.730
2395.00	7541.360
2396.00	7604.336
2397.00	7578.679
2398.00	7530.040
2399.00	7593.925
2400.00	7548.983
2401.00	7454.606
2402.00	7495.566
2403.00	7473.266
2404.00	7456.654
2405.00	7382.586
2406.00	7498.694
2407.00	7428.096
2408.00	7548.358
2409.00	7556.151
2410.00	7524.749
2411.00	7431.908
2412.00	7471.730
2413.00	7397.377
2414.00	7471.900
2415.00	7470.250
2416.00	7488.341
2417.00	7456.597
2418.00	7476.565
2419.00	7461.547
2420.00	7399.311
2421.00	7426.902
2422.00	7424.342
2423.00	7374.394
2424.00	7375.930
2425.00	7359.148
2426.00	7352.378
2427.00	7344.016
2428.00	7463.253
2429.00	7412.111
2430.00	7432.192
2431.00	7423.318
2432.00	7359.433
2433.00	7359.205
2434.00	7364.439
2435.00	7390.892
2436.00	7367.056
2437.00	7467.235
2438.00	7341.968
2439.00	7389.413
2440.00	7389.925
2441.00	7419.108
2442.00	7389.299
2443.00	7427.072
2444.00	7390.323
2445.00	7346.178
2446.00	7252.995
2447.00	7327.917
2448.00	7330.078
2449.00	7322.967
2450.00	7308.347
2451.00	7327.006
2452.00	7273.020
2453.00	7216.075
2454.00	7209.817
2455.00	7259.480
2456.00	7234.848
2457.00	7224.608
2458.00	7295.946
2459.00	7341.001
2460.00	7281.439
2461.00	7344.869
2462.00	7241.049
2463.00	7267.217
2464.00	7260.846
2465.00	7253.848
2466.00	7215.278
2467.00	7245.486
2468.00	7248.956
2469.00	7210.727
2470.00	7243.495
2471.00	7204.583
2472.00	7284.796
2473.00	7187.801
2474.00	7144.908
2475.00	7226.656
2476.00	7196.904
2477.00	7134.952
2478.00	7147.582
2479.00	7072.603
2480.00	7079.657
2481.00	7115.554
2482.00	7098.829
2483.00	7134.042
2484.00	7138.366
2485.00	7117.659
2486.00	7046.378
2487.00	7083.526
2488.00	7003.882
2489.00	7121.584
2490.00	7039.836
2491.00	7005.646
2492.00	6990.116
2493.00	6999.616
2494.00	6973.334
2495.00	7019.925
2496.00	7060.714
2497.00	7007.296
2498.00	7053.773
2499.00	6986.418
2500.00	6998.023
2501.00	6993.301
2502.00	6957.576
2503.00	6959.282
2504.00	7004.850
2505.00	6878.843
2506.00	6917.470
2507.00	6950.863
2508.00	6856.941
2509.00	6832.536
2510.00	6850.000
2511.00	6922.419
2512.00	6900.631
2513.00	6796.924
2514.00	6782.417
2515.00	6791.007
2516.00	6796.184
2517.00	6825.425
2518.00	6744.701
2519.00	6734.859
2520.00	6747.090
2521.00	6770.016
2522.00	6791.690
2523.00	6797.493
2524.00	6730.706
2525.00	6789.642
2526.00	6712.331
2527.00	6729.682
2528.00	6784.579
2529.00	6708.463
2530.00	6707.041
2531.00	6746.805
2532.00	6721.775
2533.00	6696.972
2534.00	6647.195
2535.00	6715.631
2536.00	6650.039
2537.00	6686.106
2538.00	6651.916
2539.00	6588.543
2540.00	6640.937
2541.00	6558.449
2542.00	6574.264
2543.00	6540.586
2544.00	6611.526
2545.00	6627.682
2546.00	6587.917
2547.00	6563.512
2548.00	6499.684
2549.00	6490.411
2550.00	6481.650
2551.00	6408.663
2552.00	6482.788
2553.00	6484.552
2554.00	6487.737
2555.00	6444.503
2556.00	6352.458
2557.00	6375.270
2558.00	6439.724
2559.00	6440.236
2560.00	6429.427
2561.00	6368.045
2562.00	6442.455
2563.00	6352.287
2564.00	6346.314
2565.00	6299.267
2566.00	6297.333
2567.00	6296.992
2568.00	6450.362
2569.00	6370.207
2570.00	6280.893
2571.00	6249.604
2572.00	6322.648
2573.00	6314.343
2574.00	6222.924
2575.00	6282.030
2576.00	6274.635
2577.00	6241.412
2578.00	6170.132
2579.00	6149.709
2580.00	6181.737
2581.00	6177.982
2582.00	6155.682
2583.00	6106.986
2584.00	6138.673
2585.00	6143.110
2586.00	6110.285
2587.00	6058.574
2588.00	6154.999
2589.00	6128.262
2590.00	6055.275
2591.00	6004.132
2592.00	6005.668
2593.00	6086.392
2594.00	6029.675
2595.00	5970.625
2596.00	5986.440
2597.00	5940.076
2598.00	5919.085
2599.00	5910.096
2600.00	5934.786
2601.00	5990.138
2602.00	5953.957
2603.00	5972.275
2604.00	6001.459
2605.00	5989.171
2606.00	5886.829
2607.00	5851.672
2608.00	5881.994
2609.00	5839.840
2610.00	5832.615
2611.00	5847.235
2612.00	5836.938
2613.00	5819.360
2614.00	5764.804
2615.00	5834.208
2616.00	5803.033
2617.00	5867.203
2618.00	5764.292
2619.00	5741.594
2620.00	5694.206
2621.00	5668.607
2622.00	5656.888
2623.00	5720.261
2624.00	5736.133
2625.00	5669.005
2626.00	5688.461
2627.00	5653.588
2628.00	5639.025
2629.00	5644.031
2630.00	5577.984
2631.00	5556.708
2632.00	5591.296
2633.00	5600.796
2634.00	5525.875
2635.00	5586.916
2636.00	5607.623
2637.00	5621.617
2638.00	5582.649
2639.00	5574.571
2640.00	5548.232
2641.00	5468.418
2642.00	5397.991
2643.00	5408.060
2644.00	5430.417
2645.00	5400.437
2646.00	5494.188
2647.00	5465.232
2648.00	5371.424
2649.00	5379.957
2650.00	5396.398
2651.00	5431.554
2652.00	5376.999
2653.00	5309.188
2654.00	5333.536
2655.00	5337.291
2656.00	5354.130
2657.00	5375.634
2658.00	5357.600
2659.00	5360.388
2660.00	5260.037
2661.00	5255.543
2662.00	5224.994
2663.00	5196.322
2664.00	5230.285
2665.00	5180.223
2666.00	5151.836
2667.00	5191.259
2668.00	5210.317
2669.00	5161.393
2670.00	5115.997
2671.00	5197.176
2672.00	5177.948
2673.00	5093.696
2674.00	5089.373
2675.00	5047.390
2676.00	5008.421
2677.00	5058.881
2678.00	5064.740
2679.00	5116.395
2680.00	5114.745
2681.00	5131.243
2682.00	5166.513
2683.00	5088.008
2684.00	5105.472
2685.00	5058.369
2686.00	5044.773
2687.00	5053.420
2688.00	5060.872
2689.00	5060.588
2690.00	5066.163
2691.00	5063.091
2692.00	5041.530
2693.00	5003.927
2694.00	4983.391
2695.00	4947.949
2696.00	4995.394
2697.00	4968.543
2698.00	4985.382
2699.00	4958.360
2700.00	5001.424
2701.00	5040.279
2702.00	5016.955
2703.00	4977.304
2704.00	5032.144
2705.00	4971.842
2706.00	4996.987
2707.00	4935.946
2708.00	4899.822
2709.00	4959.498
2710.00	4938.677
2711.00	5018.377
2712.00	4974.971
2713.00	4938.222
2714.00	4948.006
2715.00	4964.959
2716.00	4901.643
2717.00	4890.549
2718.00	4940.611
2719.00	4958.019
2720.00	4948.973
2721.00	4850.273
2722.00	4816.595
2723.00	4821.658
2724.00	4818.415
2725.00	4831.101
2726.00	4835.482
2727.00	4838.212
2728.00	4814.206
2729.00	4797.367
2730.00	4766.818
2731.00	4861.480
2732.00	4860.399
2733.00	4835.254
2734.00	4827.859
2735.00	4817.562
2736.00	4805.502
2737.00	4812.897
2738.00	4777.854
2739.00	4732.514
2740.00	4722.900
2741.00	4715.619
2742.00	4707.939
2743.00	4775.408
2744.00	4775.180
2745.00	4783.031
2746.00	4758.114
2747.00	4708.223
2748.00	4713.571
2749.00	4678.186
2750.00	4706.346
2751.00	4738.089
2752.00	4731.490
2753.00	4711.693
2754.00	4676.537
2755.00	4632.790
2756.00	4656.796
2757.00	4636.203
2758.00	4711.864
2759.00	4623.289
2760.00	4635.293
2761.00	4741.844
2762.00	4726.029
2763.00	4701.226
2764.00	4729.044
2765.00	4769.150
2766.00	4737.691
2767.00	4707.598
2768.00	4667.321
2769.00	4636.601
2770.00	4626.134
2771.00	4651.165
2772.00	4590.238
2773.00	4609.295
2774.00	4544.386
2775.00	4606.166
2776.00	4617.942
2777.00	4552.635
2778.00	4590.238
2779.00	4625.224
2780.00	4568.620
2781.00	4604.858
2782.00	4527.718
2783.00	4543.874
2784.00	4527.945
2785.00	4508.433
2786.00	4494.552
2787.00	4498.762
2788.00	4515.657
2789.00	4497.055
2790.00	4483.800
2791.00	4424.636
2792.00	4462.695
2793.00	4461.215
2794.00	4437.607
2795.00	4446.368
2796.00	4454.958
2797.00	4477.884
2798.00	4479.875
2799.00	4467.928
2800.00	4404.953
2801.00	4401.711
2802.00	4395.624
2803.00	4356.712
2804.00	4364.392
2805.00	4383.393
2806.00	4294.761
2807.00	4338.622
2808.00	4353.697
2809.00	4322.352
2810.00	4360.239
2811.00	4338.053
2812.00	4324.457
2813.00	4351.023
2814.00	4374.746
2815.00	4359.158
2816.00	4345.960
2817.00	4326.505
2818.00	4311.941
2819.00	4319.223
2820.00	4335.038
2821.00	4318.711
2822.00	4292.087
2823.00	4264.838
2824.00	4254.200
2825.00	4239.694
2826.00	4226.154
2827.00	4210.510
2828.00	4175.012
2829.00	4178.368
2830.00	4172.054
2831.00	4164.089
2832.00	4152.598
2833.00	4140.651
2834.00	4155.442
2835.00	4118.351
2836.00	4146.056
2837.00	4161.586
2838.00	4120.911
2839.00	4105.950
2840.00	4051.451
2841.00	4082.284
2842.00	4098.042
2843.00	4084.674
2844.00	4087.973
2845.00	4033.304
2846.00	4017.887
2847.00	4064.706
2848.00	4040.813
2849.00	3998.545
2850.00	4061.008
2851.00	4042.861
2852.00	4059.984
2853.00	4041.268
2854.00	4003.494
2855.00	4019.082
2856.00	3963.502
2857.00	4005.770
2858.00	3995.928
2859.00	4015.839
2860.00	3951.442
2861.00	3931.417
2862.00	3960.373
2863.00	3936.082
2864.00	3901.608
2865.00	3923.510
2866.00	3915.204
2867.00	3879.934
2868.00	3864.176
2869.00	3895.066
2870.00	3911.165
2871.00	3883.233
2872.00	3893.189
2873.00	3845.004
2874.00	3824.127
2875.00	3841.876
2876.00	3826.061
2877.00	3826.971
2878.00	3814.114
2879.00	3784.988
2880.00	3782.257
2881.00	3750.684
2882.00	3722.354
2883.00	3732.252
2884.00	3717.234
2885.00	3744.426
2886.00	3738.055
2887.00	3736.974
2888.00	3744.256
2889.00	3733.561
2890.00	3739.762
2891.00	3750.229
2892.00	3658.014
2893.00	3641.459
2894.00	3606.757
2895.00	3618.988
2896.00	3632.243
2897.00	3607.156
2898.00	3659.379
2899.00	3650.561
2900.00	3617.225
2901.00	3635.657
2902.00	3609.886
2903.00	3591.682
2904.00	3586.960
2905.00	3589.577
2906.00	3621.207
2907.00	3599.362
2908.00	3569.325
2909.00	3590.431
2910.00	3534.737
2911.00	3567.789
2912.00	3587.700
2913.00	3526.887
2914.00	3515.566
2915.00	3520.970
2916.00	3513.859
2917.00	3491.559
2918.00	3483.879
2919.00	3466.301
2920.00	3474.493
2921.00	3469.657
2922.00	3451.453
2923.00	3445.195
2924.00	3422.668
2925.00	3416.524
2926.00	3420.449
2927.00	3416.069
2928.00	3426.934
2929.00	3381.993
2930.00	3390.640
2931.00	3372.948
2932.00	3375.678
2933.00	3332.500
2934.00	3364.187
2935.00	3332.955
2936.00	3322.090
2937.00	3345.585
2938.00	3329.371
2939.00	3331.931
2940.00	3336.027
2941.00	3291.712
2942.00	3306.673
2943.00	3279.708
2944.00	3298.823
2945.00	3312.760
2946.00	3282.780
2947.00	3284.657
2948.00	3267.022
2949.00	3211.443
2950.00	3236.018
2951.00	3206.948
2952.00	3233.970
2953.00	3196.140
2954.00	3221.569
2955.00	3178.220
2956.00	3174.693
2957.00	3148.126
2958.00	3157.285
2959.00	3173.726
2960.00	3175.660
2961.00	3163.941
2962.00	3158.138
2963.00	3149.378
2964.00	3131.686
2965.00	3103.754
2966.00	3114.619
2967.00	3115.814
2968.00	3098.690
2969.00	3084.639
2970.00	3108.760
2971.00	3088.792
2972.00	3054.204
2973.00	3032.188
2974.00	3018.820
2975.00	3062.908
2976.00	3051.985
2977.00	3028.946
2978.00	3033.269
2979.00	3008.125
2980.00	3022.176
2981.00	3029.628
2982.00	3018.365
2983.00	3014.382
2984.00	3013.245
2985.00	2984.402
2986.00	2981.046
2987.00	2957.210
2988.00	2956.812
2989.00	2940.030
2990.00	2920.574
2991.00	2942.760
2992.00	2945.207
2993.00	2915.682
2994.00	2926.661
2995.00	2933.658
2996.00	2932.293
2997.00	2895.259
2998.00	2905.328
2999.00	2889.172
3000.00	2871.195
3001.00	2893.894
3002.00	2887.920
3003.00	2883.881
3004.00	2883.256
3005.00	2877.624
3006.00	2877.965
3007.00	2843.093
3008.00	2859.306
3009.00	2842.751
3010.00	2860.102
3011.00	2822.442
3012.00	2845.254
3013.00	2825.912
3014.00	2820.110
3015.00	2800.313
3016.00	2817.265
3017.00	2813.852
3018.00	2816.412
3019.00	2801.963
3020.00	2812.999
3021.00	2775.851
3022.00	2766.123
3023.00	2750.251
3024.00	2775.168
3025.00	2747.407
3026.00	2726.245
3027.00	2731.308
3028.00	2757.362
3029.00	2743.709
3030.00	2732.445
3031.00	2722.547
3032.00	2735.972
3033.00	2718.735
3034.00	2718.849
3035.00	2699.792
3036.00	2722.376
3037.00	2707.813
3038.00	2726.302
3039.00	2691.031
3040.00	2683.010
3041.00	2662.359
3042.00	2702.636
3043.00	2654.281
3044.00	2658.036
3045.00	2637.442
3046.00	2631.526
3047.00	2635.508
3048.00	2628.454
3049.00	2623.220
3050.00	2621.286
3051.00	2628.511
3052.00	2634.427
3053.00	2602.456
3054.00	2595.800
3055.00	2596.028
3056.00	2580.782
3057.00	2578.563
3058.00	2589.941
3059.00	2585.959
3060.00	2586.073
3061.00	2592.387
3062.00	2528.104
3063.00	2574.126
3064.00	2556.605
3065.00	2564.000
3066.00	2569.575
3067.00	2575.093
3068.00	2574.240
3069.00	2542.326
3070.00	2547.673
3071.00	2552.167
3072.00	2550.461
3073.00	2544.487
3074.00	2554.613
3075.00	2552.054
3076.00	2522.529
3077.00	2531.631
3078.00	2525.373
3079.00	2533.622
3080.00	2513.711
3081.00	2531.176
3082.00	2511.208
3083.00	2513.483
3084.00	2506.429
3085.00	2528.843
3086.00	2509.501
3087.00	2483.333
3088.00	2491.354
3089.00	2475.653
3090.00	2457.676
3091.00	2483.048
3092.00	2464.674
3093.00	2464.332
3094.00	2473.719
3095.00	2464.617
3096.00	2483.845
3097.00	2464.617
3098.00	2454.547
3099.00	2453.125
3100.00	2463.308
3101.00	2442.829
3102.00	2436.571
3103.00	2448.005
3104.00	2448.916
3105.00	2441.122
3106.00	2418.196
3107.00	2409.037
3108.00	2419.049
3109.00	2400.959
3110.00	2417.115
3111.00	2410.971
3112.00	2380.650
3113.00	2388.216
3114.00	2387.533
3115.00	2390.207
3116.00	2395.498
3117.00	2399.878
3118.00	2398.797
3119.00	2396.294
3120.00	2408.525
3121.00	2396.180
3122.00	2365.404
3123.00	2358.634
3124.00	2356.472
3125.00	2355.790
3126.00	2358.008
3127.00	2355.733
3128.00	2366.712
3129.00	2336.903
3130.00	2363.015
3131.00	2338.496
3132.00	2343.161
3133.00	2344.355
3134.00	2322.567
3135.00	2313.465
3136.00	2317.846
3137.00	2312.953
3138.00	2312.043
3139.00	2311.759
3140.00	2283.542
3141.00	2311.303
3142.00	2323.705
3143.00	2309.028
3144.00	2291.791
3145.00	2286.330
3146.00	2297.252
3147.00	2305.956
3148.00	2337.301
3149.00	2290.312
3150.00	2301.177
3151.00	2311.019
3152.00	2291.791
3153.00	2311.019
3154.00	2295.773
3155.00	2302.543
3156.00	2285.306
3157.00	2277.796
3158.00	2266.021
3159.00	2268.410
3160.00	2263.461
3161.00	2287.297
3162.00	2283.656
3163.00	2276.374
3164.00	2275.919
3165.00	2260.787
3166.00	2258.454
3167.00	2253.790
3168.00	2240.250
3169.00	2228.873
3170.00	2256.691
3171.00	2247.361
3172.00	2235.130
3173.00	2237.975
3174.00	2240.250
3175.00	2239.397
3176.00	2241.729
3177.00	2232.286
3178.00	2210.782
3179.00	2204.809
3180.00	2230.352
3181.00	2220.510
3182.00	2218.860
3183.00	2206.288
3184.00	2211.067
3185.00	2192.407
3186.00	2227.337
3187.00	2214.992
3188.00	2204.752
3189.00	2199.177
3190.00	2197.755
3191.00	2210.498
3192.00	2202.989
3193.00	2193.773
3194.00	2199.177
3195.00	2182.850
3196.00	2178.185
3197.00	2175.796
3198.00	2167.320
3199.00	2169.083
3200.00	2155.203
3201.00	2159.754
3202.00	2162.541
3203.00	2161.972
3204.00	2168.913
3205.00	2174.033
3206.00	2182.907
3207.00	2170.506
3208.00	2165.101
3209.00	2161.972
3210.00	2149.286
3211.00	2156.966
3212.00	2169.026
3213.00	2153.724
3214.00	2176.763
3215.00	2174.317
3216.00	2159.071
3217.00	2138.136
3218.00	2140.753
3219.00	2131.480
3220.00	2162.314
3221.00	2135.633
3222.00	2133.585
3223.00	2128.408
3224.00	2141.038
3225.00	2139.103
3226.00	2135.121
3227.00	2111.626
3228.00	2106.905
3229.00	2115.495
3230.00	2119.193
3231.00	2130.911
3232.00	2107.986
3233.00	2100.363
3234.00	2092.057
3235.00	2106.108
3236.00	2111.513
3237.00	2108.611
3238.00	2087.506
3239.00	2082.158
3240.00	2100.021
3241.00	2074.023
3242.00	2087.051
3243.00	2074.535
3244.00	2079.542
3245.00	2070.383
3246.00	2086.994
3247.00	2064.068
3248.00	2081.078
3249.00	2055.762
3250.00	2072.943
3251.00	2053.032
3252.00	2051.553
3253.00	2065.945
3254.00	2070.838
3255.00	2079.826
3256.00	2059.574
3257.00	2053.658
3258.00	2054.056
3259.00	2043.987
3260.00	2059.062
3261.00	2072.601
3262.00	2063.272
3263.00	2061.906
3264.00	2056.161
3265.00	2049.391
3266.00	2067.652
3267.00	2051.154
3268.00	2045.238
3269.00	2051.553
3270.00	2028.854
3271.00	2016.339
3272.00	2024.417
3273.00	2029.082
3274.00	2014.575
3275.00	2012.300
3276.00	2018.216
3277.00	2020.321
3278.00	2006.554
3279.00	1993.356
3280.00	2012.755
3281.00	2028.741
3282.00	2001.321
3283.00	2001.093
3284.00	1996.314
3285.00	2001.548
3286.00	1996.485
3287.00	1984.027
3288.00	2003.198
3289.00	1986.643
3290.00	1996.201
3291.00	2002.743
3292.00	1991.593
3293.00	1983.799
3294.00	1996.144
3295.00	1997.054
3296.00	1987.269
3297.00	1980.784
3298.00	1978.508
3299.00	1969.463
3300.00	1958.313
3301.00	1960.475
3302.00	1973.957
3303.00	1964.855
3304.00	1960.475
3305.00	1960.532
3306.00	1982.661
3307.00	1968.951
3308.00	1962.011
3309.00	1956.663
3310.00	1957.460
3311.00	1960.247
3312.00	1962.182
3313.00	1950.861
3314.00	1945.798
3315.00	1937.947
3316.00	1930.779
3317.00	1921.677
3318.00	1929.926
3319.00	1922.531
3320.00	1927.480
3321.00	1917.240
3322.00	1913.087
3323.00	1913.315
3324.00	1923.896
3325.00	1927.594
3326.00	1919.629
3327.00	1917.354
3328.00	1918.435
3329.00	1914.509
3330.00	1905.749
3331.00	1905.806
3332.00	1907.455
3333.00	1901.368
3334.00	1908.195
3335.00	1907.910
3336.00	1916.842
3337.00	1893.404
3338.00	1896.874
3339.00	1880.206
3340.00	1892.892
3341.00	1882.652
3342.00	1882.197
3343.00	1865.358
3344.00	1866.439
3345.00	1871.957
3346.00	1880.035
3347.00	1876.281
3348.00	1870.251
3349.00	1859.840
3350.00	1878.841
3351.00	1862.912
3352.00	1879.808
3353.00	1852.502
3354.00	1866.894
3355.00	1866.098
3356.00	1867.634
3357.00	1869.795
3358.00	1869.966
3359.00	1845.561
3360.00	1857.166
3361.00	1832.136
3362.00	1851.534
3363.00	1837.028
3364.00	1853.184
3365.00	1854.436
3366.00	1848.519
3367.00	1846.983
3368.00	1836.402
3369.00	1831.169
3370.00	1829.064
3371.00	1818.710
3372.00	1828.040
3373.00	1821.042
3374.00	1813.533
3375.00	1817.743
3376.00	1811.542
3377.00	1800.506
3378.00	1817.743
3379.00	1816.321
3380.00	1819.791
3381.00	1796.239
3382.00	1801.985
3383.00	1803.123
3384.00	1800.620
3385.00	1788.218
3386.00	1798.629
3387.00	1786.284
3388.00	1787.535
3389.00	1777.523
3390.00	1784.407
3391.00	1769.786
3392.00	1782.302
3393.00	1778.149
3394.00	1784.577
3395.00	1786.511
3396.00	1783.155
3397.00	1780.766
3398.00	1793.338
3399.00	1784.008
3400.00	1794.817
3401.00	1758.295
3402.00	1758.124
3403.00	1772.289
3404.00	1753.004
3405.00	1767.340
3406.00	1757.157
3407.00	1767.909
3408.00	1759.717
3409.00	1752.834
3410.00	1753.858
3411.00	1745.609
3412.00	1754.085
3413.00	1726.665
3414.00	1744.528
3415.00	1751.355
3416.00	1740.773
3417.00	1727.917
3418.00	1738.043
3419.00	1743.390
3420.00	1728.998
3421.00	1714.832
3422.00	1722.967
3423.00	1729.453
3424.00	1731.842
3425.00	1721.432
3426.00	1711.305
3427.00	1718.587
3428.00	1717.904
3429.00	1722.342
3430.00	1716.198
3431.00	1732.695
3432.00	1712.386
3433.00	1718.303
3434.00	1717.961
3435.00	1706.129
3436.00	1715.515
3437.00	1688.152
3438.00	1708.973
3439.00	1701.066
3440.00	1705.218
3441.00	1701.350
3442.00	1702.374
3443.00	1697.254
3444.00	1689.290
3445.00	1660.618
3446.00	1683.203
3447.00	1686.502
3448.00	1680.643
3449.00	1680.472
3450.00	1670.631
3451.00	1669.663
3452.00	1688.607
3453.00	1681.269
3454.00	1670.858
3455.00	1659.651
3456.00	1666.535
3457.00	1662.211
3458.00	1669.891
3459.00	1661.130
3460.00	1682.918
3461.00	1665.112
3462.00	1661.813
3463.00	1633.426
3464.00	1667.217
3465.00	1652.654
3466.00	1647.306
3467.00	1643.666
3468.00	1635.132
3469.00	1633.596
3470.00	1652.711
3471.00	1638.204
3472.00	1637.863
3473.00	1640.878
3474.00	1648.387
3475.00	1630.866
3476.00	1635.474
3477.00	1628.192
3478.00	1617.099
3479.00	1603.048
3480.00	1624.381
3481.00	1638.034
3482.00	1616.189
3483.00	1608.850
3484.00	1630.866
3485.00	1612.548
3486.00	1610.102
3487.00	1609.590
3488.00	1635.189
3489.00	1603.844
3490.00	1608.736
3491.00	1596.392
3492.00	1609.817
3493.00	1586.721
3494.00	1604.128
3495.00	1598.838
3496.00	1605.551
3497.00	1600.203
3498.00	1594.685
3499.00	1592.751
3500.00	1591.442
3501.00	1588.370
3502.00	1595.937
3503.00	1588.541
3504.00	1584.673
3505.00	1579.268
3506.00	1594.230
3507.00	1583.080
3508.00	1572.783
3509.00	1570.337
3510.00	1578.472
3511.00	1572.897
3512.00	1585.128
3513.00	1575.514
3514.00	1571.645
3515.00	1563.738
3516.00	1566.184
3517.00	1548.264
3518.00	1576.367
3519.00	1558.959
3520.00	1555.717
3521.00	1547.980
3522.00	1561.974
3523.00	1542.462
3524.00	1570.109
3525.00	1575.684
3526.00	1568.573
3527.00	1552.417
3528.00	1559.926
3529.00	1531.994
3530.00	1535.408
3531.00	1530.458
3532.00	1556.741
3533.00	1547.809
3534.00	1529.946
3535.00	1560.325
3536.00	1536.659
3537.00	1533.473
3538.00	1539.561
3539.00	1528.240
3540.00	1542.120
3541.00	1524.940
3542.00	1532.506
3543.00	1517.317
3544.00	1536.090
3545.00	1533.360
3546.00	1528.297
3547.00	1516.350
3548.00	1530.288
3549.00	1517.488
3550.00	1520.332
3551.00	1522.039
3552.00	1537.057
3553.00	1515.042
3554.00	1521.072
3555.00	1521.413
3556.00	1514.985
3557.00	1523.746
3558.00	1519.593
3559.00	1525.168
3560.00	1502.413
3561.00	1506.338
3562.00	1509.069
3563.00	1514.587
3564.00	1504.574
3565.00	1505.826
3566.00	1515.895
3567.00	1496.382
3568.00	1510.377
3569.00	1498.146
3570.00	1501.218
3571.00	1494.790
3572.00	1505.997
3573.00	1493.367
3574.00	1487.792
3575.00	1486.143
3576.00	1497.862
3577.00	1496.326
3578.00	1491.092
3579.00	1481.592
3580.00	1481.592
3581.00	1476.415
3582.00	1488.134
3583.00	1477.382
3584.00	1480.169
3585.00	1481.990
3586.00	1482.047
3587.00	1485.346
3588.00	1476.472
3589.00	1480.283
3590.00	1467.313
3591.00	1469.418
3592.00	1471.352
3593.00	1454.570
3594.00	1472.945
3595.00	1467.483
3596.00	1475.334
3597.00	1458.495
3598.00	1473.684
3599.00	1461.112
3600.00	1454.456
3601.00	1459.860
3602.00	1459.121
3603.00	1460.145
3604.00	1455.025
3605.00	1461.681
3606.00	1463.558
3607.00	1457.642
3608.00	1461.169
3609.00	1453.432
3610.00	1454.399
3611.00	1441.542
3612.00	1438.186
3613.00	1456.902
3614.00	1459.292
3615.00	1445.183
3616.00	1463.046
3617.00	1448.767
3618.00	1427.889
3619.00	1450.360
3620.00	1448.369
3621.00	1442.965
3622.00	1451.669
3623.00	1441.144
3624.00	1443.534
3625.00	1447.857
3626.00	1456.220
3627.00	1435.057
3628.00	1437.560
3629.00	1420.778
3630.00	1433.351
3631.00	1440.006
3632.00	1442.566
3633.00	1435.057
3634.00	1446.492
3635.00	1419.185
3636.00	1435.967
3637.00	1422.428
3638.00	1433.123
3639.00	1425.216
3640.00	1431.246
3641.00	1426.808
3642.00	1425.614
3643.00	1416.057
3644.00	1433.180
3645.00	1414.521
3646.00	1422.030
3647.00	1410.766
